%!PS
%%BoundingBox: -134 -52 134 52 
%%HiResBoundingBox: -133.34923 -51.65494 133.70667 51.59415 
%%Creator: MetaPost 1.209
%%CreationDate: 2018.11.10:1625
%%Pages: 1
%%BeginProlog
%%EndProlog
%%Page: 1 1
 0 0 0 setrgbcolor 0 0.33333 dtransform truncate idtransform setlinewidth pop
 [] 0 setdash 1 setlinecap 1 setlinejoin 10 setmiterlimit
newpath -0.64 -45.23 moveto
-0.21 -45.57 0.75 -46.14 1.95 -47.2 curveto
3.15 -48.26 4.97 -47.25 6.55 -46.77 curveto
8.13 -46.29 10.82 -44.99 12.02 -44.37 curveto
13.22 -43.75 16.82 -42.17 17.78 -41.69 curveto
18.74 -41.21 22.78 -39.82 24.08 -39.43 curveto
25.37 -39.05 30.27 -36.84 31.76 -36.6 curveto
33.25 -36.35 37.23 -33.86 39.2 -33.24 curveto
41.16 -32.61 47.16 -32.28 50.04 -32.28 curveto
52.92 -32.29 54.41 -33.77 55.56 -34.16 curveto
56.71 -34.54 60.36 -34.97 63.67 -35.73 curveto
66.98 -36.5 72.31 -34.24 73.13 -34.2 curveto
73.94 -34.15 80.85 -31.65 82.39 -31.17 curveto
83.92 -30.69 86.71 -29.64 87.76 -28.68 curveto
88.82 -27.72 91.94 -26.52 92.9 -25.99 curveto
93.86 -25.46 95.73 -26.8 97.03 -28.44 curveto stroke
 0 0 1 setrgbcolor 0 0.23332 dtransform truncate idtransform setlinewidth pop
newpath -0.64 -45.23 moveto
-0.21 -45.57 0.75 -46.14 1.95 -47.2 curveto
3.15 -48.26 4.97 -47.25 6.55 -46.77 curveto
8.13 -46.29 10.82 -44.99 12.02 -44.37 curveto
13.22 -43.75 16.82 -42.17 17.78 -41.69 curveto
18.74 -41.21 22.78 -39.82 24.08 -39.43 curveto
25.37 -39.05 30.27 -36.84 31.76 -36.6 curveto
33.25 -36.35 37.23 -33.86 39.2 -33.24 curveto
41.16 -32.61 47.16 -32.28 50.04 -32.28 curveto
52.92 -32.29 54.41 -33.77 55.56 -34.16 curveto
56.71 -34.54 60.36 -34.97 63.67 -35.73 curveto
66.98 -36.5 72.31 -34.24 73.13 -34.2 curveto
73.94 -34.15 80.85 -31.65 82.39 -31.17 curveto
83.92 -30.69 86.71 -29.64 87.76 -28.68 curveto
88.82 -27.72 91.94 -26.52 92.9 -25.99 curveto
93.86 -25.46 95.73 -26.8 97.03 -28.44 curveto stroke
 1 0 0 setrgbcolor
newpath -0.64 -45.24 moveto
-0.21 -45.58 0.75 -46.16 1.95 -47.21 curveto
3.15 -48.27 4.97 -47.26 6.56 -46.78 curveto
8.14 -46.3 10.83 -45 12.03 -44.38 curveto
13.23 -43.75 16.83 -42.17 17.79 -41.69 curveto
18.75 -41.21 22.78 -39.82 24.08 -39.43 curveto
25.37 -39.05 30.27 -36.84 31.76 -36.6 curveto
33.24 -36.36 37.23 -33.87 39.2 -33.24 curveto
41.16 -32.62 47.16 -32.28 50.04 -32.28 curveto
52.92 -32.28 54.41 -33.77 55.56 -34.15 curveto
56.72 -34.54 60.36 -34.97 63.68 -35.74 curveto
66.99 -36.51 72.31 -34.25 73.13 -34.2 curveto
73.95 -34.15 80.86 -31.66 82.39 -31.18 curveto
83.93 -30.7 86.71 -29.64 87.77 -28.68 curveto
88.83 -27.72 91.95 -26.52 92.91 -25.99 curveto
93.87 -25.47 95.74 -26.81 97.03 -28.44 curveto stroke
 0 0 0 setrgbcolor 0 0.33333 dtransform truncate idtransform setlinewidth pop
newpath 104.71 -26.85 moveto
104.66 -26.18 101.63 -22.39 99.57 -20.95 curveto
97.51 -19.51 93.76 -19.8 92.23 -19.85 curveto
90.69 -19.89 82.53 -21.72 81.24 -22.34 curveto
79.94 -22.97 72.84 -25.75 71.93 -26.23 curveto
71.01 -26.71 66.74 -25.08 65.39 -24.31 curveto
64.05 -23.55 60.55 -22.06 59.83 -21.82 curveto
59.11 -21.59 53.4 -22.16 51.86 -22.55 curveto
50.33 -22.93 41.89 -22.11 40.16 -22.2 curveto
38.43 -22.29 32.82 -24.45 31.71 -25.12 curveto
30.61 -25.79 23.31 -28.77 22.25 -29.4 curveto
21.19 -30.02 14.23 -33.43 13.56 -33.62 curveto
12.89 -33.82 10.01 -34.78 9.34 -35.26 curveto stroke
 0 0 1 setrgbcolor 0 0.23332 dtransform truncate idtransform setlinewidth pop
newpath 104.71 -26.85 moveto
104.66 -26.18 101.63 -22.39 99.57 -20.95 curveto
97.51 -19.51 93.76 -19.8 92.23 -19.85 curveto
90.69 -19.89 82.53 -21.72 81.24 -22.34 curveto
79.94 -22.97 72.84 -25.75 71.93 -26.23 curveto
71.01 -26.71 66.74 -25.08 65.39 -24.31 curveto
64.05 -23.55 60.55 -22.06 59.83 -21.82 curveto
59.11 -21.59 53.4 -22.16 51.86 -22.55 curveto
50.33 -22.93 41.89 -22.11 40.16 -22.2 curveto
38.43 -22.29 32.82 -24.45 31.71 -25.12 curveto
30.61 -25.79 23.31 -28.77 22.25 -29.4 curveto
21.19 -30.02 14.23 -33.43 13.56 -33.62 curveto
12.89 -33.82 10.01 -34.78 9.34 -35.26 curveto stroke
 1 0 0 setrgbcolor
newpath 104.71 -26.86 moveto
104.67 -26.18 101.64 -22.39 99.58 -20.95 curveto
97.51 -19.51 93.77 -19.8 92.23 -19.85 curveto
90.7 -19.9 82.54 -21.72 81.24 -22.35 curveto
79.95 -22.97 72.84 -25.75 71.93 -26.23 curveto
71.02 -26.71 66.75 -25.08 65.4 -24.31 curveto
64.06 -23.55 60.55 -22.06 59.83 -21.82 curveto
59.11 -21.58 53.4 -22.15 51.87 -22.54 curveto
50.33 -22.92 41.88 -22.11 40.16 -22.2 curveto
38.43 -22.3 32.81 -24.46 31.71 -25.13 curveto
30.6 -25.8 23.31 -28.78 22.25 -29.4 curveto
21.2 -30.03 14.24 -33.44 13.56 -33.63 curveto
12.89 -33.82 10.01 -34.78 9.34 -35.26 curveto stroke
 0 0 0 setrgbcolor 0 0.33333 dtransform truncate idtransform setlinewidth pop
newpath 9.34 -35.26 moveto
9.34 -35.26 8.86 -34.3 8.86 -33.58 curveto
8.86 -32.86 8.86 -31.9 8.38 -31.37 curveto
7.91 -30.84 6.66 -30.79 5.56 -30.74 curveto
4.45 -30.7 -0.88 -30.69 -1.65 -30.5 curveto
-2.42 -30.31 -5.69 -30.36 -6.5 -30.26 curveto
-7.32 -30.17 -10.39 -30.17 -11.6 -29.26 curveto
-12.8 -28.35 -14.62 -26.96 -16.45 -26.96 curveto
-18.27 -26.96 -19.8 -27.16 -20.43 -26.82 curveto
-21.05 -26.48 -23.45 -25.43 -23.88 -25.14 curveto
-24.31 -24.85 -27 -23.22 -29.45 -23.8 curveto
-31.89 -24.37 -36.6 -26.1 -38.23 -26.38 curveto
-39.86 -26.67 -46.92 -28.54 -48.4 -29.07 curveto
-49.89 -29.6 -56.37 -31.8 -58.53 -31.71 curveto
-60.69 -31.61 -64.87 -31.51 -66.26 -31.27 curveto
-67.65 -31.03 -72.26 -30.84 -74.23 -30.7 curveto
-76.19 -30.55 -79.27 -30.51 -81.62 -30.51 curveto
-83.97 -30.51 -90.16 -31.13 -90.78 -31.27 curveto
-91.41 -31.42 -94.29 -31.8 -95.44 -30.65 curveto
-96.59 -29.5 -97.89 -27.43 -98.37 -26.47 curveto
-98.85 -25.51 -99.33 -24.75 -99.95 -24.51 curveto
-100.58 -24.27 -101.2 -23.98 -101.2 -23.5 curveto
-101.2 -23.02 -101.16 -22.16 -101.16 -22.16 curveto
-101.16 -22.16 -99.82 -21.25 -98.71 -20.77 curveto
-97.61 -20.29 -93.63 -17.99 -92.71 -17.51 curveto
-91.8 -17.03 -88.2 -14.68 -87.14 -14.11 curveto
-86.09 -13.53 -80.03 -10.08 -78.83 -9.55 curveto
-77.63 -9.02 -72.4 -5.99 -72.2 -4.98 curveto
-72.01 -3.97 -71.68 -3.56 -71.85 -2.84 curveto
-72.01 -2.12 -72.09 -1.92 -72.35 -1.69 curveto
-72.57 -1.5 -72.78 -1.64 -72.81 -1.45 curveto
-72.83 -1.26 -72.52 -1.07 -72.35 -0.9 curveto
-72.18 -0.73 -70.86 0.11 -70.31 0.37 curveto
-69.76 0.64 -68.03 1.45 -67.31 1.67 curveto
-66.59 1.89 -63.73 2.73 -63.11 2.99 curveto
-62.48 3.26 -57.8 5.83 -56.58 6.19 curveto
-55.36 6.55 -52.07 6.93 -50.85 6.93 curveto
-49.62 6.93 -46.94 6.81 -45.47 7.14 curveto
-44.01 7.48 -40.74 9.49 -39.98 9.97 curveto
-39.21 10.45 -36.52 11.53 -35.47 11.77 curveto
-34.41 12.01 -31.17 12.52 -30.59 12.59 curveto
-30.02 12.66 -28.77 12.87 -28.58 12.83 curveto stroke
 0 0 1 setrgbcolor 0 0.23332 dtransform truncate idtransform setlinewidth pop
newpath 9.34 -35.26 moveto
9.34 -35.26 8.86 -34.3 8.86 -33.58 curveto
8.86 -32.86 8.86 -31.9 8.38 -31.37 curveto
7.91 -30.84 6.66 -30.79 5.56 -30.74 curveto
4.45 -30.7 -0.88 -30.69 -1.65 -30.5 curveto
-2.42 -30.31 -5.69 -30.36 -6.5 -30.26 curveto
-7.32 -30.17 -10.39 -30.17 -11.6 -29.26 curveto
-12.8 -28.35 -14.62 -26.96 -16.45 -26.96 curveto
-18.27 -26.96 -19.8 -27.16 -20.43 -26.82 curveto
-21.05 -26.48 -23.45 -25.43 -23.88 -25.14 curveto
-24.31 -24.85 -27 -23.22 -29.45 -23.8 curveto
-31.89 -24.37 -36.6 -26.1 -38.23 -26.38 curveto
-39.86 -26.67 -46.92 -28.54 -48.4 -29.07 curveto
-49.89 -29.6 -56.37 -31.8 -58.53 -31.71 curveto
-60.69 -31.61 -64.87 -31.51 -66.26 -31.27 curveto
-67.65 -31.03 -72.26 -30.84 -74.23 -30.7 curveto
-76.19 -30.55 -79.27 -30.51 -81.62 -30.51 curveto
-83.97 -30.51 -90.16 -31.13 -90.78 -31.27 curveto
-91.41 -31.42 -94.29 -31.8 -95.44 -30.65 curveto
-96.59 -29.5 -97.89 -27.43 -98.37 -26.47 curveto
-98.85 -25.51 -99.33 -24.75 -99.95 -24.51 curveto
-100.58 -24.27 -101.2 -23.98 -101.2 -23.5 curveto
-101.2 -23.02 -101.16 -22.16 -101.16 -22.16 curveto
-101.16 -22.16 -99.82 -21.25 -98.71 -20.77 curveto
-97.61 -20.29 -93.63 -17.99 -92.71 -17.51 curveto
-91.8 -17.03 -88.2 -14.68 -87.14 -14.11 curveto
-86.09 -13.53 -80.03 -10.08 -78.83 -9.55 curveto
-77.63 -9.02 -72.4 -5.99 -72.2 -4.98 curveto
-72.01 -3.97 -71.68 -3.56 -71.85 -2.84 curveto
-72.01 -2.12 -72.09 -1.92 -72.35 -1.69 curveto
-72.57 -1.5 -72.78 -1.64 -72.81 -1.45 curveto
-72.83 -1.26 -72.52 -1.07 -72.35 -0.9 curveto
-72.18 -0.73 -70.86 0.11 -70.31 0.37 curveto
-69.76 0.64 -68.03 1.45 -67.31 1.67 curveto
-66.59 1.89 -63.73 2.73 -63.11 2.99 curveto
-62.48 3.26 -57.8 5.83 -56.58 6.19 curveto
-55.36 6.55 -52.07 6.93 -50.85 6.93 curveto
-49.62 6.93 -46.94 6.81 -45.47 7.14 curveto
-44.01 7.48 -40.74 9.49 -39.98 9.97 curveto
-39.21 10.45 -36.52 11.53 -35.47 11.77 curveto
-34.41 12.01 -31.17 12.52 -30.59 12.59 curveto
-30.02 12.66 -28.77 12.87 -28.58 12.83 curveto stroke
 1 0 0 setrgbcolor
newpath 9.34 -35.26 moveto
9.34 -35.26 8.86 -34.3 8.86 -33.58 curveto
8.86 -32.86 8.86 -31.9 8.38 -31.37 curveto
7.9 -30.84 6.65 -30.8 5.55 -30.75 curveto
4.44 -30.7 -0.88 -30.7 -1.65 -30.51 curveto
-2.42 -30.32 -5.68 -30.36 -6.5 -30.27 curveto
-7.32 -30.17 -10.39 -30.17 -11.59 -29.26 curveto
-12.79 -28.35 -14.61 -26.96 -16.44 -26.96 curveto
-18.26 -26.96 -19.8 -27.15 -20.42 -26.81 curveto
-21.04 -26.48 -23.44 -25.42 -23.88 -25.13 curveto
-24.31 -24.84 -27 -23.21 -29.44 -23.79 curveto
-31.89 -24.36 -36.59 -26.09 -38.23 -26.38 curveto
-39.86 -26.67 -46.91 -28.54 -48.4 -29.07 curveto
-49.89 -29.6 -56.37 -31.81 -58.53 -31.71 curveto
-60.69 -31.61 -64.87 -31.52 -66.26 -31.28 curveto
-67.65 -31.04 -72.26 -30.85 -74.23 -30.7 curveto
-76.19 -30.56 -79.27 -30.51 -81.62 -30.51 curveto
-83.97 -30.51 -90.16 -31.13 -90.79 -31.28 curveto
-91.41 -31.42 -94.29 -31.81 -95.44 -30.65 curveto
-96.59 -29.5 -97.89 -27.44 -98.37 -26.48 curveto
-98.85 -25.52 -99.33 -24.75 -99.95 -24.51 curveto
-100.58 -24.27 -101.2 -23.98 -101.2 -23.5 curveto
-101.2 -23.02 -101.15 -22.16 -101.15 -22.16 curveto
-101.15 -22.16 -99.81 -21.25 -98.71 -20.77 curveto
-97.6 -20.29 -93.62 -17.98 -92.71 -17.5 curveto
-91.79 -17.02 -88.19 -14.67 -87.14 -14.09 curveto
-86.08 -13.52 -80.03 -10.06 -78.83 -9.53 curveto
-77.63 -9.01 -72.4 -5.98 -72.21 -4.97 curveto
-72.02 -3.97 -71.68 -3.56 -71.85 -2.84 curveto
-72.02 -2.12 -72.1 -1.91 -72.35 -1.69 curveto
-72.57 -1.49 -72.79 -1.64 -72.81 -1.45 curveto
-72.83 -1.25 -72.52 -1.06 -72.35 -0.89 curveto
-72.19 -0.73 -70.87 0.11 -70.31 0.38 curveto
-69.76 0.64 -68.03 1.46 -67.31 1.67 curveto
-66.59 1.89 -63.74 2.73 -63.12 2.99 curveto
-62.49 3.26 -57.81 5.83 -56.59 6.19 curveto
-55.36 6.55 -52.08 6.93 -50.85 6.93 curveto
-49.63 6.93 -46.94 6.81 -45.48 7.15 curveto
-44.01 7.48 -40.75 9.5 -39.98 9.98 curveto
-39.21 10.46 -36.52 11.54 -35.47 11.78 curveto
-34.41 12.02 -31.17 12.52 -30.6 12.59 curveto
-30.02 12.67 -28.77 12.88 -28.58 12.83 curveto stroke
 0 0 0 setrgbcolor 0 0.33333 dtransform truncate idtransform setlinewidth pop
newpath -28.58 12.83 moveto
-28.36 12.66 -26.61 12.3 -25.65 12.13 curveto
-24.69 11.96 -21.81 12.08 -20.78 11.99 curveto
-19.75 11.89 -16.67 11.46 -16.03 11.56 curveto
-15.38 11.65 -13.87 11.85 -12.33 12.45 curveto
-10.79 13.05 -7.12 14.15 -6.45 14.35 curveto
-5.78 14.54 -0.21 15.79 0.46 15.98 curveto
1.13 16.17 8.62 18.65 9.55 18.84 curveto
10.49 19.03 17.78 20.8 18.62 21.14 curveto
19.46 21.47 26.95 23.7 27.6 24.04 curveto
28.25 24.37 31.68 25.74 32.96 25.65 curveto
34.23 25.55 36.63 25.36 38.26 25.05 curveto
39.89 24.74 43.68 23.93 44.31 23.88 curveto
44.93 23.84 47.88 23.89 48.29 23.67 curveto
48.7 23.45 49.63 22.59 50.09 21.77 curveto
50.55 20.96 51.44 19.23 51.44 19.23 curveto stroke
 0 0 1 setrgbcolor 0 0.23332 dtransform truncate idtransform setlinewidth pop
newpath -28.58 12.83 moveto
-28.36 12.66 -26.61 12.3 -25.65 12.13 curveto
-24.69 11.96 -21.81 12.08 -20.78 11.99 curveto
-19.75 11.89 -16.67 11.46 -16.03 11.56 curveto
-15.38 11.65 -13.87 11.85 -12.33 12.45 curveto
-10.79 13.05 -7.12 14.15 -6.45 14.35 curveto
-5.78 14.54 -0.21 15.79 0.46 15.98 curveto
1.13 16.17 8.62 18.65 9.55 18.84 curveto
10.49 19.03 17.78 20.8 18.62 21.14 curveto
19.46 21.47 26.95 23.7 27.6 24.04 curveto
28.25 24.37 31.68 25.74 32.96 25.65 curveto
34.23 25.55 36.63 25.36 38.26 25.05 curveto
39.89 24.74 43.68 23.93 44.31 23.88 curveto
44.93 23.84 47.88 23.89 48.29 23.67 curveto
48.7 23.45 49.63 22.59 50.09 21.77 curveto
50.55 20.96 51.44 19.23 51.44 19.23 curveto stroke
 1 0 0 setrgbcolor
newpath -28.58 12.83 moveto
-28.36 12.67 -26.61 12.31 -25.65 12.14 curveto
-24.69 11.97 -21.81 12.09 -20.78 11.99 curveto
-19.75 11.9 -16.68 11.47 -16.03 11.56 curveto
-15.38 11.66 -13.87 11.85 -12.33 12.45 curveto
-10.8 13.05 -7.12 14.16 -6.45 14.35 curveto
-5.78 14.54 -0.21 15.79 0.46 15.98 curveto
1.13 16.17 8.62 18.64 9.55 18.84 curveto
10.49 19.03 17.79 20.8 18.63 21.14 curveto
19.47 21.48 26.95 23.71 27.6 24.04 curveto
28.25 24.38 31.68 25.75 32.95 25.65 curveto
34.23 25.56 36.63 25.36 38.26 25.05 curveto
39.89 24.74 43.68 23.92 44.31 23.88 curveto
44.93 23.83 47.88 23.88 48.29 23.66 curveto
48.7 23.44 49.63 22.58 50.09 21.76 curveto
50.55 20.95 51.43 19.22 51.43 19.22 curveto stroke
 0 0 0 setrgbcolor 0 0.33333 dtransform truncate idtransform setlinewidth pop
newpath 59.09 21.8 moveto
58.97 22.25 58.03 25.66 58.1 26.43 curveto
58.17 27.19 58.03 29.28 58.34 30 curveto
58.65 30.72 60.55 33.5 61.56 34 curveto
62.57 34.51 65.98 35.92 66.34 36.12 curveto
66.7 36.31 70.69 38.51 71.38 38.47 curveto
72.08 38.42 75.01 38.11 75.49 37.65 curveto
75.97 37.19 78.01 35.47 78.34 34.96 curveto
78.68 34.46 81.99 31.6 82.71 31.15 curveto
83.43 30.69 87.51 28.46 89.34 28.34 curveto
91.16 28.22 94.86 28.7 95.53 28.8 curveto
96.2 28.89 99.13 29.37 100.28 29.61 curveto
101.43 29.85 106.09 31.13 106.64 31.3 curveto
107.19 31.46 113 32.93 113.84 33.48 curveto
114.68 34.03 117.51 35.69 118.01 35.91 curveto
118.52 36.12 120.92 36.65 121.83 36.7 curveto
122.74 36.74 125.24 36.93 126.75 37.51 curveto
128.26 38.08 130.69 38.92 131.19 39.55 curveto
131.69 40.18 132.41 41.69 132.63 42.19 curveto
132.84 42.7 133.06 42.96 133.54 43.13 curveto stroke
 0 0 1 setrgbcolor 0 0.23332 dtransform truncate idtransform setlinewidth pop
newpath 59.09 21.8 moveto
58.97 22.25 58.03 25.66 58.1 26.43 curveto
58.17 27.19 58.03 29.28 58.34 30 curveto
58.65 30.72 60.55 33.5 61.56 34 curveto
62.57 34.51 65.98 35.92 66.34 36.12 curveto
66.7 36.31 70.69 38.51 71.38 38.47 curveto
72.08 38.42 75.01 38.11 75.49 37.65 curveto
75.97 37.19 78.01 35.47 78.34 34.96 curveto
78.68 34.46 81.99 31.6 82.71 31.15 curveto
83.43 30.69 87.51 28.46 89.34 28.34 curveto
91.16 28.22 94.86 28.7 95.53 28.8 curveto
96.2 28.89 99.13 29.37 100.28 29.61 curveto
101.43 29.85 106.09 31.13 106.64 31.3 curveto
107.19 31.46 113 32.93 113.84 33.48 curveto
114.68 34.03 117.51 35.69 118.01 35.91 curveto
118.52 36.12 120.92 36.65 121.83 36.7 curveto
122.74 36.74 125.24 36.93 126.75 37.51 curveto
128.26 38.08 130.69 38.92 131.19 39.55 curveto
131.69 40.18 132.41 41.69 132.63 42.19 curveto
132.84 42.7 133.06 42.96 133.54 43.13 curveto stroke
 1 0 0 setrgbcolor
newpath 59.09 21.79 moveto
58.97 22.24 58.03 25.65 58.11 26.42 curveto
58.18 27.19 58.03 29.28 58.35 30 curveto
58.66 30.72 60.55 33.5 61.56 34 curveto
62.57 34.51 65.98 35.92 66.34 36.12 curveto
66.7 36.31 70.68 38.52 71.38 38.47 curveto
72.07 38.42 75 38.11 75.48 37.65 curveto
75.96 37.2 78 35.47 78.34 34.97 curveto
78.67 34.46 81.98 31.61 82.7 31.15 curveto
83.42 30.69 87.5 28.46 89.33 28.34 curveto
91.15 28.22 94.85 28.7 95.52 28.8 curveto
96.19 28.89 99.12 29.37 100.27 29.61 curveto
101.42 29.85 106.08 31.13 106.63 31.29 curveto
107.18 31.46 112.99 32.93 113.83 33.48 curveto
114.67 34.03 117.5 35.69 118.01 35.9 curveto
118.51 36.12 120.91 36.65 121.82 36.69 curveto
122.74 36.74 125.23 36.93 126.74 37.51 curveto
128.26 38.09 130.68 38.93 131.18 39.55 curveto
131.69 40.17 132.41 41.69 132.62 42.19 curveto
132.84 42.69 133.06 42.96 133.54 43.13 curveto stroke
 0 0 0 setrgbcolor 0 0.33333 dtransform truncate idtransform setlinewidth pop
newpath 133.39 45.41 moveto
132.63 45.17 130.85 45.29 130.42 45.29 curveto
129.99 45.29 126.77 45.19 126.43 45.05 curveto
126.1 44.91 124.49 44.4 123.84 43.97 curveto
123.2 43.54 120.17 42.12 119.64 41.83 curveto
119.12 41.54 115.16 40.49 114.37 40.22 curveto
113.57 39.96 108.61 38.4 107.93 38.33 curveto
107.26 38.25 102.94 38.18 102.65 38.18 curveto
102.37 38.18 98.94 38.97 97.88 39.48 curveto
96.82 39.98 95.38 39.93 94.98 40.53 curveto
94.57 41.13 94.16 41.59 94.59 42.43 curveto
95.02 43.27 98.19 46.07 98.74 46.22 curveto
99.29 46.36 100.09 47.15 100.4 47.25 curveto
100.71 47.35 100.97 47.61 101.19 47.47 curveto
101.41 47.32 101.67 47.13 101.67 47.13 curveto stroke
 0 0 1 setrgbcolor 0 0.23332 dtransform truncate idtransform setlinewidth pop
newpath 133.39 45.41 moveto
132.63 45.17 130.85 45.29 130.42 45.29 curveto
129.99 45.29 126.77 45.19 126.43 45.05 curveto
126.1 44.91 124.49 44.4 123.84 43.97 curveto
123.2 43.54 120.17 42.12 119.64 41.83 curveto
119.12 41.54 115.16 40.49 114.37 40.22 curveto
113.57 39.96 108.61 38.4 107.93 38.33 curveto
107.26 38.25 102.94 38.18 102.65 38.18 curveto
102.37 38.18 98.94 38.97 97.88 39.48 curveto
96.82 39.98 95.38 39.93 94.98 40.53 curveto
94.57 41.13 94.16 41.59 94.59 42.43 curveto
95.02 43.27 98.19 46.07 98.74 46.22 curveto
99.29 46.36 100.09 47.15 100.4 47.25 curveto
100.71 47.35 100.97 47.61 101.19 47.47 curveto
101.41 47.32 101.67 47.13 101.67 47.13 curveto stroke
 1 0 0 setrgbcolor
newpath 133.39 45.41 moveto
132.62 45.17 130.85 45.29 130.42 45.29 curveto
129.98 45.29 126.77 45.19 126.43 45.05 curveto
126.1 44.9 124.49 44.4 123.84 43.97 curveto
123.19 43.53 120.17 42.12 119.64 41.83 curveto
119.11 41.54 115.15 40.49 114.36 40.22 curveto
113.57 39.96 108.6 38.4 107.93 38.33 curveto
107.26 38.25 102.94 38.18 102.65 38.18 curveto
102.36 38.18 98.93 38.97 97.87 39.48 curveto
96.82 39.98 95.38 39.93 94.97 40.53 curveto
94.56 41.13 94.15 41.59 94.58 42.43 curveto
95.02 43.27 98.18 46.08 98.74 46.22 curveto
99.29 46.37 100.08 47.16 100.39 47.25 curveto
100.7 47.35 100.97 47.61 101.18 47.47 curveto
101.4 47.33 101.66 47.13 101.66 47.13 curveto stroke
 0 0 0 setrgbcolor 0 0.33333 dtransform truncate idtransform setlinewidth pop
newpath 101.91 47.71 moveto
101.6 47.8 101 48.11 100.59 48.19 curveto
100.18 48.26 98.98 48.47 98.14 48.43 curveto
97.3 48.38 94.54 48.26 93.92 48.21 curveto
93.3 48.16 91.5 48.26 90.8 48.26 curveto
90.11 48.26 89.36 48.04 88.79 48.09 curveto
88.21 48.14 85.4 48.26 85.26 48.33 curveto
85.11 48.4 82.62 48.64 82.5 48.52 curveto
82.38 48.4 81.97 48.47 81.3 48.35 curveto
80.63 48.23 80.29 48.47 79.28 49.03 curveto
78.28 49.58 76.14 51.28 75.03 51.21 curveto
73.93 51.14 69.47 51.19 68.79 51.24 curveto
68.12 51.29 66.18 51.12 65.82 51.05 curveto
65.46 50.98 65.05 51.6 64.09 51.38 curveto
63.13 51.17 59.24 50.59 58.64 50.57 curveto
58.04 50.55 52.49 49.44 51.7 49.35 curveto
50.9 49.25 48.4 49.11 48.4 49.11 curveto stroke
 0 0 1 setrgbcolor 0 0.23332 dtransform truncate idtransform setlinewidth pop
newpath 101.91 47.71 moveto
101.6 47.8 101 48.11 100.59 48.19 curveto
100.18 48.26 98.98 48.47 98.14 48.43 curveto
97.3 48.38 94.54 48.26 93.92 48.21 curveto
93.3 48.16 91.5 48.26 90.8 48.26 curveto
90.11 48.26 89.36 48.04 88.79 48.09 curveto
88.21 48.14 85.4 48.26 85.26 48.33 curveto
85.11 48.4 82.62 48.64 82.5 48.52 curveto
82.38 48.4 81.97 48.47 81.3 48.35 curveto
80.63 48.23 80.29 48.47 79.28 49.03 curveto
78.28 49.58 76.14 51.28 75.03 51.21 curveto
73.93 51.14 69.47 51.19 68.79 51.24 curveto
68.12 51.29 66.18 51.12 65.82 51.05 curveto
65.46 50.98 65.05 51.6 64.09 51.38 curveto
63.13 51.17 59.24 50.59 58.64 50.57 curveto
58.04 50.55 52.49 49.44 51.7 49.35 curveto
50.9 49.25 48.4 49.11 48.4 49.11 curveto stroke
 1 0 0 setrgbcolor
newpath 101.9 47.71 moveto
101.59 47.81 100.99 48.12 100.58 48.19 curveto
100.18 48.26 98.98 48.48 98.14 48.43 curveto
97.3 48.38 94.54 48.26 93.91 48.21 curveto
93.29 48.17 91.49 48.26 90.79 48.26 curveto
90.1 48.26 89.35 48.05 88.78 48.09 curveto
88.2 48.14 85.39 48.26 85.25 48.33 curveto
85.1 48.4 82.61 48.64 82.49 48.52 curveto
82.37 48.4 81.96 48.48 81.29 48.36 curveto
80.62 48.24 80.28 48.48 79.27 49.03 curveto
78.26 49.58 76.13 51.28 75.02 51.21 curveto
73.92 51.14 69.46 51.19 68.78 51.24 curveto
68.11 51.28 66.17 51.12 65.81 51.04 curveto
65.45 50.97 65.04 51.6 64.08 51.38 curveto
63.12 51.16 59.23 50.59 58.63 50.56 curveto
58.03 50.54 52.49 49.44 51.7 49.34 curveto
50.9 49.24 48.41 49.1 48.41 49.1 curveto stroke
 0 0 0 setrgbcolor 0 0.33333 dtransform truncate idtransform setlinewidth pop
newpath 48.4 49.11 moveto
47.95 49.01 45.76 48.65 44.65 48.51 curveto
43.55 48.36 38.56 47.18 37.67 46.92 curveto
36.78 46.65 30.73 44.75 29.94 44.27 curveto
29.15 43.79 25.15 41.74 24.76 41.6 curveto
24.38 41.45 20.18 40.35 19.32 40.06 curveto
18.45 39.78 14.95 38.46 14.11 37.95 curveto
13.27 37.45 4.73 32.54 3.8 31.96 curveto
2.86 31.39 -2.64 28 -5.09 27.52 curveto
-7.53 27.04 -9.72 25.86 -11.21 25.02 curveto
-12.69 24.18 -14.18 23.39 -15.29 22.96 curveto
-16.39 22.53 -19.24 21.28 -19.92 20.89 curveto stroke
 0 0 1 setrgbcolor 0 0.23332 dtransform truncate idtransform setlinewidth pop
newpath 48.4 49.11 moveto
47.95 49.01 45.76 48.65 44.65 48.51 curveto
43.55 48.36 38.56 47.18 37.67 46.92 curveto
36.78 46.65 30.73 44.75 29.94 44.27 curveto
29.15 43.79 25.15 41.74 24.76 41.6 curveto
24.38 41.45 20.18 40.35 19.32 40.06 curveto
18.45 39.78 14.95 38.46 14.11 37.95 curveto
13.27 37.45 4.73 32.54 3.8 31.96 curveto
2.86 31.39 -2.64 28 -5.09 27.52 curveto
-7.53 27.04 -9.72 25.86 -11.21 25.02 curveto
-12.69 24.18 -14.18 23.39 -15.29 22.96 curveto
-16.39 22.53 -19.24 21.28 -19.92 20.89 curveto stroke
 1 0 0 setrgbcolor
newpath 48.41 49.1 moveto
47.95 49 45.77 48.64 44.67 48.5 curveto
43.56 48.36 38.57 47.18 37.68 46.92 curveto
36.79 46.65 30.75 44.76 29.95 44.28 curveto
29.16 43.8 25.15 41.76 24.77 41.61 curveto
24.39 41.47 20.19 40.36 19.32 40.08 curveto
18.46 39.79 14.95 38.47 14.11 37.96 curveto
13.27 37.46 4.73 32.54 3.79 31.96 curveto
2.86 31.39 -2.64 28 -5.09 27.52 curveto
-7.53 27.04 -9.72 25.87 -11.2 25.03 curveto
-12.69 24.19 -14.18 23.39 -15.28 22.96 curveto
-16.39 22.53 -19.24 21.28 -19.92 20.9 curveto stroke
 0 0 0 setrgbcolor 0 0.33333 dtransform truncate idtransform setlinewidth pop
newpath -19.92 20.89 moveto
-20.47 20.58 -25.03 19.45 -26.2 18.78 curveto
-27.38 18.11 -28.15 17.94 -29.25 17.27 curveto
-30.35 16.59 -30.67 15.75 -32.01 15.71 curveto
-33.35 15.66 -36.98 15.44 -38.03 15.37 curveto
-39.09 15.3 -42.95 15.21 -43.91 14.92 curveto
-44.87 14.63 -48.3 13.55 -48.85 13.19 curveto
-49.4 12.83 -51.85 11.37 -53.05 10.79 curveto
-54.25 10.22 -56.05 9.19 -57.56 8.3 curveto
-59.08 7.41 -62.08 6.55 -62.82 6.23 curveto
-63.57 5.92 -64.6 5.73 -65.94 5.2 curveto
-67.29 4.67 -69.93 3.16 -70.41 2.75 curveto
-70.89 2.34 -74.44 0.52 -74.85 0.42 curveto
-75.26 0.32 -77.39 -0.11 -79.05 0.35 curveto
-80.7 0.8 -81.69 -0.45 -82.77 -0.83 curveto
-83.85 -1.22 -85.41 -2.39 -86.22 -2.85 curveto
-87.04 -3.3 -88.7 -4.62 -89.37 -5.63 curveto
-90.04 -6.64 -90.96 -8.89 -91.65 -9.28 curveto
-92.35 -9.66 -93.48 -10.69 -94.63 -10.55 curveto
-95.78 -10.41 -98.11 -11.27 -98.78 -11.56 curveto
-99.45 -11.85 -102.33 -12.71 -103 -12.95 curveto
-103.67 -13.19 -106.7 -14.55 -107.63 -14.75 curveto
-108.57 -14.94 -109.74 -15.06 -110.94 -15.51 curveto
-112.14 -15.97 -113.29 -16.21 -113.72 -16.45 curveto
-114.16 -16.69 -115.12 -17.67 -116.03 -17.07 curveto
-116.94 -16.47 -117.49 -15.77 -117.95 -15.08 curveto stroke
 0 0 1 setrgbcolor 0 0.23332 dtransform truncate idtransform setlinewidth pop
newpath -19.92 20.89 moveto
-20.47 20.58 -25.03 19.45 -26.2 18.78 curveto
-27.38 18.11 -28.15 17.94 -29.25 17.27 curveto
-30.35 16.59 -30.67 15.75 -32.01 15.71 curveto
-33.35 15.66 -36.98 15.44 -38.03 15.37 curveto
-39.09 15.3 -42.95 15.21 -43.91 14.92 curveto
-44.87 14.63 -48.3 13.55 -48.85 13.19 curveto
-49.4 12.83 -51.85 11.37 -53.05 10.79 curveto
-54.25 10.22 -56.05 9.19 -57.56 8.3 curveto
-59.08 7.41 -62.08 6.55 -62.82 6.23 curveto
-63.57 5.92 -64.6 5.73 -65.94 5.2 curveto
-67.29 4.67 -69.93 3.16 -70.41 2.75 curveto
-70.89 2.34 -74.44 0.52 -74.85 0.42 curveto
-75.26 0.32 -77.39 -0.11 -79.05 0.35 curveto
-80.7 0.8 -81.69 -0.45 -82.77 -0.83 curveto
-83.85 -1.22 -85.41 -2.39 -86.22 -2.85 curveto
-87.04 -3.3 -88.7 -4.62 -89.37 -5.63 curveto
-90.04 -6.64 -90.96 -8.89 -91.65 -9.28 curveto
-92.35 -9.66 -93.48 -10.69 -94.63 -10.55 curveto
-95.78 -10.41 -98.11 -11.27 -98.78 -11.56 curveto
-99.45 -11.85 -102.33 -12.71 -103 -12.95 curveto
-103.67 -13.19 -106.7 -14.55 -107.63 -14.75 curveto
-108.57 -14.94 -109.74 -15.06 -110.94 -15.51 curveto
-112.14 -15.97 -113.29 -16.21 -113.72 -16.45 curveto
-114.16 -16.69 -115.12 -17.67 -116.03 -17.07 curveto
-116.94 -16.47 -117.49 -15.77 -117.95 -15.08 curveto stroke
 1 0 0 setrgbcolor
newpath -19.92 20.9 moveto
-20.47 20.59 -25.03 19.46 -26.2 18.79 curveto
-27.38 18.11 -28.15 17.95 -29.25 17.27 curveto
-30.36 16.6 -30.67 15.76 -32.01 15.71 curveto
-33.36 15.67 -36.98 15.45 -38.04 15.38 curveto
-39.09 15.31 -42.96 15.21 -43.92 14.92 curveto
-44.88 14.63 -48.31 13.55 -48.86 13.19 curveto
-49.41 12.83 -51.86 11.37 -53.06 10.79 curveto
-54.26 10.22 -56.06 9.19 -57.57 8.3 curveto
-59.08 7.41 -62.08 6.55 -62.83 6.23 curveto
-63.57 5.92 -64.6 5.73 -65.95 5.2 curveto
-67.29 4.67 -69.93 3.16 -70.41 2.75 curveto
-70.89 2.35 -74.44 0.52 -74.85 0.43 curveto
-75.26 0.33 -77.39 -0.1 -79.05 0.35 curveto
-80.71 0.81 -81.69 -0.44 -82.77 -0.82 curveto
-83.85 -1.21 -85.41 -2.38 -86.23 -2.84 curveto
-87.04 -3.29 -88.7 -4.61 -89.37 -5.62 curveto
-90.04 -6.63 -90.95 -8.89 -91.65 -9.27 curveto
-92.35 -9.65 -93.47 -10.69 -94.63 -10.54 curveto
-95.78 -10.4 -98.11 -11.26 -98.78 -11.55 curveto
-99.45 -11.84 -102.33 -12.7 -103 -12.94 curveto
-103.67 -13.18 -106.7 -14.55 -107.63 -14.74 curveto
-108.57 -14.93 -109.75 -15.05 -110.95 -15.51 curveto
-112.15 -15.97 -113.3 -16.21 -113.73 -16.45 curveto
-114.16 -16.69 -115.12 -17.67 -116.03 -17.07 curveto
-116.95 -16.47 -117.5 -15.78 -117.95 -15.08 curveto stroke
 0 0 0 setrgbcolor 0 0.33333 dtransform truncate idtransform setlinewidth pop
newpath -117.95 -15.08 moveto
-118.16 -14.84 -118.26 -14.48 -118.79 -14.09 curveto
-119.31 -13.71 -119.55 -13.4 -120.18 -12.89 curveto
-120.8 -12.39 -121.57 -11.88 -121.93 -11.55 curveto
-122.29 -11.21 -123.94 -10.52 -124.33 -10.35 curveto
-124.71 -10.18 -125.91 -10.16 -126.39 -10.54 curveto
-126.87 -10.92 -127.52 -11.62 -128 -12.12 curveto
-128.48 -12.63 -129.22 -13.42 -129.58 -13.47 curveto
-129.94 -13.51 -130.92 -13.25 -130.92 -13.25 curveto stroke
 0 0 1 setrgbcolor 0 0.23332 dtransform truncate idtransform setlinewidth pop
newpath -117.95 -15.08 moveto
-118.16 -14.84 -118.26 -14.48 -118.79 -14.09 curveto
-119.31 -13.71 -119.55 -13.4 -120.18 -12.89 curveto
-120.8 -12.39 -121.57 -11.88 -121.93 -11.55 curveto
-122.29 -11.21 -123.94 -10.52 -124.33 -10.35 curveto
-124.71 -10.18 -125.91 -10.16 -126.39 -10.54 curveto
-126.87 -10.92 -127.52 -11.62 -128 -12.12 curveto
-128.48 -12.63 -129.22 -13.42 -129.58 -13.47 curveto
-129.94 -13.51 -130.92 -13.25 -130.92 -13.25 curveto stroke
 1 0 0 setrgbcolor
newpath -117.95 -15.08 moveto
-118.17 -14.84 -118.27 -14.48 -118.79 -14.1 curveto
-119.32 -13.71 -119.56 -13.4 -120.19 -12.9 curveto
-120.81 -12.39 -121.58 -11.89 -121.94 -11.55 curveto
-122.3 -11.22 -123.95 -10.52 -124.34 -10.35 curveto
-124.72 -10.18 -125.92 -10.16 -126.4 -10.54 curveto
-126.88 -10.93 -127.53 -11.62 -128.01 -12.13 curveto
-128.49 -12.63 -129.23 -13.42 -129.59 -13.47 curveto
-129.95 -13.52 -130.94 -13.26 -130.94 -13.26 curveto stroke
 0 0 0 setrgbcolor 0 0.33333 dtransform truncate idtransform setlinewidth pop
newpath -131.72 -14.3 moveto
-131.45 -14.57 -131.17 -14.62 -131.14 -14.95 curveto
-131.12 -15.29 -131.26 -15.7 -131.65 -15.6 curveto
-132.03 -15.5 -133.54 -15.41 -133.08 -15.89 curveto
-132.63 -16.37 -132.05 -17.52 -131.89 -17.95 curveto
-131.72 -18.38 -130.57 -21.69 -130.37 -22.25 curveto
-130.18 -22.8 -129.22 -26.95 -129.18 -27.52 curveto
-129.13 -28.1 -128.39 -30.33 -128.1 -30.88 curveto
-127.81 -31.44 -127.59 -31.84 -127.91 -32.3 curveto
-128.22 -32.75 -130.07 -34.1 -130.28 -34.43 curveto
-130.5 -34.77 -132.15 -37.14 -132.15 -37.46 curveto
-132.15 -37.77 -132.9 -38.78 -133.11 -39.28 curveto
-133.33 -39.78 -133 -41.34 -132.78 -42.06 curveto
-132.56 -42.78 -131.85 -45.42 -131.75 -45.93 curveto
-131.65 -46.43 -131.53 -47.61 -131.29 -48.11 curveto
-131.05 -48.61 -130.72 -49.84 -130.38 -49.93 curveto stroke
 0 0 1 setrgbcolor 0 0.23332 dtransform truncate idtransform setlinewidth pop
newpath -131.72 -14.3 moveto
-131.45 -14.57 -131.17 -14.62 -131.14 -14.95 curveto
-131.12 -15.29 -131.26 -15.7 -131.65 -15.6 curveto
-132.03 -15.5 -133.54 -15.41 -133.08 -15.89 curveto
-132.63 -16.37 -132.05 -17.52 -131.89 -17.95 curveto
-131.72 -18.38 -130.57 -21.69 -130.37 -22.25 curveto
-130.18 -22.8 -129.22 -26.95 -129.18 -27.52 curveto
-129.13 -28.1 -128.39 -30.33 -128.1 -30.88 curveto
-127.81 -31.44 -127.59 -31.84 -127.91 -32.3 curveto
-128.22 -32.75 -130.07 -34.1 -130.28 -34.43 curveto
-130.5 -34.77 -132.15 -37.14 -132.15 -37.46 curveto
-132.15 -37.77 -132.9 -38.78 -133.11 -39.28 curveto
-133.33 -39.78 -133 -41.34 -132.78 -42.06 curveto
-132.56 -42.78 -131.85 -45.42 -131.75 -45.93 curveto
-131.65 -46.43 -131.53 -47.61 -131.29 -48.11 curveto
-131.05 -48.61 -130.72 -49.84 -130.38 -49.93 curveto stroke
 1 0 0 setrgbcolor
newpath -131.73 -14.31 moveto
-131.47 -14.58 -131.18 -14.62 -131.15 -14.96 curveto
-131.13 -15.3 -131.27 -15.7 -131.66 -15.61 curveto
-132.04 -15.51 -133.55 -15.42 -133.1 -15.9 curveto
-132.64 -16.38 -132.06 -17.53 -131.9 -17.96 curveto
-131.73 -18.39 -130.58 -21.7 -130.38 -22.26 curveto
-130.19 -22.81 -129.23 -26.96 -129.18 -27.54 curveto
-129.14 -28.11 -128.39 -30.34 -128.1 -30.9 curveto
-127.82 -31.45 -127.6 -31.86 -127.91 -32.31 curveto
-128.22 -32.77 -130.07 -34.11 -130.29 -34.45 curveto
-130.5 -34.78 -132.16 -37.16 -132.16 -37.47 curveto
-132.16 -37.78 -132.9 -38.79 -133.12 -39.3 curveto
-133.34 -39.8 -133 -41.36 -132.78 -42.08 curveto
-132.57 -42.8 -131.85 -45.44 -131.75 -45.94 curveto
-131.66 -46.45 -131.54 -47.62 -131.3 -48.13 curveto
-131.06 -48.63 -130.72 -49.85 -130.38 -49.95 curveto stroke
 0 0 0 setrgbcolor 0 0.33333 dtransform truncate idtransform setlinewidth pop
newpath -130.38 -49.93 moveto
-130.38 -49.93 -130 -50.13 -129.78 -50.08 curveto
-129.57 -50.03 -128.2 -49.24 -127.53 -48.9 curveto
-126.86 -48.57 -123.47 -46.91 -123.04 -46.58 curveto
-122.61 -46.24 -118.84 -44.8 -118.48 -44.71 curveto
-118.12 -44.61 -111.28 -42.72 -110.82 -42.6 curveto
-110.37 -42.48 -103 -40.27 -101.92 -40.37 curveto
-100.84 -40.46 -99.23 -41.3 -98.13 -42.79 curveto
-97.02 -44.28 -95.46 -45.55 -95.06 -45.79 curveto
-94.65 -46.03 -94.05 -46.92 -93.11 -47.06 curveto
-92.18 -47.21 -90.16 -46.94 -89.71 -46.82 curveto
-89.25 -46.7 -87.23 -46.58 -86.85 -46.42 curveto
-86.47 -46.25 -86.54 -45.82 -86.27 -45.82 curveto
-86.01 -45.82 -85.34 -45.89 -85.34 -45.89 curveto stroke
 0 0 1 setrgbcolor 0 0.23332 dtransform truncate idtransform setlinewidth pop
newpath -130.38 -49.93 moveto
-130.38 -49.93 -130 -50.13 -129.78 -50.08 curveto
-129.57 -50.03 -128.2 -49.24 -127.53 -48.9 curveto
-126.86 -48.57 -123.47 -46.91 -123.04 -46.58 curveto
-122.61 -46.24 -118.84 -44.8 -118.48 -44.71 curveto
-118.12 -44.61 -111.28 -42.72 -110.82 -42.6 curveto
-110.37 -42.48 -103 -40.27 -101.92 -40.37 curveto
-100.84 -40.46 -99.23 -41.3 -98.13 -42.79 curveto
-97.02 -44.28 -95.46 -45.55 -95.06 -45.79 curveto
-94.65 -46.03 -94.05 -46.92 -93.11 -47.06 curveto
-92.18 -47.21 -90.16 -46.94 -89.71 -46.82 curveto
-89.25 -46.7 -87.23 -46.58 -86.85 -46.42 curveto
-86.47 -46.25 -86.54 -45.82 -86.27 -45.82 curveto
-86.01 -45.82 -85.34 -45.89 -85.34 -45.89 curveto stroke
 1 0 0 setrgbcolor
newpath -130.38 -49.95 moveto
-130.38 -49.95 -130 -50.14 -129.78 -50.09 curveto
-129.57 -50.05 -128.2 -49.25 -127.53 -48.92 curveto
-126.86 -48.58 -123.47 -46.93 -123.04 -46.59 curveto
-122.61 -46.25 -118.84 -44.81 -118.48 -44.72 curveto
-118.12 -44.62 -111.28 -42.73 -110.82 -42.61 curveto
-110.37 -42.49 -103 -40.28 -101.92 -40.37 curveto
-100.84 -40.47 -99.23 -41.31 -98.13 -42.8 curveto
-97.03 -44.29 -95.47 -45.56 -95.06 -45.8 curveto
-94.65 -46.04 -94.05 -46.93 -93.11 -47.07 curveto
-92.18 -47.21 -90.16 -46.95 -89.71 -46.83 curveto
-89.25 -46.71 -87.23 -46.59 -86.85 -46.42 curveto
-86.47 -46.25 -86.54 -45.82 -86.27 -45.82 curveto
-86.01 -45.82 -85.34 -45.89 -85.34 -45.89 curveto stroke
 0 0 0 setrgbcolor 0 0.33333 dtransform truncate idtransform setlinewidth pop
newpath -85.41 -45.1 moveto
-85.51 -44.86 -85.89 -44.62 -85.43 -44.3 curveto
-84.98 -43.99 -83.99 -43.32 -82.96 -43.06 curveto
-81.93 -42.79 -77.85 -41.71 -77.37 -41.52 curveto
-76.89 -41.33 -73.22 -40.56 -72.81 -40.46 curveto
-72.4 -40.37 -67.17 -39.05 -66.12 -38.98 curveto
-65.06 -38.9 -63.14 -38.52 -62.49 -38.52 curveto
-61.85 -38.52 -60.24 -38.47 -60.12 -38.54 curveto
-60 -38.62 -59.71 -38.74 -59.81 -38.95 curveto
-59.9 -39.17 -60.05 -39.34 -60.17 -39.43 curveto stroke
 0 0 1 setrgbcolor 0 0.23332 dtransform truncate idtransform setlinewidth pop
newpath -85.41 -45.1 moveto
-85.51 -44.86 -85.89 -44.62 -85.43 -44.3 curveto
-84.98 -43.99 -83.99 -43.32 -82.96 -43.06 curveto
-81.93 -42.79 -77.85 -41.71 -77.37 -41.52 curveto
-76.89 -41.33 -73.22 -40.56 -72.81 -40.46 curveto
-72.4 -40.37 -67.17 -39.05 -66.12 -38.98 curveto
-65.06 -38.9 -63.14 -38.52 -62.49 -38.52 curveto
-61.85 -38.52 -60.24 -38.47 -60.12 -38.54 curveto
-60 -38.62 -59.71 -38.74 -59.81 -38.95 curveto
-59.9 -39.17 -60.05 -39.34 -60.17 -39.43 curveto stroke
 1 0 0 setrgbcolor
newpath -85.41 -45.1 moveto
-85.51 -44.86 -85.89 -44.62 -85.43 -44.31 curveto
-84.98 -44 -83.99 -43.33 -82.96 -43.06 curveto
-81.93 -42.8 -77.85 -41.72 -77.37 -41.53 curveto
-76.89 -41.33 -73.22 -40.57 -72.81 -40.47 curveto
-72.4 -40.37 -67.17 -39.05 -66.11 -38.98 curveto
-65.06 -38.91 -63.14 -38.53 -62.49 -38.53 curveto
-61.84 -38.53 -60.23 -38.48 -60.11 -38.55 curveto
-59.99 -38.62 -59.71 -38.74 -59.8 -38.96 curveto
-59.9 -39.17 -60.04 -39.34 -60.16 -39.44 curveto stroke
 0 0 0 setrgbcolor 0 0.33333 dtransform truncate idtransform setlinewidth pop
newpath -60.17 -41.21 moveto
-59.85 -41.18 -60 -40.51 -59.64 -40.85 curveto
-59.28 -41.18 -57.6 -42.67 -57.36 -43.13 curveto
-57.12 -43.58 -54.7 -46.13 -54.53 -46.3 curveto
-54.36 -46.46 -51.27 -49.51 -50.55 -49.94 curveto
-49.83 -50.38 -48.22 -51.6 -47.24 -51.48 curveto
-46.25 -51.36 -44.62 -50.55 -43.85 -49.78 curveto
-43.08 -49.01 -41.52 -47.84 -41.07 -47.12 curveto
-40.61 -46.4 -40.35 -45.87 -40.15 -45.7 curveto
-39.96 -45.53 -39.77 -45.68 -39.32 -45.6 curveto stroke
 0 0 1 setrgbcolor 0 0.23332 dtransform truncate idtransform setlinewidth pop
newpath -60.17 -41.21 moveto
-59.85 -41.18 -60 -40.51 -59.64 -40.85 curveto
-59.28 -41.18 -57.6 -42.67 -57.36 -43.13 curveto
-57.12 -43.58 -54.7 -46.13 -54.53 -46.3 curveto
-54.36 -46.46 -51.27 -49.51 -50.55 -49.94 curveto
-49.83 -50.38 -48.22 -51.6 -47.24 -51.48 curveto
-46.25 -51.36 -44.62 -50.55 -43.85 -49.78 curveto
-43.08 -49.01 -41.52 -47.84 -41.07 -47.12 curveto
-40.61 -46.4 -40.35 -45.87 -40.15 -45.7 curveto
-39.96 -45.53 -39.77 -45.68 -39.32 -45.6 curveto stroke
 1 0 0 setrgbcolor
newpath -60.16 -41.21 moveto
-59.85 -41.19 -59.99 -40.52 -59.63 -40.85 curveto
-59.27 -41.19 -57.59 -42.68 -57.35 -43.13 curveto
-57.11 -43.59 -54.69 -46.13 -54.52 -46.3 curveto
-54.35 -46.47 -51.26 -49.52 -50.54 -49.95 curveto
-49.82 -50.38 -48.21 -51.6 -47.23 -51.48 curveto
-46.24 -51.36 -44.61 -50.55 -43.84 -49.78 curveto
-43.07 -49.01 -41.51 -47.84 -41.06 -47.12 curveto
-40.6 -46.4 -40.34 -45.87 -40.15 -45.7 curveto
-39.95 -45.53 -39.76 -45.68 -39.31 -45.6 curveto stroke
 0 0 0 setrgbcolor 0 0.33333 dtransform truncate idtransform setlinewidth pop
newpath -38.5 -43.21 moveto
-38.93 -42.92 -39.75 -42.51 -39.75 -42.1 curveto
-39.75 -41.69 -39.27 -40.59 -38.93 -40.11 curveto
-38.59 -39.63 -36.31 -36.61 -35.57 -36.49 curveto
-34.82 -36.37 -32.14 -35.7 -31.63 -35.55 curveto
-31.13 -35.41 -29.09 -35.41 -28.73 -35.82 curveto
-28.37 -36.22 -26.28 -37.47 -25.56 -37.69 curveto
-24.84 -37.91 -23.09 -38.05 -22.56 -37.64 curveto
-22.04 -37.24 -20.33 -36.13 -19.97 -36.01 curveto
-19.61 -35.89 -18.63 -36.2 -18.51 -35.96 curveto
-18.39 -35.72 -18.48 -35.56 -18.41 -35.36 curveto
-18.34 -35.17 -17.45 -34.93 -17.07 -35.46 curveto
-16.68 -35.99 -15.34 -36.71 -14.9 -36.75 curveto
-14.47 -36.8 -11.66 -36.75 -10.99 -36.87 curveto
-10.32 -36.99 -7.94 -37.37 -7.12 -37.09 curveto
-6.31 -36.8 -3.86 -36.24 -3.23 -35.91 curveto
-2.61 -35.57 0.42 -35.45 1.16 -35.4 curveto
1.91 -35.35 4.02 -35.59 4.4 -35.78 curveto
4.79 -35.97 5.53 -36.31 5.41 -37.05 curveto
5.29 -37.79 4.55 -38.08 3.85 -38.71 curveto
3.15 -39.33 2.7 -39.5 2.34 -39.57 curveto
1.98 -39.64 1.5 -39.64 1.43 -39.62 curveto stroke
 0 0 1 setrgbcolor 0 0.23332 dtransform truncate idtransform setlinewidth pop
newpath -38.5 -43.21 moveto
-38.93 -42.92 -39.75 -42.51 -39.75 -42.1 curveto
-39.75 -41.69 -39.27 -40.59 -38.93 -40.11 curveto
-38.59 -39.63 -36.31 -36.61 -35.57 -36.49 curveto
-34.82 -36.37 -32.14 -35.7 -31.63 -35.55 curveto
-31.13 -35.41 -29.09 -35.41 -28.73 -35.82 curveto
-28.37 -36.22 -26.28 -37.47 -25.56 -37.69 curveto
-24.84 -37.91 -23.09 -38.05 -22.56 -37.64 curveto
-22.04 -37.24 -20.33 -36.13 -19.97 -36.01 curveto
-19.61 -35.89 -18.63 -36.2 -18.51 -35.96 curveto
-18.39 -35.72 -18.48 -35.56 -18.41 -35.36 curveto
-18.34 -35.17 -17.45 -34.93 -17.07 -35.46 curveto
-16.68 -35.99 -15.34 -36.71 -14.9 -36.75 curveto
-14.47 -36.8 -11.66 -36.75 -10.99 -36.87 curveto
-10.32 -36.99 -7.94 -37.37 -7.12 -37.09 curveto
-6.31 -36.8 -3.86 -36.24 -3.23 -35.91 curveto
-2.61 -35.57 0.42 -35.45 1.16 -35.4 curveto
1.91 -35.35 4.02 -35.59 4.4 -35.78 curveto
4.79 -35.97 5.53 -36.31 5.41 -37.05 curveto
5.29 -37.79 4.55 -38.08 3.85 -38.71 curveto
3.15 -39.33 2.7 -39.5 2.34 -39.57 curveto
1.98 -39.64 1.5 -39.64 1.43 -39.62 curveto stroke
 1 0 0 setrgbcolor
newpath -38.49 -43.2 moveto
-38.92 -42.92 -39.74 -42.51 -39.74 -42.1 curveto
-39.74 -41.69 -39.26 -40.59 -38.92 -40.11 curveto
-38.59 -39.63 -36.31 -36.6 -35.56 -36.48 curveto
-34.82 -36.36 -32.13 -35.69 -31.63 -35.55 curveto
-31.12 -35.4 -29.08 -35.4 -28.72 -35.81 curveto
-28.36 -36.22 -26.27 -37.47 -25.55 -37.68 curveto
-24.83 -37.9 -23.08 -38.04 -22.55 -37.64 curveto
-22.03 -37.23 -20.32 -36.12 -19.96 -36 curveto
-19.6 -35.88 -18.62 -36.2 -18.5 -35.96 curveto
-18.38 -35.72 -18.48 -35.55 -18.4 -35.36 curveto
-18.33 -35.16 -17.44 -34.92 -17.06 -35.45 curveto
-16.68 -35.98 -15.33 -36.7 -14.9 -36.75 curveto
-14.47 -36.8 -11.66 -36.75 -10.99 -36.87 curveto
-10.32 -36.99 -7.94 -37.37 -7.12 -37.08 curveto
-6.31 -36.8 -3.86 -36.24 -3.24 -35.91 curveto
-2.61 -35.57 0.41 -35.45 1.16 -35.4 curveto
1.9 -35.36 4.01 -35.6 4.4 -35.79 curveto
4.78 -35.98 5.52 -36.32 5.4 -37.06 curveto
5.28 -37.8 4.54 -38.09 3.84 -38.72 curveto
3.15 -39.34 2.69 -39.51 2.33 -39.58 curveto
1.97 -39.65 1.49 -39.65 1.42 -39.63 curveto stroke
 0 0 0 setrgbcolor 0 3.98505 dtransform truncate idtransform setlinewidth pop
newpath 9.33 -36.61 moveto 0 0 rlineto stroke
newpath 5.41 -37.05 moveto 0 0 rlineto stroke
 0 0.23332 dtransform truncate idtransform setlinewidth pop
newpath 9.33 -36.61 moveto
5.41 -37.05 lineto stroke
 1 0.85 0 setrgbcolor 0 3.98505
 dtransform truncate idtransform setlinewidth pop
newpath 9.34 -36.61 moveto 0 0 rlineto stroke
newpath 5.4 -37.06 moveto 0 0 rlineto stroke
 0 0.23332 dtransform truncate idtransform setlinewidth pop
newpath 9.33 -36.61 moveto
9.34 -36.61 lineto
5.4 -37.06 lineto
5.41 -37.05 lineto stroke
showpage
%%EOF
