%!PS
%%BoundingBox: -240 -76 225 61 
%%HiResBoundingBox: -239.8025 -75.68251 224.89252 60.10251 
%%Creator: MetaPost 1.209
%%CreationDate: 2019.09.26:1811
%%Pages: 1
%%BeginProlog
%%EndProlog
%%Page: 1 1
 0 0 0 setrgbcolor 0 0.24501 dtransform truncate idtransform setlinewidth pop
 [] 0 setdash 1 setlinecap 1 setlinejoin 10 setmiterlimit
newpath 66.19 -15.19 moveto
66.19 -15.19 67.74 -20.33 67.81 -22.71 curveto
67.89 -25.09 67.98 -28.55 67.89 -29.93 curveto
67.8 -31.31 67.73 -31.63 67.73 -31.63 curveto
63.6 -33.71 lineto
63.6 -33.71 62.98 -31.59 63.29 -29.4 curveto
63.6 -27.2 63.23 -23.26 62.63 -20.64 curveto
62.03 -18.02 60.7 -15.31 60.71 -13 curveto
60.71 -10.69 60.76 -7.21 60.04 -5.69 curveto
59.32 -4.16 54.36 0.31 53.17 1.43 curveto
51.99 2.55 48.45 6.42 42.83 7.86 curveto
37.21 9.3 33.04 9.87 29.05 9.22 curveto
25.06 8.57 22.56 6.75 20.6 6 curveto
18.64 5.25 13.03 3.36 8.79 0.74 curveto
4.54 -1.89 -1.51 -5.33 -5.62 -8.67 curveto
-9.73 -12 -14.66 -14.19 -17.7 -15.77 curveto
-20.74 -17.34 -24.29 -18.82 -28 -20.97 curveto
-31.71 -23.11 -34.72 -25.69 -37.75 -26.62 curveto
-40.77 -27.54 -46.84 -29.24 -49.79 -30.23 curveto
-52.73 -31.22 -56.46 -33.22 -59.31 -33.63 curveto
-62.17 -34.03 -68.13 -35.3 -71.89 -34.48 curveto
-75.65 -33.67 -83.84 -31.74 -86.44 -31.03 curveto
-89.03 -30.32 -90.3 -29.93 -91.27 -30.38 curveto
-92.24 -30.83 -92.96 -31.62 -94.1 -31.07 curveto
-95.23 -30.52 -96.73 -25.24 -97.87 -23.03 curveto
-99.01 -20.82 -102.04 -15.31 -104.41 -13.06 curveto
-106.78 -10.82 -109.7 -8.19 -111.89 -7.88 curveto
-114.09 -7.58 -118.3 -8.18 -120.3 -6.04 curveto
-122.3 -3.91 -125.75 -0.97 -127.88 1.8 curveto
-130.02 4.58 -133.45 8.96 -134.95 9.55 curveto
-136.45 10.14 -138.46 9.88 -137.33 10.27 curveto
-136.21 10.66 -132.25 11.67 -130.55 11.97 curveto
-128.84 12.27 -123.18 13.66 -122 14.2 curveto
-120.82 14.74 -118.72 15.51 -118.64 16.24 curveto stroke
newpath -118.32 41.36 moveto
-118.32 41.36 -122.44 41.28 -123.4 43.14 curveto
-123.98 44.26 -126.45 44.02 -128.86 43.59 curveto
-131.28 43.15 -138.49 41.34 -141.65 40.33 curveto
-144.81 39.32 -149.35 39.12 -152.21 39.58 curveto
-155.07 40.04 -157.45 39.97 -159.49 40.15 curveto
-161.53 40.32 -166.16 41.2 -167.16 41.83 curveto
-168.16 42.46 -169.83 41.8 -170.86 41.2 curveto stroke
newpath -172.01 40.3 moveto
-172.01 40.3 -174.44 37.62 -176.78 37.19 curveto
-179.13 36.76 -182.18 35.39 -184.2 35.35 curveto
-186.22 35.31 -190.76 35.26 -193.35 35.1 curveto
-195.94 34.93 -202.74 35.04 -204.57 34.51 curveto
-206.4 33.98 -206.36 33.48 -207.2 33.19 curveto
-208.04 32.9 -209.89 32.65 -210.75 33.37 curveto
-211.61 34.09 -211.89 34.71 -211.42 35.12 curveto stroke
newpath -211.33 29.42 moveto
-211.33 29.42 -208.47 29.75 -208.33 28.17 curveto
-208.19 26.6 -208.47 25.7 -208.84 25.02 curveto
-209.21 24.33 -216.48 17.68 -218.34 15.84 curveto
-220.2 14.01 -227.75 9.64 -230.49 6.36 curveto
-233.23 3.07 -233.82 1.65 -236.13 1.65 curveto stroke
newpath -232.66 -11.98 moveto
-232.66 -11.98 -229.21 -14.2 -229.56 -15.09 curveto
-229.91 -15.99 -231.14 -19.14 -232.34 -20.33 curveto
-233.53 -21.53 -235.89 -22.61 -237.45 -24.49 curveto
-239.02 -26.36 -239.61 -28.59 -239.68 -29.46 curveto stroke
newpath -205.63 -41.47 moveto
-205.63 -41.47 -199.12 -35.97 -197.2 -34.06 curveto
-195.28 -32.15 -195.36 -32.08 -193.83 -30.57 curveto
-192.31 -29.06 -189.37 -27.2 -187.88 -26.85 curveto
-186.4 -26.5 -183.13 -26.63 -181.18 -25.01 curveto
-179.24 -23.39 -173.28 -19.74 -171.76 -18.23 curveto
-170.23 -16.72 -167.05 -14.33 -165.39 -13.6 curveto
-163.72 -12.87 -161.59 -11.67 -160.78 -11.01 curveto
-159.97 -10.36 -158.7 -10.83 -158.14 -11.36 curveto
-157.59 -11.88 -157.39 -12.44 -158.35 -13.11 curveto
-159.3 -13.77 -161.65 -15.72 -162.55 -16.96 curveto
-163.45 -18.2 -164.68 -18.16 -165.68 -20.71 curveto
-166.67 -23.26 -167.83 -24.02 -167.81 -25.1 curveto stroke
newpath -168.41 -28.77 moveto
-168.41 -28.77 -162.84 -29.64 -159.62 -29.28 curveto
-156.4 -28.91 -152.15 -27.95 -150.22 -27.63 curveto
-148.3 -27.31 -142.49 -26.78 -140.78 -26.48 curveto
-139.07 -26.18 -137.14 -26.01 -136.92 -23.6 curveto
-136.71 -21.2 -136.52 -20.1 -134.66 -20.72 curveto
-132.79 -21.35 -130.78 -22.03 -130.62 -24.62 curveto
-130.45 -27.21 -127.64 -34.33 -126.31 -36.3 curveto
-124.97 -38.28 -123.77 -41.93 -122.82 -42.93 curveto
-121.86 -43.93 -118.53 -45.58 -117.04 -46.02 curveto
-115.55 -46.47 -114.73 -48.35 -114.69 -48.85 curveto stroke
newpath -114.7 -55.86 moveto
-112.27 -55.57 lineto
-112.27 -55.57 -111.21 -56.05 -110.07 -55.88 curveto
-108.93 -55.7 -107.82 -55.17 -106.53 -55.05 curveto
-105.24 -54.94 -101.34 -54.8 -100.4 -55.58 curveto
-99.47 -56.36 -98.76 -57.75 -96.19 -57.37 curveto
-93.62 -56.99 -88.62 -56.39 -86.06 -55.87 curveto
-83.51 -55.35 -77.07 -55.34 -74.92 -55.21 curveto
-72.76 -55.09 -65.67 -55.17 -63.87 -55.08 curveto
-62.07 -54.98 -57.39 -54.85 -56.35 -55.12 curveto
-55.32 -55.38 -48.82 -54.51 -47.06 -53.99 curveto
-45.3 -53.47 -39.37 -51.85 -36.56 -51.02 curveto
-33.74 -50.19 -30.13 -48.56 -28.1 -47.8 curveto
-26.07 -47.04 -22.55 -46.07 -20.67 -45.25 curveto
-18.79 -44.43 -16.27 -44.27 -14.79 -43.85 curveto
-13.31 -43.43 -12.09 -42.59 -10.97 -42.2 curveto
-9.84 -41.81 -7.27 -40.71 -5.96 -40.01 curveto
-4.65 -39.31 0.09 -34.98 1.16 -33.15 curveto
2.22 -31.31 4.93 -27.67 6.23 -26.9 curveto
7.54 -26.13 8.75 -26.02 10.23 -27.19 curveto
11.71 -28.35 13.88 -30.69 14.95 -31.32 curveto
16.02 -31.94 18.05 -33.64 18.76 -31.91 curveto
19.47 -30.18 20.98 -29.32 21.91 -28.37 curveto
22.83 -27.42 25.71 -24.84 27.29 -24.77 curveto
28.87 -24.7 32.51 -23.36 33.84 -23.75 curveto
35.18 -24.13 36.54 -23.94 37.71 -26.51 curveto
38.88 -29.08 40.09 -28.83 41.81 -30.19 curveto
43.52 -31.55 47.09 -35.78 48.3 -37.19 curveto
49.51 -38.6 55.16 -45.82 56.59 -47.21 curveto
58.01 -48.6 59.09 -51.68 64.62 -52.91 curveto stroke
newpath 71.39 -75.56 moveto
71.39 -75.56 77.5 -73.2 80.29 -72.49 curveto
83.08 -71.79 88.68 -68.72 93.33 -65.29 curveto
97.99 -61.86 101.74 -56.7 102.19 -53.35 curveto
102.64 -49.99 103.98 -43.09 106.28 -40.18 curveto
108.57 -37.26 115.8 -33.89 120.75 -31.94 curveto
125.69 -29.99 131.06 -29.35 134.19 -29.07 curveto
137.33 -28.78 151.63 -28.7 152.09 -25.49 curveto
152.55 -22.29 158.42 -22.21 160.89 -22.89 curveto
163.36 -23.58 168.94 -23.2 170.31 -20.23 curveto stroke
newpath 170.31 -20.23 moveto
170.31 -20.23 171.58 -18.3 171.82 -15.32 curveto
172.05 -12.33 175.15 -9.01 175.12 -7.06 curveto
175.09 -5.11 175.77 0.08 172.99 3.59 curveto
171.16 5.91 172.61 7.82 171.84 10.72 curveto
171.07 13.61 169.3 16.27 170.88 20.46 curveto
172.45 24.65 176.85 31.27 180.04 33.66 curveto
183.22 36.05 184.65 38.57 188.04 39.39 curveto
191.43 40.2 194.73 39.71 196.45 39.86 curveto
198.17 40.01 201.28 40 205.24 38.62 curveto
209.2 37.23 214.16 35.22 216.05 35.9 curveto
217.95 36.58 221.68 38.44 224.77 37.93 curveto stroke
newpath 222.88 44.33 moveto
222.1 44.12 221.46 44.06 220.38 44.83 curveto
219.29 45.6 216.78 48.69 215.15 49.92 curveto
213.52 51.15 210.26 51.14 209.02 51.32 curveto
207.77 51.5 206.07 52.65 204.55 53.53 curveto
203.02 54.4 203.96 59.98 203.96 59.98 curveto stroke
newpath 196.82 56.74 moveto
196.82 56.74 200.13 52.67 200.5 51.95 curveto
200.86 51.23 193.53 49.89 192.7 48.99 curveto
191.88 48.09 190.98 47.25 190.98 47.25 curveto
190.98 47.25 188.61 52.68 188.72 53.14 curveto stroke
newpath 144.42 34.84 moveto
144.42 34.84 147.36 35.97 148.14 34.53 curveto
148.92 33.08 147.78 32.83 148.45 31.09 curveto
149.11 29.34 149.59 27.29 149.42 25.97 curveto
149.25 24.66 147.48 21.9 148.1 20.59 curveto
148.73 19.28 149.89 16.86 150.15 15.51 curveto
150.42 14.16 151.07 12.56 151.11 10.46 curveto
151.16 8.37 150.89 3.48 150.64 1.43 curveto
150.39 -0.62 149.37 -6.86 143.29 -7.62 curveto
137.22 -8.39 134.93 -7.08 131.05 -8.95 curveto
127.17 -10.81 115.5 -15.26 112.57 -15.67 curveto
109.65 -16.08 107.02 -17.48 105.91 -15.55 curveto
104.8 -13.63 106.06 -11.63 105.35 -10.18 curveto
104.64 -8.73 102.96 -3.68 102.27 -0.05 curveto
101.57 3.57 102.32 5.66 103.08 6.89 curveto stroke
newpath 163.08 45.21 moveto
163.08 45.21 164.46 41.14 163.79 35.73 curveto
163.11 30.32 162.37 28.95 161.65 27.29 curveto
161.45 26.82 162.61 27.89 162.61 27.89 curveto
162.61 27.89 163.18 24.76 162.71 23.56 curveto
162.24 22.36 160.14 18.41 159.55 16.98 curveto
158.95 15.56 157.21 12.44 156.68 11.17 curveto
156.15 9.89 153.04 18.66 153.24 21.27 curveto
153.43 23.89 152.87 26.86 152.61 28.14 curveto
152.35 29.41 152.97 32.22 153.69 33.8 curveto
154.42 35.38 155.79 36.95 157.45 39.42 curveto
159.11 41.88 160.32 42.86 161.02 44.01 curveto
161.71 45.15 163.08 45.21 163.08 45.21 curveto closepath stroke
showpage
%%EOF
