%!PS
%%BoundingBox: -179 -118 163 121 
%%HiResBoundingBox: -178.67921 -117.3228 162.40251 120.65251 
%%Creator: MetaPost 1.209
%%CreationDate: 2019.09.26:1811
%%Pages: 1
%%BeginProlog
%%EndProlog
%%Page: 1 1
 0 0 0 setrgbcolor 0 0.24501 dtransform truncate idtransform setlinewidth pop
 [] 0 setdash 1 setlinecap 1 setlinejoin 10 setmiterlimit
newpath -90.1 -56.43 moveto
-90.1 -56.43 -87.04 -62.49 -86.39 -64.15 curveto
-85.75 -65.81 -85.27 -69.7 -82.86 -71.9 curveto
-80.45 -74.11 -79.31 -74.9 -75.18 -77.15 curveto
-70.6 -79.65 -57.14 -87.54 -44.92 -88.46 curveto
-38.05 -88.98 -34.24 -94.13 -29.95 -99.85 curveto
-24.87 -106.63 -11.79 -108.56 -4.27 -111.85 curveto
3.26 -115.14 19.86 -117.95 26.49 -117.02 curveto
33.12 -116.09 43.65 -114.46 48.06 -113.72 curveto stroke
newpath 58.1 -110.59 moveto
58.1 -110.59 65.45 -108.05 68.22 -106.25 curveto
70.99 -104.45 79.83 -97.47 85.76 -94.53 curveto
91.7 -91.59 106.12 -83.42 111.1 -81.42 curveto
116.09 -79.43 118.28 -78.89 119.75 -78.07 curveto
121.23 -77.25 123.46 -77.22 124.13 -76.99 curveto
124.8 -76.76 125.24 -75.86 127.1 -75.52 curveto
128.96 -75.18 134.95 -72.75 138.1 -71.43 curveto
141.25 -70.12 157.94 -62.6 162.28 -59.12 curveto stroke
newpath 162.25 -45.35 moveto
162.25 -45.35 147.56 -50.46 143.7 -51.49 curveto
139.84 -52.52 132.97 -54.51 130.84 -55.73 curveto
128.71 -56.96 120.19 -57.89 117.53 -58.99 curveto
114.88 -60.08 104.22 -64.13 101.8 -65.9 curveto stroke
newpath 70.57 -84.35 moveto
70.57 -84.35 66.65 -86.77 64.39 -88.34 curveto
62.12 -89.92 59.1 -92.77 57.28 -93.62 curveto
55.46 -94.48 49.17 -97.27 46.97 -97.64 curveto
44.76 -98.01 30.81 -97.87 28.21 -97.76 curveto stroke
newpath 16.65 -97.42 moveto
16.65 -97.42 10.39 -98.66 3.72 -95.3 curveto
0.58 -93.71 -4.44 -92.52 -8.27 -92.07 curveto
-12.23 -91.6 -18.34 -89.18 -23.85 -85.2 curveto
-29.36 -81.21 -32.74 -78.5 -36.62 -77.46 curveto
-40.5 -76.42 -48.81 -73.9 -53.16 -73.59 curveto
-58.65 -73.19 -63.48 -70.54 -64.36 -69.29 curveto
-65.11 -68.24 -67.3 -68.48 -69.47 -67.48 curveto
-74.5 -65.17 -76.47 -66.07 -76.63 -55.82 curveto
-76.63 -55.44 -72.66 -51.71 -72.66 -51.71 curveto stroke
newpath -75.46 -49.03 moveto
-75.46 -49.03 -76.79 -49.49 -77.21 -50.73 curveto stroke
newpath -77.21 -50.73 moveto
-77.21 -50.73 -77.15 -47.28 -77.76 -46.14 curveto
-79.85 -42.21 -85.34 -38.19 -90.36 -33.99 curveto
-95.38 -29.79 -103.99 -24.01 -105.53 -20.19 curveto
-107.08 -16.37 -109.16 -8.47 -109.75 -5.76 curveto
-110.33 -3.06 -112.28 0.74 -113.87 2.82 curveto
-118.16 8.42 -121.12 9.74 -122.85 11.83 curveto
-124.59 13.91 -129.16 18.88 -130.69 20.63 curveto
-132.23 22.39 -138.38 27.65 -140.78 29.5 curveto
-143.18 31.35 -144.79 32.47 -145.4 33.52 curveto
-146.06 34.67 -146.02 36.6 -145.32 36.49 curveto
-144.62 36.38 -143.85 36.02 -141.05 37.82 curveto stroke
newpath -141.05 37.82 moveto
-141.05 37.82 -138.07 39.72 -135.31 41.08 curveto
-134.85 41.31 -131.38 43.76 -129.02 44.31 curveto
-126.66 44.87 -121.53 47.69 -119.53 48.38 curveto
-117.52 49.08 -112.13 51.84 -110.67 52.83 curveto
-109.21 53.82 -107.32 55.75 -105.42 55.75 curveto
-103.53 55.74 -100.15 58.41 -98.96 58.52 curveto
-97.76 58.63 -96 60.16 -95.54 60.72 curveto
-95.43 60.85 -98.87 59.95 -101.32 60.42 curveto
-103.77 60.89 -105.52 60.69 -107.58 60.68 curveto
-109.65 60.66 -116.97 59.84 -119.19 59.64 curveto
-121.41 59.45 -128.58 58.81 -130.93 58.08 curveto stroke
newpath -130.93 58.08 moveto
-130.93 58.08 -126 60.76 -124 61.45 curveto
-121.99 62.15 -120.53 63.73 -118.32 65.41 curveto
-116.26 66.97 -113.58 68.24 -109.78 69.44 curveto
-107.79 70.07 -102.08 72.37 -99.57 73.11 curveto
-97.05 73.86 -89.07 76.99 -87.05 77.52 curveto
-85.04 78.05 -80.43 80.36 -78.58 80.87 curveto
-76.73 81.38 -74.25 82.51 -73.48 83.44 curveto
-72.7 84.37 -72.48 85.73 -71.19 86.71 curveto stroke
newpath -71.19 86.71 moveto
-71.19 86.71 -73.41 87.5 -74.7 86.91 curveto
-76.53 86.07 -81.62 85.95 -84.54 85.86 curveto
-87.46 85.77 -97.85 84.5 -100.77 84.42 curveto
-103.69 84.33 -111.02 83.49 -113.58 83.25 curveto
-116.14 83.02 -119.43 82.32 -120.97 81.75 curveto stroke
newpath -120.97 81.75 moveto
-120.97 81.75 -118.28 84.71 -118.62 86.57 curveto
-118.69 86.94 -122.24 85.71 -125.9 86.23 curveto
-129.56 86.75 -129.72 86.56 -133.53 86.89 curveto
-137.35 87.23 -139.68 86.51 -143.24 86.04 curveto
-146.81 85.56 -152.37 84.21 -154.47 82.65 curveto
-155.27 82.05 -156.49 92.98 -156.31 95.57 curveto
-155.94 100.94 -157.94 104.04 -157.46 104.42 curveto
-155.6 105.92 -144.68 115.56 -141.76 117.54 curveto stroke
newpath -144.96 120.53 moveto
-144.96 120.53 -154.16 113.2 -156.98 110.66 curveto
-159.27 108.62 -169.32 102.32 -172.47 101.01 curveto
-175.63 99.69 -178.72 97.69 -178.55 95.81 curveto
-178.38 93.93 -176.94 91.31 -175.22 89.4 curveto
-173.49 87.48 -169.49 83.2 -168.43 81.06 curveto
-167.38 78.92 -167.34 76.52 -165.9 75.79 curveto
-164.46 75.05 -159.74 76.16 -156.96 75.89 curveto
-154.18 75.61 -146.18 77.36 -142.78 77.48 curveto
-139.38 77.59 -134.62 78.97 -132.87 79.34 curveto
-131.06 79.73 -129.24 80.97 -127.36 81.15 curveto stroke
newpath -127.94 76.75 moveto
-127.94 76.75 -125.5 76.42 -123.13 78.62 curveto
-121.69 79.95 -118.6 80.38 -115.31 80.17 curveto
-112.03 79.96 -103.59 81.41 -99.96 81.21 curveto
-96.32 81.01 -86.82 82.94 -85.28 83.07 curveto
-83.74 83.21 -80.88 83.43 -78.69 83.97 curveto stroke
newpath -78.69 83.97 moveto
-78.69 83.97 -84.34 83.12 -89.72 79.87 curveto
-91.04 79.07 -93.54 78.32 -98.04 76.71 curveto
-102.54 75.1 -101.8 75.77 -106.07 74.14 curveto
-110.47 72.45 -113.92 71.55 -117.05 70.06 curveto
-120.18 68.56 -120.69 68.99 -121.92 67.33 curveto
-123.15 65.66 -124.68 65.35 -125.97 64.38 curveto
-127.26 63.4 -134.37 60.53 -135.29 59.24 curveto
-136.21 57.96 -136.24 57.82 -136.4 56.67 curveto
-136.73 54.17 -133.76 53.75 -130.67 53.72 curveto
-128.09 53.69 -123.92 54.71 -121.55 55.17 curveto
-119.24 55.63 -112.57 56.79 -110.54 57.14 curveto stroke
newpath -110.54 57.14 moveto
-110.54 57.14 -113.61 56.4 -115.07 55.41 curveto
-116.53 54.42 -117.98 53.26 -120.48 52.82 curveto
-121.45 52.64 -129.75 48.72 -132.04 47.31 curveto
-134.32 45.91 -141.37 43.9 -143.83 42.48 curveto stroke
newpath -143.83 42.48 moveto
-143.83 42.48 -148.43 40 -149.93 39.53 curveto
-151.44 39.05 -154.07 38.64 -154.5 36.67 curveto
-154.79 35.3 -153.32 35.82 -151.99 32.16 curveto
-151.08 29.66 -149.42 24.08 -148.18 21.78 curveto
-146.94 19.48 -146.34 14.72 -145.52 13.24 curveto
-144.7 11.77 -141.79 9.96 -140.02 9.43 curveto
-138.25 8.9 -132.11 7.56 -130.28 6.34 curveto
-128.45 5.13 -124.68 3.4 -122.81 -0.22 curveto
-120.94 -3.84 -119.28 -8.99 -118.79 -12.42 curveto
-118.22 -16.46 -116.07 -23.24 -116.12 -25.01 curveto
-116.17 -26.43 -112.49 -30.06 -110.49 -32.17 curveto
-108.32 -34.45 -102.6 -37.66 -99.49 -39.79 curveto
-96.37 -41.92 -94.06 -44.64 -92.93 -49.51 curveto
-92.54 -51.18 -90.1 -56.43 -90.1 -56.43 curveto stroke
newpath -134.74 13.91 moveto
-133.42 13.59 lineto
-132.62 13.84 lineto
-132.74 14.64 lineto
-133 15.14 lineto
-134.56 15.77 lineto
-135.92 15.61 lineto
-135.91 15.01 lineto
 closepath stroke
showpage
%%EOF
