%!PS
%%BoundingBox: -141 -194 160 232 
%%HiResBoundingBox: -140.74089 -193.49251 159.8825 231.11252 
%%Creator: MetaPost 1.209
%%CreationDate: 2019.09.26:1811
%%Pages: 1
%%BeginProlog
%%EndProlog
%%Page: 1 1
 0 0 0 setrgbcolor 0 0.24501 dtransform truncate idtransform setlinewidth pop
 [] 0 setdash 1 setlinecap 1 setlinejoin 10 setmiterlimit
newpath 122.5 205.56 moveto
122.5 205.56 118.32 196.07 116.91 193.27 curveto
115.5 190.46 111.55 179.92 111.55 179.92 curveto
111.55 179.92 109.03 171.88 108.32 170.16 curveto
107.6 168.43 104.39 160.77 103.94 159.35 curveto
103.48 157.94 103.17 153.43 103.05 151.54 curveto
102.93 149.65 102.37 139.84 101.63 137.6 curveto
100.9 135.36 98.89 127.16 97.15 124.83 curveto
95.41 122.5 83.59 105.24 82.23 103.46 curveto
80.88 101.67 77.78 95.97 76.35 93.38 curveto
74.92 90.79 69.72 83.46 67.79 80.82 curveto
65.86 78.19 59.61 69.02 56.84 66.02 curveto
54.08 63.02 50.04 58.17 47.55 52.89 curveto
42.7 42.57 38.08 36.92 35.32 32.33 curveto
32.55 27.74 26.48 18.95 24.2 15.35 curveto
21.93 11.74 20.63 9.31 20.02 7.23 curveto
19.42 5.15 10.93 -6.53 8.13 -9.96 curveto
5.34 -13.4 0.06 -22.19 -2.19 -25.36 curveto
-4.43 -28.52 -8.9 -34.28 -11.65 -37.42 curveto
-14.4 -40.56 -21.23 -48.98 -23.9 -52.19 curveto
-26.58 -55.39 -35.6 -65.9 -39.8 -69.02 curveto
-44 -72.15 -58.48 -89.58 -62.29 -93.11 curveto
-66.09 -96.63 -66.27 -97.08 -67.14 -97.81 curveto stroke
newpath -60.41 -105.88 moveto
-60.41 -105.88 -51.49 -99.79 -51.15 -100.27 curveto
-50.82 -100.74 -55.64 -107.47 -56.34 -108.55 curveto
-58.58 -112.01 -62.47 -113.44 -66.81 -115.07 curveto
-71.14 -116.69 -79.07 -121.61 -81.45 -122.47 curveto
-83.83 -123.34 -90.19 -128.04 -91.56 -129.68 curveto
-92.93 -131.32 -97.61 -137.09 -100.12 -138.9 curveto
-102.63 -140.72 -108.71 -146.98 -111.09 -153.48 curveto
-113.46 -159.99 -118.12 -170.81 -121.71 -170.34 curveto
-125.3 -169.87 -137.94 -166.75 -139.15 -165.34 curveto
-140.36 -163.93 -140.77 -162.6 -140.57 -161.64 curveto stroke
newpath -119.7 -193.37 moveto
-119.7 -193.37 -108 -193.25 -105.21 -188.15 curveto
-102.42 -183.06 -97.92 -171.23 -95.54 -169.57 curveto
-93.16 -167.91 -88.14 -170.71 -82.26 -170.18 curveto
-79.53 -169.93 -72.91 -168.83 -66.93 -162.22 curveto
-57.56 -151.87 -55.13 -144.74 -52.84 -138.17 curveto
-50.54 -131.6 -43.13 -117.83 -42.91 -115.5 curveto
-42.68 -113.16 -39.19 -106.2 -38.19 -104.45 curveto
-37.2 -102.69 -31.02 -94.26 -28.86 -90.88 curveto
-26.71 -87.5 -13.83 -69.28 -10.65 -65.23 curveto
-7.48 -61.18 -3.71 -56.51 -0.9 -53.94 curveto
1.9 -51.37 5.38 -44.26 9.59 -41.28 curveto
13.8 -38.3 20.32 -34.38 22.85 -34.37 curveto
25.38 -34.36 28.23 -35.55 28.75 -37.23 curveto stroke
newpath 33.14 -33.08 moveto
33.14 -33.08 30.13 -30.96 31.55 -27.44 curveto
32.96 -23.91 34.73 -11.46 35.71 -8.7 curveto
36.69 -5.94 41.57 4.77 44.01 8.25 curveto
46.44 11.72 50.87 20.29 53.05 23.31 curveto
55.24 26.33 61.49 33.91 62.94 36.28 curveto
64.38 38.65 70.22 45.25 72.11 49.19 curveto
73.99 53.12 75.97 60.81 78 64.76 curveto
80.02 68.7 88.02 83.45 90.09 87.75 curveto
92.16 92.06 99.25 103.11 102.24 106.93 curveto
105.22 110.74 109.9 118.9 112.08 122.85 curveto
114.25 126.81 116.36 129.89 117.45 133.03 curveto
118.54 136.16 120.03 142.8 119.4 148.17 curveto
118.77 153.54 119.79 155.07 119.27 156.04 curveto
118.75 157.01 117.57 158.13 116.55 157.31 curveto
115.54 156.5 115.42 154.61 113.87 154.97 curveto
112.32 155.34 111.36 155.61 110.81 157.73 curveto
110.25 159.85 109.38 162.38 110.85 166.92 curveto
112.32 171.46 114.24 178.14 115.76 179.72 curveto
117.28 181.3 120.39 181.3 121.75 182.22 curveto stroke
newpath 126.19 186.67 moveto
126.19 186.67 126.81 189.33 128.64 191.45 curveto
130.47 193.57 134.76 198.87 135.62 200.61 curveto
136.47 202.35 138.45 204.41 140.34 205.95 curveto
142.22 207.5 146.66 211.15 147.71 209.94 curveto
148.76 208.74 148.88 208.18 148.69 207.87 curveto stroke
newpath 151.83 207.45 moveto
151.83 207.45 152.61 208.39 153.54 209.26 curveto
154.47 210.14 156.01 212.22 156.63 213.29 curveto
157.26 214.35 158.95 217.31 159.76 217.89 curveto stroke
newpath 158.21 221.57 moveto
158.21 221.57 157.66 223.69 157.29 224.67 curveto
156.91 225.64 155.58 227.61 155.35 227.81 curveto stroke
newpath 153.83 230.99 moveto
153.83 230.99 151.4 226.73 150.5 225.57 curveto
149.59 224.41 147.56 222.14 146.87 220.99 curveto
146.18 219.85 145.11 216.36 143.27 215.18 curveto
141.42 214 136.37 211.45 135.18 211.05 curveto
133.98 210.66 132.71 209.53 132.44 210.09 curveto
132.17 210.64 130.27 212.42 128.08 211.79 curveto
123.68 210.51 123.68 209.21 122.5 205.56 curveto stroke
newpath 123.8 205.61 moveto
123.8 205.61 124.02 206.28 124.89 206.36 curveto
125.75 206.44 126.87 206.76 127.84 206.49 curveto
128.81 206.21 129.64 206.58 129.72 205.72 curveto
129.8 204.86 129.7 204.34 128.13 204.13 curveto
126.56 203.91 125.03 203.98 124.57 204.3 curveto
124.1 204.62 123.8 205.61 123.8 205.61 curveto closepath stroke
showpage
%%EOF
