%!PS
%%BoundingBox: -374 -800 375 811 
%%HiResBoundingBox: -373.16667 -799.01666 374.65253 810.81667 
%%Creator: MetaPost 1.209
%%CreationDate: 2018.11.10:1625
%%Pages: 1
%%BeginProlog
%%EndProlog
%%Page: 1 1
 0 0 0 setrgbcolor 0 0.33333 dtransform truncate idtransform setlinewidth pop
 [] 0 setdash 1 setlinecap 1 setlinejoin 10 setmiterlimit
newpath -163.6 -358.88 moveto
-163.6 -358.88 -167.46 -366.96 -166.87 -369.57 curveto
-166.28 -372.17 -163.1 -381.39 -161.5 -382.79 curveto
-159.9 -384.19 -156.88 -391.56 -156.88 -391.56 curveto stroke
 0 0 1 setrgbcolor 0 0.23332 dtransform truncate idtransform setlinewidth pop
newpath -163.6 -358.88 moveto
-163.6 -358.88 -167.46 -366.96 -166.87 -369.57 curveto
-166.28 -372.17 -163.1 -381.39 -161.5 -382.79 curveto
-159.9 -384.19 -156.88 -391.55 -156.88 -391.55 curveto stroke
 1 0 0 setrgbcolor
newpath -163.62 -359.21 moveto
-163.62 -359.21 -167.42 -367.28 -166.82 -369.88 curveto
-166.22 -372.48 -163.02 -381.68 -161.43 -383.08 curveto
-159.83 -384.48 -156.81 -391.85 -156.81 -391.85 curveto stroke
 0 0 0 setrgbcolor 0 0.33333 dtransform truncate idtransform setlinewidth pop
newpath -340.88 -788.63 moveto
-340.88 -788.63 -339.87 -788.58 -339.44 -788.3 curveto
-339.01 -788.01 -335.07 -784.29 -334.43 -783.21 curveto
-333.78 -782.13 -329.67 -775.82 -329.33 -775.43 curveto
-329 -775.05 -314.8 -754.49 -309.11 -748.33 curveto
-302.8 -741.49 -297.67 -734.96 -294.56 -733.35 curveto
-291.53 -731.79 -274.65 -715.63 -272.77 -713.24 curveto
-269.99 -709.72 -264.22 -692.61 -263.74 -690.79 curveto
-263.26 -688.96 -253.94 -670.05 -253.26 -667.84 curveto
-252.59 -665.63 -246.03 -645.81 -244.77 -642.37 curveto
-243.36 -638.51 -242.27 -626.76 -240.55 -623.84 curveto
-238.54 -620.43 -231.96 -606.4 -231 -604.58 curveto
-230.04 -602.76 -223.61 -584.33 -223.04 -581.84 curveto
-222.46 -579.34 -218.02 -567.98 -214.93 -562.76 curveto
-212.79 -559.13 -208.17 -549.37 -206.06 -546.68 curveto
-203.95 -543.99 -191.83 -525.27 -189.91 -523.26 curveto
-187.99 -521.24 -180.31 -512.79 -178.2 -509.72 curveto
-176.09 -506.65 -164.58 -484.09 -163.43 -481.6 curveto
-162.28 -479.1 -156.99 -466.53 -156.71 -463.94 curveto
-156.42 -461.34 -152.28 -444.26 -151.42 -441.09 curveto
-150.56 -437.92 -149.11 -426.78 -148.25 -423.71 curveto
-147.39 -420.64 -143.64 -408.64 -142.97 -406.33 curveto
-142.3 -404.03 -140.78 -395.94 -138.77 -392.96 curveto
-136.76 -389.98 -126.71 -375.42 -125.08 -373.62 curveto
-123.46 -371.83 -105.22 -349.66 -102.14 -345.27 curveto
-99.03 -340.85 -90.21 -326.12 -88.96 -323.92 curveto
-87.71 -321.71 -78.21 -302.6 -77.35 -300.01 curveto
-76.48 -297.42 -69.47 -278.22 -68.7 -276.11 curveto
-67.93 -274 -63.71 -259.59 -61.79 -257.58 curveto
-59.87 -255.56 -53.34 -253.06 -51.23 -252.58 curveto
-49.12 -252.11 -37.31 -248.56 -33.76 -245.77 curveto
-30.21 -242.99 -23.01 -234.73 -21.95 -232.42 curveto
-20.89 -230.12 -10.97 -215.2 -10.68 -211.55 curveto
-10.39 -207.9 -8.7 -189.61 -9.38 -187.59 curveto
-10.05 -185.58 -14.94 -178.96 -18.59 -176.08 curveto
-22.24 -173.2 -32.13 -162.99 -37.03 -160.33 curveto
-38.84 -159.35 -42.98 -158.32 -42.5 -156.49 curveto
-42.02 -154.67 -38.6 -151.35 -37.66 -149.21 curveto
-36.73 -147.09 -31.87 -141.74 -26.76 -137.93 curveto
-25.71 -137.15 -13.56 -128.69 -11.16 -127.45 curveto
-8.76 -126.2 2.33 -120.8 4.55 -119.21 curveto
7.88 -116.81 11.74 -108.2 8.76 -100.33 curveto
5.79 -92.45 1.95 -86.21 1.37 -84.96 curveto
0.8 -83.71 -0.07 -82.85 0.03 -82.08 curveto stroke
 0 0 1 setrgbcolor 0 0.23332 dtransform truncate idtransform setlinewidth pop
newpath -340.89 -788.63 moveto
-340.89 -788.63 -339.88 -788.58 -339.45 -788.3 curveto
-339.01 -788.01 -335.08 -784.29 -334.43 -783.21 curveto
-333.78 -782.13 -329.67 -775.82 -329.34 -775.43 curveto
-329 -775.05 -314.8 -754.49 -309.11 -748.33 curveto
-302.8 -741.49 -297.67 -734.96 -294.56 -733.35 curveto
-291.53 -731.79 -274.65 -715.62 -272.77 -713.24 curveto
-269.99 -709.72 -264.22 -692.61 -263.74 -690.78 curveto
-263.26 -688.96 -253.94 -670.05 -253.26 -667.84 curveto
-252.59 -665.63 -246.03 -645.81 -244.77 -642.36 curveto
-243.36 -638.5 -242.27 -626.76 -240.55 -623.84 curveto
-238.54 -620.43 -231.96 -606.4 -231 -604.58 curveto
-230.04 -602.75 -223.61 -584.33 -223.04 -581.83 curveto
-222.46 -579.34 -218.02 -567.98 -214.93 -562.76 curveto
-212.79 -559.13 -208.17 -549.37 -206.06 -546.68 curveto
-203.95 -543.99 -191.83 -525.27 -189.91 -523.26 curveto
-187.99 -521.24 -180.31 -512.79 -178.2 -509.72 curveto
-176.09 -506.65 -164.58 -484.09 -163.43 -481.6 curveto
-162.28 -479.1 -156.99 -466.53 -156.71 -463.94 curveto
-156.42 -461.34 -152.28 -444.25 -151.42 -441.09 curveto
-150.56 -437.92 -149.11 -426.78 -148.25 -423.71 curveto
-147.39 -420.64 -143.64 -408.64 -142.97 -406.33 curveto
-142.3 -404.03 -140.78 -395.94 -138.77 -392.96 curveto
-136.76 -389.97 -126.71 -375.42 -125.08 -373.62 curveto
-123.45 -371.83 -105.24 -349.65 -102.14 -345.27 curveto
-99.04 -340.84 -90.21 -326.12 -88.96 -323.91 curveto
-87.71 -321.71 -78.21 -302.6 -77.35 -300.01 curveto
-76.48 -297.42 -69.47 -278.22 -68.7 -276.11 curveto
-67.93 -273.99 -63.71 -259.59 -61.79 -257.57 curveto
-59.87 -255.56 -53.34 -253.06 -51.23 -252.58 curveto
-49.12 -252.1 -37.31 -248.55 -33.76 -245.77 curveto
-30.21 -242.99 -23.01 -234.73 -21.95 -232.42 curveto
-20.89 -230.12 -10.97 -215.2 -10.68 -211.55 curveto
-10.39 -207.9 -8.7 -189.61 -9.38 -187.59 curveto
-10.05 -185.58 -14.94 -178.95 -18.59 -176.08 curveto
-22.24 -173.2 -32.13 -162.99 -37.03 -160.33 curveto
-38.84 -159.35 -42.98 -158.32 -42.5 -156.49 curveto
-42.02 -154.67 -38.6 -151.35 -37.66 -149.21 curveto
-36.73 -147.09 -31.87 -141.74 -26.76 -137.93 curveto
-25.71 -137.15 -13.56 -128.69 -11.16 -127.45 curveto
-8.76 -126.2 2.33 -120.8 4.55 -119.2 curveto
7.89 -116.8 11.74 -108.19 8.76 -100.32 curveto
5.79 -92.45 1.95 -86.21 1.37 -84.96 curveto
0.8 -83.71 -0.07 -82.85 0.03 -82.08 curveto stroke
 1 0 0 setrgbcolor
newpath -340.84 -788.75 moveto
-340.84 -788.75 -339.83 -788.71 -339.4 -788.42 curveto
-338.97 -788.13 -335.03 -784.41 -334.38 -783.33 curveto
-333.73 -782.25 -329.63 -775.94 -329.29 -775.56 curveto
-328.96 -775.18 -314.77 -754.63 -309.08 -748.47 curveto
-302.77 -741.64 -297.63 -735.11 -294.52 -733.51 curveto
-291.5 -731.94 -274.61 -715.79 -272.73 -713.41 curveto
-269.95 -709.89 -264.18 -692.78 -263.7 -690.96 curveto
-263.22 -689.13 -253.91 -670.23 -253.23 -668.02 curveto
-252.56 -665.81 -246 -646 -244.74 -642.56 curveto
-243.33 -638.7 -242.23 -626.96 -240.51 -624.04 curveto
-238.5 -620.64 -231.91 -606.61 -230.95 -604.78 curveto
-229.99 -602.96 -223.56 -584.54 -222.98 -582.04 curveto
-222.41 -579.55 -217.97 -568.19 -214.89 -562.97 curveto
-212.75 -559.35 -208.13 -549.6 -206.02 -546.91 curveto
-203.91 -544.22 -191.78 -525.52 -189.86 -523.51 curveto
-187.94 -521.49 -180.26 -513.05 -178.15 -509.98 curveto
-176.04 -506.91 -164.51 -484.36 -163.36 -481.86 curveto
-162.21 -479.37 -156.93 -466.8 -156.64 -464.21 curveto
-156.35 -461.62 -152.22 -444.53 -151.36 -441.37 curveto
-150.49 -438.2 -149.05 -427.07 -148.18 -424 curveto
-147.32 -420.93 -143.57 -408.93 -142.9 -406.63 curveto
-142.23 -404.33 -140.71 -396.25 -138.7 -393.27 curveto
-136.68 -390.3 -126.58 -375.73 -124.95 -373.91 curveto
-123.31 -372.08 -105.27 -349.34 -102.19 -344.93 curveto
-99.12 -340.52 -90.29 -325.83 -89.04 -323.63 curveto
-87.79 -321.42 -78.29 -302.33 -77.42 -299.73 curveto
-76.56 -297.14 -69.55 -277.95 -68.78 -275.84 curveto
-68.01 -273.73 -63.79 -259.33 -61.87 -257.32 curveto
-59.95 -255.31 -53.42 -252.81 -51.31 -252.33 curveto
-49.2 -251.85 -37.39 -248.3 -33.84 -245.52 curveto
-30.29 -242.74 -23.09 -234.49 -22.03 -232.19 curveto
-20.98 -229.88 -11.05 -214.97 -10.76 -211.33 curveto
-10.47 -207.68 -8.78 -189.39 -9.45 -187.37 curveto
-10.12 -185.36 -15.01 -178.73 -18.66 -175.85 curveto
-22.31 -172.97 -32.19 -162.76 -37.09 -160.1 curveto
-38.89 -159.12 -43.03 -158.09 -42.55 -156.27 curveto
-42.07 -154.45 -38.65 -151.13 -37.71 -148.99 curveto
-36.78 -146.88 -31.92 -141.54 -26.81 -137.73 curveto
-25.76 -136.95 -13.61 -128.5 -11.21 -127.25 curveto
-8.81 -126 2.28 -120.6 4.49 -119.01 curveto
7.83 -116.61 11.68 -108.01 8.71 -100.14 curveto
5.74 -92.27 1.9 -86.03 1.33 -84.78 curveto
0.75 -83.53 -0.11 -82.67 -0.02 -81.9 curveto stroke
 0 0 0 setrgbcolor 0 0.11667 dtransform truncate idtransform setlinewidth pop
newpath 67.37 41.55 moveto
67.61948 42.26741 68.31021 42.75507 69.02051 42.57445 curveto
69.73409 42.39299 70.29242 43.1686 70.28851 44.05031 curveto
70.28476 44.89664 70.52582 45.78386 71.23997 45.74673 curveto
71.92325 45.71121 72.38814 46.32018 72.85791 46.82303 curveto
73.30734 47.30411 74.03307 47.39893 74.51 47.85 curveto
74.51 47.85 lineto stroke
newpath 73.69397 46.79553 moveto
73.9735 47.14088 74.32706 47.44093 74.51 47.85 curveto
74.51 47.85 lineto
74.51 47.85 lineto
74.09137 47.69011 73.6292 47.72795 73.18735 47.68143 curveto
 closepath stroke
newpath 73.69397 46.79553 moveto
73.9735 47.14088 74.32706 47.44093 74.51 47.85 curveto
74.51 47.85 lineto
74.51 47.85 lineto
74.09137 47.69011 73.6292 47.72795 73.18735 47.68143 curveto
 closepath fill
 0 0.33333 dtransform truncate idtransform setlinewidth pop
newpath -1.12 -77.95 moveto
-1.41 -76.23 -3.72 -66.34 -4.96 -64.13 curveto
-6.21 -61.93 -8.99 -52.61 -9.67 -50.98 curveto
-10.34 -49.35 -12.93 -38.4 -9.57 -34.37 curveto
-6.21 -30.34 -2.76 -25.44 -0.17 -24.01 curveto
2.42 -22.57 10.49 -14.6 11.74 -13.83 curveto
12.99 -13.06 32.38 -6.06 34.2 -4.9 curveto
36.02 -3.75 52.25 5.17 54.27 7.19 curveto
56.29 9.21 63.41 15.19 65.33 17.49 curveto
67.25 19.8 81.72 37.24 83.35 40.22 curveto
84.98 43.19 95.35 63.15 96.5 65.46 curveto
97.65 67.76 106.87 90.6 107.07 97.8 curveto
107.26 105 108.7 120.27 107.55 124.78 curveto
106.4 129.3 103.04 144.85 103.14 149.65 curveto
103.23 154.45 103.04 167.12 100.93 169.81 curveto
98.82 172.49 95.17 178.64 93.82 179.02 curveto
92.48 179.41 89.79 180.75 90.66 183.83 curveto
91.52 186.9 98.15 195.83 100.07 198.33 curveto
101.99 200.83 110.63 212.06 111.87 213.69 curveto
113.12 215.32 122.14 229.04 123.39 231.24 curveto
124.64 233.45 132.42 247.55 134.14 249.66 curveto
135.87 251.77 146.92 269.54 148.16 273.09 curveto
149.41 276.65 159.5 294.03 160.94 296.91 curveto
162.37 299.79 167.94 312.85 169.48 314.48 curveto
171.01 316.11 176.87 323.5 178.4 324.94 curveto
179.94 326.39 191.46 334.36 192.52 335.61 curveto
193.57 336.86 203.74 350.77 204.42 352.2 curveto
205.43 354.31 212.87 373.24 212.68 376.5 curveto
212.49 379.77 213.71 384.55 211.43 387.06 curveto
208.65 390.14 208.84 394.83 206.34 398.28 curveto
203.85 401.73 197.41 410.93 196.07 412.66 curveto
194.72 414.39 188.39 421.4 186.56 426.3 curveto
184.74 431.19 182.42 434.49 182.37 440.07 curveto
182.31 446.14 184.4 452.84 185.34 455.65 curveto
186.28 458.47 191.15 474.43 193.67 477.46 curveto
195.59 479.77 201.62 488.83 202.2 490.18 curveto
202.77 491.53 204.72 496.2 204.72 496.2 curveto
204.72 496.2 209.32 506.76 210.09 508.68 curveto
210.85 510.59 217.33 522.78 218.2 524.55 curveto
221.34 530.91 234.09 551.68 236 553.75 curveto
239.81 557.87 243.97 566.94 244.55 568.38 curveto
245.12 569.83 248.87 576.47 250.5 577.53 curveto
252.13 578.58 257.62 581.59 259.81 583.65 curveto
261.44 585.18 265.38 589.29 266.34 590.05 curveto
267.3 590.82 281.8 605.12 283.34 607.33 curveto
284.87 609.53 291.97 626.5 292.64 627.94 curveto
293.31 629.38 296.86 650.53 297.05 652.06 curveto
297.24 653.59 298.38 665.43 299.14 669.06 curveto
299.91 672.7 300.97 679.26 301.26 681.2 curveto
301.55 683.13 303.39 692.42 304.35 693.67 curveto
305.31 694.92 311.63 700.69 314.21 703.92 curveto
316.81 707.16 327.94 718.44 329.57 720.18 curveto
331.21 721.94 338.62 728.28 339.88 729.83 curveto
341.12 731.36 344.26 736.56 345.12 738.4 curveto
345.96 740.24 349.53 746.17 349.53 746.17 curveto
349.53 746.17 353.04 752.75 353.45 756.56 curveto
353.72 759.12 353.14 763.63 354.29 765.73 curveto
355.4 767.76 358.88 772.9 361.27 775.61 curveto
363.81 778.49 370.85 788.2 370.95 791.76 curveto
371.04 794.52 370.28 795.86 370.79 796.19 curveto
371.53 796.67 371.56 798.78 371.56 798.78 curveto stroke
 0 0 1 setrgbcolor 0 0.23332 dtransform truncate idtransform setlinewidth pop
newpath -1.12 -77.95 moveto
-1.41 -76.23 -3.72 -66.34 -4.96 -64.13 curveto
-6.21 -61.92 -8.99 -52.61 -9.67 -50.98 curveto
-10.34 -49.35 -12.93 -38.4 -9.57 -34.37 curveto
-6.21 -30.34 -2.76 -25.44 -0.17 -24 curveto
2.42 -22.57 10.49 -14.6 11.74 -13.83 curveto
12.99 -13.06 32.38 -6.06 34.2 -4.9 curveto
36.02 -3.75 52.25 5.18 54.27 7.19 curveto
56.29 9.21 63.42 15.19 65.34 17.5 curveto
67.25 19.8 81.72 37.25 83.35 40.23 curveto
84.99 43.2 95.35 63.16 96.5 65.46 curveto
97.65 67.77 106.87 90.61 107.07 97.81 curveto
107.26 105.01 108.71 120.28 107.55 124.79 curveto
106.4 129.3 103.04 144.85 103.14 149.65 curveto
103.23 154.45 103.04 167.13 100.93 169.81 curveto
98.82 172.5 95.17 178.65 93.83 179.03 curveto
92.48 179.41 89.79 180.76 90.66 183.83 curveto
91.52 186.91 98.15 195.84 100.07 198.33 curveto
101.99 200.83 110.63 212.07 111.87 213.7 curveto
113.12 215.33 122.15 229.05 123.39 231.26 curveto
124.64 233.47 132.42 247.58 134.15 249.69 curveto
135.88 251.8 146.92 269.55 148.17 273.1 curveto
149.42 276.66 159.5 294.03 160.94 296.91 curveto
162.38 299.8 167.94 312.86 169.48 314.49 curveto
171.01 316.12 176.87 323.51 178.41 324.95 curveto
179.94 326.39 191.46 334.36 192.52 335.61 curveto
193.58 336.86 203.74 350.79 204.42 352.22 curveto
205.43 354.33 212.87 373.25 212.68 376.51 curveto
212.49 379.77 213.72 384.55 211.43 387.07 curveto
208.65 390.14 208.84 394.85 206.35 398.3 curveto
203.85 401.76 197.42 410.97 196.07 412.7 curveto
194.73 414.43 188.39 421.43 186.57 426.33 curveto
184.75 431.22 182.42 434.51 182.37 440.09 curveto
182.32 446.17 184.41 452.88 185.35 455.7 curveto
186.29 458.52 191.15 474.47 193.68 477.5 curveto
195.59 479.8 201.62 488.84 202.2 490.19 curveto
202.77 491.53 204.72 496.2 204.72 496.2 curveto
204.72 496.2 209.32 506.78 210.09 508.7 curveto
210.86 510.62 217.34 522.84 218.22 524.62 curveto
221.35 530.98 234.1 551.71 236.01 553.78 curveto
239.82 557.9 243.98 566.97 244.55 568.41 curveto
245.13 569.85 248.87 576.47 250.5 577.53 curveto
252.13 578.58 257.62 581.61 259.81 583.67 curveto
261.45 585.21 265.39 589.34 266.35 590.1 curveto
267.31 590.87 281.81 605.18 283.35 607.39 curveto
284.88 609.6 291.98 626.59 292.65 628.03 curveto
293.33 629.47 296.87 650.59 297.06 652.13 curveto
297.25 653.66 298.4 665.56 299.17 669.21 curveto
299.94 672.86 300.99 679.38 301.28 681.3 curveto
301.57 683.22 303.39 692.43 304.35 693.68 curveto
305.31 694.93 311.65 700.79 314.24 704.05 curveto
316.83 707.32 327.97 718.65 329.6 720.38 curveto
331.23 722.11 338.63 728.29 339.88 729.83 curveto
341.12 731.36 344.29 736.71 345.15 738.63 curveto
346.02 740.55 349.63 746.73 349.63 746.73 curveto
349.63 746.73 353.16 753.38 353.54 757.12 curveto
353.8 759.62 353.22 763.97 354.37 766.18 curveto
355.52 768.38 359.07 774.33 361.57 777.31 curveto
364.06 780.28 370.88 788.73 370.98 791.89 curveto
371.08 795.06 371.85 805.62 372.61 806.96 curveto
373.38 808.3 373.57 810.7 373.57 810.7 curveto stroke
 1 0 0 setrgbcolor
newpath -1.17 -77.78 moveto
-1.46 -76.05 -3.76 -66.16 -5 -63.96 curveto
-6.25 -61.75 -9.03 -52.44 -9.7 -50.81 curveto
-10.37 -49.18 -12.96 -38.23 -9.6 -34.2 curveto
-6.24 -30.17 -2.79 -25.28 -0.2 -23.84 curveto
2.4 -22.4 10.46 -14.44 11.71 -13.67 curveto
12.96 -12.9 32.34 -5.9 34.17 -4.75 curveto
35.99 -3.6 52.21 5.32 54.23 7.33 curveto
56.24 9.35 63.37 15.32 65.29 17.62 curveto
67.21 19.93 81.68 37.37 83.31 40.34 curveto
84.95 43.32 95.32 63.27 96.47 65.58 curveto
97.62 67.88 106.84 90.72 107.03 97.92 curveto
107.23 105.11 108.67 120.37 107.52 124.88 curveto
106.37 129.39 103.01 144.94 103.11 149.74 curveto
103.21 154.54 103.02 167.21 100.91 169.9 curveto
98.8 172.58 95.15 178.73 93.81 179.11 curveto
92.47 179.49 89.78 180.84 90.64 183.91 curveto
91.51 186.98 98.13 195.9 100.05 198.4 curveto
101.97 200.89 110.61 212.12 111.86 213.75 curveto
113.11 215.38 122.13 229.1 123.38 231.31 curveto
124.63 233.52 132.41 247.62 134.13 249.73 curveto
135.86 251.84 146.9 269.6 148.15 273.15 curveto
149.4 276.7 159.48 294.07 160.92 296.94 curveto
162.36 299.82 167.93 312.87 169.47 314.5 curveto
171 316.14 176.86 323.52 178.39 324.96 curveto
179.93 326.4 191.45 334.36 192.5 335.61 curveto
193.56 336.86 203.72 350.78 204.41 352.21 curveto
205.42 354.32 212.86 373.23 212.67 376.49 curveto
212.48 379.75 213.7 384.53 211.42 387.05 curveto
208.64 390.12 208.83 394.82 206.34 398.28 curveto
203.85 401.73 197.42 410.95 196.07 412.67 curveto
194.73 414.4 188.4 421.41 186.58 426.3 curveto
184.75 431.2 182.43 434.49 182.38 440.07 curveto
182.33 446.14 184.42 452.85 185.36 455.66 curveto
186.3 458.48 191.17 474.43 193.69 477.45 curveto
195.61 479.76 201.64 488.79 202.22 490.13 curveto
202.79 491.48 204.74 496.15 204.74 496.15 curveto
204.74 496.15 209.34 506.72 210.11 508.64 curveto
210.88 510.56 217.36 522.78 218.24 524.55 curveto
221.37 530.92 234.12 551.64 236.03 553.71 curveto
239.84 557.83 244 566.89 244.58 568.32 curveto
245.15 569.76 248.9 576.38 250.53 577.44 curveto
252.16 578.5 257.65 581.52 259.84 583.58 curveto
261.47 585.11 265.41 589.24 266.37 590.01 curveto
267.33 590.78 281.82 605.07 283.36 607.28 curveto
284.9 609.49 292 626.47 292.67 627.91 curveto
293.35 629.35 296.9 650.46 297.09 652 curveto
297.29 653.53 298.44 665.43 299.21 669.08 curveto
299.98 672.73 301.04 679.25 301.32 681.17 curveto
301.61 683.09 303.44 692.3 304.4 693.55 curveto
305.36 694.8 311.69 700.65 314.29 703.91 curveto
316.88 707.17 328.01 718.5 329.64 720.22 curveto
331.28 721.95 338.67 728.12 339.92 729.66 curveto
341.17 731.19 344.33 736.53 345.2 738.45 curveto
346.06 740.37 349.68 746.56 349.68 746.56 curveto
349.68 746.56 353.2 753.2 353.59 756.93 curveto
353.85 759.44 353.26 763.79 354.42 765.99 curveto
355.57 768.2 359.12 774.15 361.62 777.12 curveto
364.11 780.1 370.93 788.54 371.03 791.71 curveto
371.12 794.88 371.89 805.43 372.66 806.78 curveto
373.43 808.12 373.62 810.52 373.62 810.52 curveto stroke
 0 0 0 setrgbcolor 0 0.33333 dtransform truncate idtransform setlinewidth pop
newpath 353.99 796.96 moveto
353.85 795.53 353.68 791.27 352.68 789.43 curveto
351.68 787.6 348.13 781.67 346.47 780.2 curveto
344.8 778.73 338.62 771.48 338.26 769.65 curveto
337.88 767.79 336.73 763.44 336.53 760.72 curveto
336.33 757.99 334.4 751.6 333.25 749.04 curveto
332.11 746.5 328.3 741.1 326.77 739.87 curveto
325.23 738.63 310.1 725.55 308.38 724.02 curveto
306.65 722.49 297.8 713.82 296.07 711.89 curveto
294.34 709.96 287.62 702.66 286.18 700.16 curveto
284.74 697.66 282.92 692.18 281.57 689.86 curveto
280.23 687.55 279.36 682.55 278.5 679.67 curveto
277.64 676.8 276.6 666.49 276.12 664.87 curveto
275.64 663.25 274.59 656.95 274.5 653.89 curveto
274.41 650.83 274.79 642.57 274.31 639.69 curveto
273.83 636.8 272.58 629.62 271.72 627.04 curveto
270.86 624.47 268.37 618.72 266.83 616.6 curveto
265.29 614.49 256.74 606.96 255.01 604.94 curveto
253.28 602.92 246.17 596.11 243.2 593.81 curveto
240.22 591.51 235.42 588.24 233.12 585.93 curveto
230.81 583.62 225.83 577.3 223.91 574.9 curveto
221.99 572.51 217.48 565.69 215.66 563.38 curveto
213.84 561.07 210.18 552.13 208.26 549.34 curveto
206.34 546.55 200.96 532.14 200.67 530.32 curveto
200.39 528.5 196.26 521.41 194.92 518.15 curveto
193.57 514.9 187.43 506.07 186.37 504.06 curveto
185.32 502.04 180.42 495.41 178.98 493 curveto
177.54 490.6 167.93 478.49 166.69 474.17 curveto
165.44 469.86 163.62 462.09 162.95 458.93 curveto
162.28 455.77 161.13 445.32 161.13 443.41 curveto
161.13 441.49 162.57 428.82 163.92 425.74 curveto
165.26 422.67 170.54 412.48 171.69 410.84 curveto
172.84 409.21 177.54 402.59 178.98 400.67 curveto
180.42 398.75 185.7 392.9 187.24 390.6 curveto
188.78 388.3 192.52 384.08 192.71 382.74 curveto
192.91 381.4 193.86 379 193 377.27 curveto
192.14 375.54 191.94 371.22 190.79 368.81 curveto
189.64 366.41 187.14 361.23 185.7 358.83 curveto
184.26 356.43 177.83 351.34 176.58 349.91 curveto
175.33 348.47 169.76 344.05 167.94 341.94 curveto
166.11 339.82 160.83 333.78 159.97 332.15 curveto
159.11 330.52 153.83 323.89 153.06 322.74 curveto
152.29 321.59 148.93 315.73 148.07 314.29 curveto
147.2 312.85 144.42 306.8 143.27 305.26 curveto
142.12 303.72 138.57 297 136.84 294.12 curveto
135.11 291.24 130.89 282.41 129.93 280.58 curveto
128.97 278.76 124.55 270.98 123.3 268.39 curveto
122.05 265.79 117.06 256.58 115.91 254.75 curveto
114.76 252.93 107.56 244.2 106.21 242.28 curveto
104.87 240.36 98.53 232.79 97.28 230.58 curveto
96.04 228.38 85.86 218.2 84.9 216.09 curveto
83.93 213.98 78.46 206.97 76.83 203.7 curveto
75.19 200.43 70.01 189.58 69.05 187.28 curveto
68.09 184.97 67.99 177.01 68.28 175.95 curveto
68.57 174.89 69.82 168.75 70.01 167.89 curveto
70.2 167.02 71.74 161.36 71.74 161.36 curveto stroke
 0 0 1 setrgbcolor 0 0.23332 dtransform truncate idtransform setlinewidth pop
newpath 354.76 801.11 moveto
354.66 799.67 354.38 795.07 353.32 792.95 curveto
352.26 790.84 348.52 783.84 346.79 782.02 curveto
345.06 780.19 338.72 772.03 338.34 770.12 curveto
337.95 768.2 336.8 763.88 336.61 761.19 curveto
336.42 758.5 334.5 752.16 333.35 749.57 curveto
332.19 746.98 328.37 741.46 326.83 740.21 curveto
325.29 738.96 310.11 725.56 308.38 724.03 curveto
306.65 722.49 297.82 713.94 296.09 712.02 curveto
294.36 710.1 287.64 702.8 286.21 700.3 curveto
284.77 697.81 282.94 692.34 281.6 690.03 curveto
280.26 687.73 279.4 682.74 278.53 679.86 curveto
277.67 676.98 276.62 666.61 276.14 664.98 curveto
275.66 663.35 274.6 657.02 274.51 653.95 curveto
274.41 650.87 274.8 642.62 274.32 639.74 curveto
273.84 636.86 272.59 629.66 271.73 627.07 curveto
270.86 624.48 268.37 618.72 266.83 616.61 curveto
265.3 614.5 256.75 607.01 255.02 604.99 curveto
253.29 602.97 246.18 596.16 243.2 593.85 curveto
240.23 591.54 235.43 588.28 233.12 585.97 curveto
230.82 583.66 225.83 577.33 223.92 574.93 curveto
222 572.53 217.49 565.71 215.66 563.41 curveto
213.84 561.1 210.19 552.18 208.27 549.39 curveto
206.35 546.61 200.97 532.22 200.69 530.39 curveto
200.4 528.57 196.27 521.47 194.93 518.2 curveto
193.58 514.94 187.44 506.11 186.38 504.09 curveto
185.32 502.08 180.43 495.45 178.99 493.05 curveto
177.55 490.65 167.95 478.55 166.7 474.23 curveto
165.45 469.91 163.63 462.13 162.95 458.97 curveto
162.28 455.8 161.13 445.33 161.13 443.41 curveto
161.13 441.49 162.57 428.82 163.92 425.75 curveto
165.26 422.68 170.54 412.5 171.69 410.87 curveto
172.84 409.24 177.55 402.62 178.99 400.7 curveto
180.43 398.78 185.71 392.92 187.24 390.62 curveto
188.78 388.32 192.52 384.09 192.72 382.75 curveto
192.91 381.41 193.87 379.01 193 377.28 curveto
192.14 375.55 191.94 371.23 190.79 368.83 curveto
189.64 366.43 187.14 361.25 185.7 358.85 curveto
184.26 356.45 177.83 351.36 176.58 349.92 curveto
175.33 348.48 169.76 344.06 167.94 341.95 curveto
166.12 339.83 160.83 333.79 159.97 332.15 curveto
159.11 330.52 153.83 323.9 153.06 322.74 curveto
152.29 321.59 148.93 315.73 148.07 314.29 curveto
147.2 312.85 144.42 306.8 143.27 305.27 curveto
142.12 303.73 138.57 297.01 136.84 294.13 curveto
135.11 291.25 130.89 282.42 129.93 280.59 curveto
128.97 278.77 124.55 271 123.3 268.41 curveto
122.06 265.81 117.06 256.6 115.91 254.78 curveto
114.76 252.95 107.56 244.22 106.22 242.3 curveto
104.87 240.38 98.53 232.8 97.29 230.59 curveto
96.04 228.39 85.86 218.21 84.9 216.1 curveto
83.94 213.99 78.46 206.98 76.83 203.71 curveto
75.19 200.45 70.01 189.59 69.05 187.29 curveto
68.09 184.98 67.99 177.01 68.28 175.95 curveto
68.57 174.9 69.82 168.75 70.01 167.89 curveto
70.2 167.03 71.74 161.36 71.74 161.36 curveto stroke
 1 0 0 setrgbcolor
newpath 354.81 800.93 moveto
354.71 799.49 354.42 794.88 353.37 792.77 curveto
352.31 790.66 348.57 783.65 346.84 781.83 curveto
345.11 780.01 338.77 771.85 338.39 769.93 curveto
338.01 768.01 336.85 763.7 336.66 761.01 curveto
336.47 758.32 334.55 751.99 333.39 749.4 curveto
332.24 746.81 328.42 741.29 326.88 740.04 curveto
325.35 738.79 310.16 725.41 308.44 723.88 curveto
306.71 722.34 297.88 713.8 296.15 711.88 curveto
294.42 709.96 287.7 702.67 286.26 700.18 curveto
284.82 697.68 283 692.21 281.65 689.91 curveto
280.31 687.61 279.44 682.62 278.58 679.74 curveto
277.71 676.86 276.66 666.49 276.18 664.86 curveto
275.7 663.23 274.64 656.9 274.54 653.83 curveto
274.44 650.75 274.83 642.5 274.35 639.62 curveto
273.87 636.74 272.62 629.55 271.75 626.96 curveto
270.89 624.36 268.39 618.61 266.85 616.5 curveto
265.32 614.38 256.78 606.9 255.05 604.89 curveto
253.32 602.87 246.22 596.06 243.24 593.76 curveto
240.27 591.45 235.47 588.19 233.16 585.89 curveto
230.86 583.59 225.87 577.25 223.95 574.86 curveto
222.03 572.46 217.51 565.64 215.69 563.34 curveto
213.87 561.04 210.22 552.11 208.3 549.33 curveto
206.38 546.55 201 532.15 200.71 530.33 curveto
200.42 528.51 196.29 521.41 194.95 518.14 curveto
193.6 514.88 187.46 506.05 186.4 504.04 curveto
185.35 502.02 180.45 495.4 179.01 493 curveto
177.57 490.61 167.97 478.52 166.72 474.2 curveto
165.47 469.88 163.65 462.11 162.98 458.94 curveto
162.3 455.77 161.15 445.31 161.15 443.39 curveto
161.15 441.47 162.59 428.81 163.93 425.73 curveto
165.27 422.66 170.55 412.49 171.7 410.86 curveto
172.85 409.23 177.55 402.6 178.99 400.68 curveto
180.43 398.76 185.71 392.91 187.24 390.6 curveto
188.77 388.3 192.52 384.08 192.71 382.73 curveto
192.9 381.39 193.86 378.99 192.99 377.26 curveto
192.13 375.54 191.94 371.22 190.79 368.82 curveto
189.63 366.42 187.14 361.24 185.7 358.84 curveto
184.26 356.44 177.83 351.35 176.58 349.92 curveto
175.33 348.48 169.76 344.06 167.94 341.95 curveto
166.11 339.84 160.83 333.8 159.97 332.16 curveto
159.11 330.53 153.83 323.91 153.06 322.76 curveto
152.29 321.61 148.93 315.76 148.07 314.32 curveto
147.2 312.88 144.42 306.83 143.26 305.3 curveto
142.11 303.76 138.56 297.05 136.83 294.17 curveto
135.1 291.29 130.88 282.46 129.92 280.64 curveto
128.96 278.81 124.54 271.04 123.29 268.45 curveto
122.05 265.86 117.05 256.65 115.9 254.82 curveto
114.75 253 107.55 244.27 106.2 242.35 curveto
104.86 240.43 98.53 232.85 97.28 230.64 curveto
96.03 228.44 85.85 218.27 84.89 216.16 curveto
83.93 214.05 78.46 207.04 76.83 203.78 curveto
75.2 200.52 70.01 189.67 69.05 187.37 curveto
68.09 185.07 67.99 177.1 68.28 176.05 curveto
68.57 174.99 69.81 168.85 70.01 167.98 curveto
70.2 167.12 71.73 161.46 71.73 161.46 curveto stroke
 0 0 0 setrgbcolor 0 0.33333 dtransform truncate idtransform setlinewidth pop
newpath 73.47 154.73 moveto
73.85 153.96 75.2 149.26 76.45 147.34 curveto
77.7 145.42 80.39 140.05 81.06 138.61 curveto
81.73 137.17 85.86 129.87 86.34 128.15 curveto
86.82 126.42 88.83 118.54 88.45 116.91 curveto
88.06 115.28 87.39 102.51 86.04 98.58 curveto
84.7 94.64 84.12 84.37 83.07 81.49 curveto
82.01 78.61 78.4 71.84 76.86 69.34 curveto
75.33 66.85 70.31 58 69.35 56.56 curveto
68.39 55.12 61.37 43.21 60.12 41.29 curveto
59.21 39.89 54.43 32.42 51.3 30.7 curveto
48.22 29 38.42 21.02 36.7 19.67 curveto
34.97 18.33 26.24 15.25 23.46 14.49 curveto
20.68 13.72 12.52 11.04 10.22 9.89 curveto
7.91 8.74 2.72 6.92 0.13 5.29 curveto
-2.33 3.73 -4.57 0.79 -5.72 -0.55 curveto
-6.88 -1.9 -9.14 -3.75 -9.43 -3.94 curveto stroke
 0 0 1 setrgbcolor 0 0.23332 dtransform truncate idtransform setlinewidth pop
newpath 73.47 154.74 moveto
73.86 153.97 75.2 149.27 76.45 147.35 curveto
77.7 145.43 80.39 140.05 81.06 138.61 curveto
81.73 137.17 85.86 129.88 86.34 128.15 curveto
86.82 126.42 88.83 118.55 88.45 116.92 curveto
88.06 115.29 87.39 102.52 86.04 98.58 curveto
84.7 94.65 84.12 84.37 83.07 81.49 curveto
82.01 78.61 78.4 71.84 76.86 69.35 curveto
75.33 66.85 70.31 58.01 69.35 56.57 curveto
68.39 55.13 61.37 43.22 60.12 41.29 curveto
59.21 39.9 54.43 32.42 51.3 30.7 curveto
48.22 29 38.43 21.02 36.7 19.68 curveto
34.97 18.33 26.24 15.26 23.46 14.49 curveto
20.68 13.72 12.52 11.04 10.22 9.89 curveto
7.91 8.74 2.72 6.92 0.13 5.29 curveto
-2.33 3.73 -4.57 0.79 -5.72 -0.55 curveto
-6.88 -1.89 -9.14 -3.75 -9.43 -3.94 curveto stroke
 1 0 0 setrgbcolor
newpath 73.46 154.83 moveto
73.84 154.07 75.18 149.36 76.43 147.44 curveto
77.68 145.52 80.36 140.15 81.04 138.71 curveto
81.71 137.27 85.83 129.98 86.31 128.25 curveto
86.79 126.52 88.8 118.65 88.42 117.02 curveto
88.04 115.39 87.36 102.62 86.02 98.69 curveto
84.67 94.76 84.09 84.49 83.04 81.61 curveto
81.98 78.73 78.37 71.96 76.83 69.47 curveto
75.29 66.97 70.27 58.13 69.31 56.69 curveto
68.35 55.25 61.33 43.34 60.08 41.41 curveto
59.18 40.02 54.39 32.54 51.26 30.82 curveto
48.18 29.13 38.4 21.16 36.67 19.82 curveto
34.94 18.47 26.21 15.4 23.42 14.64 curveto
20.64 13.87 12.48 11.18 10.18 10.03 curveto
7.87 8.88 2.69 7.07 0.1 5.43 curveto
-2.36 3.87 -4.6 0.94 -5.75 -0.41 curveto
-6.91 -1.75 -9.17 -3.6 -9.46 -3.79 curveto stroke
 0 0 0 setrgbcolor 0 0.33333 dtransform truncate idtransform setlinewidth pop
newpath -14.95 -7.49 moveto
-16.48 -8.26 -20.32 -9.6 -21.86 -12.97 curveto
-23.39 -16.33 -28.38 -27.08 -28.96 -28.61 curveto
-29.54 -30.15 -31.55 -34.95 -32.03 -36.68 curveto
-32.51 -38.4 -36.26 -46.95 -36.35 -48 curveto
-36.45 -49.06 -39.14 -57.12 -39.71 -59.14 curveto
-40.29 -61.16 -41.34 -66.82 -41.92 -71.33 curveto
-42.49 -75.84 -41.72 -85.64 -41.44 -88.04 curveto
-41.15 -90.44 -39.32 -97.92 -39.42 -101.48 curveto
-39.52 -105.03 -41.05 -108.19 -42.01 -108.96 curveto
-42.97 -109.73 -49.12 -110.11 -52 -110.98 curveto
-54.88 -111.84 -61.41 -113.76 -63.71 -115.39 curveto
-66.02 -117.03 -72.64 -122.69 -74.85 -125.19 curveto
-77.06 -127.69 -80.78 -134.29 -82.8 -137.37 curveto
-84.81 -140.44 -84.07 -142.09 -84.07 -145.74 curveto
-84.07 -149.39 -84.36 -158.51 -83.5 -160.91 curveto
-82.63 -163.31 -79.44 -176.91 -78.78 -179.12 curveto
-77.99 -181.75 -75.23 -188.14 -73.35 -190.28 curveto
-71.57 -192.3 -67.31 -202.46 -65.68 -205.14 curveto
-64.05 -207.83 -59.56 -212.55 -60.88 -214.53 curveto
-62.8 -217.41 -66.27 -218.19 -67.71 -219.54 curveto
-69.15 -220.88 -72.06 -222.28 -75.8 -224.39 curveto
-79.54 -226.5 -86.47 -232.45 -88 -233.89 curveto
-89.54 -235.33 -91.36 -239.05 -94.43 -248.46 curveto
-97.5 -257.87 -99.8 -264.49 -99.9 -267.56 curveto
-100 -270.64 -100.38 -276.3 -100.48 -279.47 curveto
-100.57 -282.64 -101.15 -284.6 -101.15 -284.6 curveto stroke
 0 0 1 setrgbcolor 0 0.23332 dtransform truncate idtransform setlinewidth pop
newpath -14.95 -7.49 moveto
-16.48 -8.26 -20.32 -9.6 -21.86 -12.96 curveto
-23.39 -16.32 -28.38 -27.08 -28.96 -28.61 curveto
-29.54 -30.15 -31.55 -34.95 -32.03 -36.67 curveto
-32.51 -38.4 -36.25 -46.95 -36.35 -48 curveto
-36.45 -49.06 -39.14 -57.12 -39.71 -59.14 curveto
-40.29 -61.15 -41.34 -66.82 -41.92 -71.33 curveto
-42.49 -75.84 -41.72 -85.63 -41.43 -88.03 curveto
-41.15 -90.43 -39.32 -97.92 -39.42 -101.47 curveto
-39.52 -105.03 -41.05 -108.19 -42.01 -108.96 curveto
-42.97 -109.73 -49.12 -110.11 -52 -110.98 curveto
-54.88 -111.84 -61.41 -113.76 -63.71 -115.39 curveto
-66.02 -117.02 -72.64 -122.69 -74.85 -125.19 curveto
-77.06 -127.68 -80.78 -134.29 -82.8 -137.36 curveto
-84.81 -140.44 -84.07 -142.09 -84.07 -145.74 curveto
-84.07 -149.39 -84.36 -158.51 -83.5 -160.91 curveto
-82.63 -163.31 -79.44 -176.9 -78.78 -179.11 curveto
-77.99 -181.75 -75.23 -188.14 -73.35 -190.28 curveto
-71.57 -192.3 -67.31 -202.45 -65.68 -205.14 curveto
-64.05 -207.83 -59.56 -212.54 -60.88 -214.53 curveto
-62.8 -217.41 -66.27 -218.19 -67.71 -219.54 curveto
-69.15 -220.88 -72.05 -222.28 -75.8 -224.39 curveto
-79.54 -226.5 -86.47 -232.45 -88 -233.89 curveto
-89.54 -235.33 -91.36 -239.05 -94.43 -248.46 curveto
-97.5 -257.86 -99.8 -264.49 -99.9 -267.56 curveto
-99.99 -270.63 -100.38 -276.3 -100.48 -279.46 curveto
-100.57 -282.63 -101.15 -284.6 -101.15 -284.6 curveto stroke
 1 0 0 setrgbcolor
newpath -14.97 -7.33 moveto
-16.51 -8.1 -20.35 -9.44 -21.88 -12.8 curveto
-23.42 -16.16 -28.41 -26.91 -28.99 -28.44 curveto
-29.56 -29.98 -31.58 -34.77 -32.06 -36.5 curveto
-32.54 -38.23 -36.29 -46.77 -36.38 -47.83 curveto
-36.48 -48.88 -39.17 -56.94 -39.74 -58.96 curveto
-40.32 -60.97 -41.38 -66.63 -41.95 -71.14 curveto
-42.53 -75.65 -41.77 -85.44 -41.48 -87.84 curveto
-41.19 -90.24 -39.37 -97.73 -39.47 -101.28 curveto
-39.56 -104.83 -41.1 -108 -42.06 -108.76 curveto
-43.02 -109.53 -49.16 -109.91 -52.04 -110.78 curveto
-54.92 -111.64 -61.45 -113.56 -63.75 -115.19 curveto
-66.05 -116.82 -72.68 -122.48 -74.88 -124.97 curveto
-77.09 -127.47 -80.81 -134.07 -82.82 -137.14 curveto
-84.84 -140.21 -84.1 -141.86 -84.1 -145.51 curveto
-84.1 -149.16 -84.39 -158.27 -83.53 -160.67 curveto
-82.67 -163.07 -79.48 -176.66 -78.82 -178.87 curveto
-78.03 -181.5 -75.27 -187.89 -73.4 -190.03 curveto
-71.62 -192.05 -67.36 -202.21 -65.73 -204.9 curveto
-64.1 -207.59 -59.61 -212.31 -60.94 -214.29 curveto
-62.86 -217.17 -66.33 -217.95 -67.77 -219.29 curveto
-69.21 -220.64 -72.11 -222.03 -75.86 -224.14 curveto
-79.6 -226.25 -86.53 -232.19 -88.06 -233.63 curveto
-89.6 -235.07 -91.42 -238.79 -94.49 -248.19 curveto
-97.57 -257.6 -99.87 -264.22 -99.97 -267.29 curveto
-100.06 -270.36 -100.45 -276.02 -100.55 -279.19 curveto
-100.64 -282.36 -101.22 -284.33 -101.22 -284.33 curveto stroke
 0 0 0 setrgbcolor 0 0.33333 dtransform truncate idtransform setlinewidth pop
newpath -101.25 -286.86 moveto
-101.53 -288.49 -101.15 -290.89 -102.3 -293.77 curveto
-103.46 -296.65 -103.65 -302.03 -104.8 -305.1 curveto
-105.95 -308.18 -108.34 -314.52 -109.58 -316.73 curveto
-110.83 -318.94 -112.06 -324.51 -113.3 -326.92 curveto
-114.53 -329.32 -117.17 -334.38 -118.03 -335.91 curveto
-118.89 -337.43 -121.38 -340.65 -124.54 -342.41 curveto
-127.7 -344.16 -132.12 -345.97 -135.78 -346.39 curveto
-139.44 -346.8 -138.86 -345.87 -138.86 -345.87 curveto stroke
 0 0 1 setrgbcolor 0 0.23332 dtransform truncate idtransform setlinewidth pop
newpath -101.25 -286.86 moveto
-101.53 -288.49 -101.15 -290.89 -102.3 -293.77 curveto
-103.45 -296.65 -103.65 -302.03 -104.8 -305.1 curveto
-105.95 -308.18 -108.34 -314.52 -109.58 -316.73 curveto
-110.82 -318.94 -112.06 -324.51 -113.3 -326.91 curveto
-114.53 -329.31 -117.18 -334.38 -118.03 -335.9 curveto
-118.89 -337.42 -121.39 -340.64 -124.54 -342.41 curveto
-127.7 -344.16 -132.12 -345.97 -135.78 -346.38 curveto
-139.44 -346.81 -138.86 -345.87 -138.86 -345.87 curveto stroke
 1 0 0 setrgbcolor
newpath -101.32 -286.58 moveto
-101.6 -288.21 -101.22 -290.61 -102.37 -293.49 curveto
-103.53 -296.37 -103.72 -301.74 -104.87 -304.81 curveto
-106.02 -307.88 -108.43 -314.22 -109.67 -316.43 curveto
-110.92 -318.63 -112.17 -324.2 -113.42 -326.6 curveto
-114.67 -329 -117.36 -334.08 -118.22 -335.62 curveto
-119.08 -337.15 -121.58 -340.41 -124.75 -342.24 curveto
-127.91 -344.06 -132.33 -345.98 -135.98 -346.46 curveto
-139.62 -346.94 -139.05 -345.98 -139.05 -345.98 curveto stroke
 0 0 0 setrgbcolor 0 0.33333 dtransform truncate idtransform setlinewidth pop
newpath -146.63 -343.24 moveto
-147.99 -343.98 -149.73 -346.02 -151.48 -347.81 curveto
-153.22 -349.61 -157.42 -352.72 -158.59 -354.15 curveto
-159.76 -355.58 -163.6 -358.88 -163.6 -358.88 curveto stroke
 0 0 1 setrgbcolor 0 0.23332 dtransform truncate idtransform setlinewidth pop
newpath -146.63 -343.23 moveto
-147.99 -343.98 -149.73 -346.02 -151.48 -347.81 curveto
-153.22 -349.6 -157.42 -352.72 -158.59 -354.15 curveto
-159.76 -355.58 -163.6 -358.88 -163.6 -358.88 curveto stroke
 1 0 0 setrgbcolor
newpath -146.82 -343.38 moveto
-148.16 -344.15 -149.89 -346.23 -151.62 -348.05 curveto
-153.35 -349.87 -157.51 -353.02 -158.66 -354.46 curveto
-159.81 -355.9 -163.62 -359.21 -163.62 -359.21 curveto stroke
 0 0 0 setrgbcolor 0 0.33333 dtransform truncate idtransform setlinewidth pop
newpath -361.92 -798.78 moveto
-361.32 -797.58 -359.72 -797.58 -357.92 -797.18 curveto
-356.12 -796.78 -352.77 -797.69 -351.37 -797.09 curveto
-349.97 -796.49 -349.32 -795.18 -347.6 -794.56 curveto stroke
 0 0 1 setrgbcolor 0 0.23332 dtransform truncate idtransform setlinewidth pop
newpath -361.92 -798.78 moveto
-361.32 -797.58 -359.72 -797.58 -357.92 -797.18 curveto
-356.12 -796.78 -352.78 -797.69 -351.38 -797.09 curveto
-349.98 -796.49 -349.32 -795.18 -347.61 -794.56 curveto stroke
 1 0 0 setrgbcolor
newpath -361.86 -798.9 moveto
-361.26 -797.7 -359.67 -797.7 -357.87 -797.3 curveto
-356.07 -796.9 -352.72 -797.81 -351.32 -797.21 curveto
-349.92 -796.61 -349.27 -795.3 -347.56 -794.68 curveto stroke
 0 0 0 setrgbcolor 0 0.33333 dtransform truncate idtransform setlinewidth pop
newpath -156.88 -391.56 moveto
-156.7 -392.21 -157.27 -392.61 -157.65 -393.19 curveto
-158.04 -393.76 -160.82 -398.47 -162.17 -402.69 curveto
-163.51 -406.91 -166.49 -414.3 -167.16 -418.24 curveto
-167.83 -422.17 -172.64 -437.15 -173.6 -439.55 curveto
-174.56 -441.95 -178.21 -456.54 -178.98 -461.92 curveto
-179.75 -467.3 -188.19 -479.87 -189.63 -482.56 curveto
-191.07 -485.25 -196.44 -497.84 -198.45 -500.82 curveto
-200.47 -503.79 -213.63 -521.11 -214.62 -523.04 curveto
-215.57 -524.89 -225.09 -536.51 -226.39 -537.95 curveto
-227.68 -539.39 -235.17 -548.76 -236.09 -549.86 curveto
-237 -550.96 -240.41 -562.3 -242.24 -567.34 curveto
-244.06 -572.38 -247.65 -584.91 -248.47 -586.59 curveto
-249.29 -588.27 -254.9 -599.4 -255.66 -601.32 curveto
-256.43 -603.23 -264.44 -618.54 -264.97 -619.98 curveto
-265.5 -621.42 -269.15 -633.13 -270.11 -634.91 curveto
-271.07 -636.69 -277.02 -654.01 -277.5 -655.93 curveto
-277.98 -657.85 -279.52 -665 -280 -666.88 curveto
-280.48 -668.75 -281.69 -678.44 -282.07 -680.51 curveto
-282.46 -682.57 -282.51 -690.44 -282.84 -693.46 curveto
-283.18 -696.49 -287.74 -701.62 -289.04 -702.92 curveto
-290.34 -704.21 -297.18 -709.51 -302.08 -712.48 curveto
-306.97 -715.46 -315.81 -727.46 -316.54 -728.61 curveto
-317.31 -729.81 -327.33 -739.34 -328.57 -740.87 curveto
-329.82 -742.41 -336.94 -751.79 -338.09 -752.85 curveto
-339.24 -753.9 -345.36 -760.29 -346.61 -760.96 curveto
-347.86 -761.63 -356.11 -768.29 -357.73 -768.79 curveto
-359.51 -769.35 -367.2 -775.79 -368.75 -778.03 curveto
-369.37 -778.93 -372.37 -785.94 -373 -787.38 curveto stroke
 0 0 1 setrgbcolor 0 0.23332 dtransform truncate idtransform setlinewidth pop
newpath -156.88 -391.55 moveto
-156.7 -392.21 -157.27 -392.61 -157.65 -393.19 curveto
-158.04 -393.76 -160.82 -398.46 -162.17 -402.69 curveto
-163.51 -406.91 -166.49 -414.3 -167.16 -418.24 curveto
-167.83 -422.17 -172.64 -437.14 -173.6 -439.54 curveto
-174.56 -441.94 -178.21 -456.54 -178.98 -461.92 curveto
-179.75 -467.29 -188.19 -479.87 -189.63 -482.56 curveto
-191.07 -485.25 -196.44 -497.84 -198.45 -500.82 curveto
-200.47 -503.79 -213.63 -521.11 -214.62 -523.04 curveto
-215.57 -524.89 -225.09 -536.51 -226.39 -537.95 curveto
-227.68 -539.39 -235.17 -548.75 -236.09 -549.86 curveto
-237 -550.96 -240.41 -562.3 -242.24 -567.34 curveto
-244.06 -572.38 -247.65 -584.9 -248.47 -586.58 curveto
-249.28 -588.26 -254.9 -599.39 -255.66 -601.31 curveto
-256.43 -603.23 -264.44 -618.54 -264.97 -619.98 curveto
-265.5 -621.42 -269.15 -633.13 -270.11 -634.91 curveto
-271.07 -636.68 -277.02 -654.01 -277.5 -655.93 curveto
-277.98 -657.85 -279.52 -665 -280 -666.87 curveto
-280.48 -668.74 -281.69 -678.44 -282.07 -680.5 curveto
-282.46 -682.57 -282.51 -690.44 -282.84 -693.46 curveto
-283.18 -696.49 -287.74 -701.62 -289.04 -702.92 curveto
-290.34 -704.21 -297.18 -709.5 -302.08 -712.48 curveto
-306.97 -715.46 -315.81 -727.46 -316.54 -728.61 curveto
-317.31 -729.81 -327.33 -739.34 -328.57 -740.87 curveto
-329.82 -742.41 -336.94 -751.79 -338.09 -752.85 curveto
-339.24 -753.9 -345.37 -760.29 -346.61 -760.96 curveto
-347.86 -761.63 -356.12 -768.28 -357.73 -768.79 curveto
-359.51 -769.34 -367.2 -775.79 -368.75 -778.03 curveto
-369.38 -778.93 -372.38 -785.94 -373 -787.38 curveto stroke
 1 0 0 setrgbcolor
newpath -156.81 -391.85 moveto
-156.63 -392.5 -157.2 -392.9 -157.58 -393.48 curveto
-157.97 -394.05 -160.75 -398.75 -162.09 -402.98 curveto
-163.44 -407.2 -166.42 -414.59 -167.09 -418.52 curveto
-167.76 -422.46 -172.56 -437.43 -173.52 -439.83 curveto
-174.48 -442.22 -178.13 -456.81 -178.9 -462.19 curveto
-179.67 -467.56 -188.12 -480.13 -189.56 -482.82 curveto
-191 -485.5 -196.37 -498.09 -198.39 -501.07 curveto
-200.41 -504.04 -213.57 -521.35 -214.56 -523.28 curveto
-215.51 -525.12 -225.04 -536.74 -226.33 -538.18 curveto
-227.63 -539.62 -235.12 -548.98 -236.03 -550.08 curveto
-236.94 -551.18 -240.35 -562.51 -242.17 -567.54 curveto
-244 -572.58 -247.6 -585.11 -248.42 -586.78 curveto
-249.23 -588.46 -254.85 -599.59 -255.62 -601.51 curveto
-256.39 -603.43 -264.4 -618.74 -264.93 -620.18 curveto
-265.46 -621.62 -269.11 -633.32 -270.07 -635.1 curveto
-271.03 -636.87 -276.98 -654.2 -277.46 -656.12 curveto
-277.94 -658.03 -279.48 -665.18 -279.96 -667.05 curveto
-280.44 -668.93 -281.64 -678.62 -282.03 -680.68 curveto
-282.41 -682.75 -282.46 -690.61 -282.8 -693.64 curveto
-283.14 -696.66 -287.7 -701.79 -288.99 -703.09 curveto
-290.29 -704.38 -297.13 -709.67 -302.03 -712.64 curveto
-306.92 -715.62 -315.76 -727.61 -316.49 -728.75 curveto
-317.26 -729.96 -327.28 -739.48 -328.53 -741.01 curveto
-329.78 -742.55 -336.89 -751.93 -338.05 -752.98 curveto
-339.2 -754.04 -345.32 -760.42 -346.57 -761.09 curveto
-347.81 -761.77 -356.06 -768.42 -357.68 -768.92 curveto
-359.46 -769.47 -367.14 -775.92 -368.69 -778.16 curveto
-369.32 -779.06 -372.31 -786.06 -372.94 -787.5 curveto stroke
 0 0 0 setrgbcolor 0 0.33333 dtransform truncate idtransform setlinewidth pop
newpath -341.62 -786.78 moveto
-342.02 -786.68 lineto
-342.17 -785.97 lineto
-341.47 -785.47 lineto
-340.96 -785.27 lineto
-340.15 -784.51 lineto
-339.65 -784.11 lineto
-338.94 -783.75 lineto
-338.59 -783.95 lineto
-339.24 -784.56 lineto
-339.75 -785.27 lineto
-340.4 -785.52 lineto
-341.21 -786.33 lineto
 closepath stroke
 0 0 1 setrgbcolor 0 0.23332 dtransform truncate idtransform setlinewidth pop
newpath -341.62 -786.78 moveto
-342.02 -786.68 lineto
-342.18 -785.97 lineto
-341.47 -785.47 lineto
-340.96 -785.27 lineto
-340.15 -784.51 lineto
-339.65 -784.1 lineto
-338.94 -783.75 lineto
-338.59 -783.95 lineto
-339.24 -784.56 lineto
-339.75 -785.27 lineto
-340.41 -785.52 lineto
-341.22 -786.33 lineto
 closepath stroke
 1 0 0 setrgbcolor
newpath -341.57 -786.91 moveto
-341.98 -786.8 lineto
-342.13 -786.1 lineto
-341.42 -785.59 lineto
-340.91 -785.39 lineto
-340.11 -784.63 lineto
-339.6 -784.23 lineto
-338.89 -783.88 lineto
-338.54 -784.08 lineto
-339.2 -784.68 lineto
-339.7 -785.39 lineto
-340.36 -785.64 lineto
-341.17 -786.45 lineto
 closepath stroke
 0 0 0 setrgbcolor 0 3.98505 dtransform truncate idtransform setlinewidth pop
newpath 370.79 796.19 moveto 0 0 rlineto stroke
newpath 371.04 794.52 moveto 0 0 rlineto stroke
 0 0.23332 dtransform truncate idtransform setlinewidth pop
newpath 370.79 796.19 moveto
371.04 794.52 lineto stroke
 1 0.85 0 setrgbcolor 0 3.98505
 dtransform truncate idtransform setlinewidth pop
newpath 372.66 806.78 moveto 0 0 rlineto stroke
newpath 371.12 794.88 moveto 0 0 rlineto stroke
 0 0.23332 dtransform truncate idtransform setlinewidth pop
newpath 370.79 796.19 moveto
372.66 806.78 lineto
371.12 794.88 lineto
371.04 794.52 lineto stroke
showpage
%%EOF
