%!PS
%%BoundingBox: -52 -40 57 43 
%%HiResBoundingBox: -51.54251 -39.04251 56.38142 42.56769 
%%Creator: MetaPost 1.209
%%CreationDate: 2019.09.26:1811
%%Pages: 1
%%BeginProlog
%%EndProlog
%%Page: 1 1
 0 0 0 setrgbcolor 0 0.24501 dtransform truncate idtransform setlinewidth pop
 [] 0 setdash 1 setlinecap 1 setlinejoin 10 setmiterlimit
newpath -49.07 -38.92 moveto
-49.07 -38.92 -45.13 -37.45 -44.48 -37.4 curveto
-43.84 -37.36 -40.71 -36.63 -39.73 -36.27 curveto
-38.74 -35.91 -35.94 -35.21 -34.89 -34.74 curveto
-33.84 -34.27 -31.73 -33.5 -31.18 -33.21 curveto
-30.62 -32.92 -28.22 -32.1 -27.56 -31.73 curveto
-26.9 -31.35 -26.53 -32.01 -25.7 -30.47 curveto
-24.88 -28.93 -23.29 -26.87 -23.04 -26.38 curveto
-22.78 -25.9 -21.29 -24.06 -20.81 -23.66 curveto
-20.33 -23.27 -20.39 -23.53 -19.4 -22.63 curveto
-18.42 -21.73 -16.99 -21.02 -16.75 -20.75 curveto
-16.52 -20.48 -16.34 -18.37 -16.3 -17.9 curveto
-16.26 -17.43 -15.93 -16.58 -15.67 -16.05 curveto
-15.42 -15.53 -15.4 -12.67 -15.45 -12.02 curveto
-15.5 -11.37 -15.26 -9.69 -14.72 -9.14 curveto
-14.18 -8.6 -12.65 -7.76 -12.16 -7.55 curveto
-11.67 -7.33 -9.93 -6.55 -9.53 -6.56 curveto
-9.14 -6.57 -7.7 -6.47 -7.18 -6.65 curveto
-6.67 -6.83 -5.87 -7.42 -5.42 -7.57 curveto
-4.98 -7.72 -2.91 -7.89 -2.2 -8.24 curveto
-1.49 -8.59 0.1 -9.16 0.69 -9.41 curveto
1.29 -9.65 2.49 -10.29 3.28 -10.74 curveto
4.06 -11.19 5.76 -12.19 6.32 -12.47 curveto
6.88 -12.76 8.39 -13.66 8.62 -13.86 curveto
8.85 -14.06 10.23 -14.79 10.57 -14.98 curveto
10.91 -15.18 11.96 -15.68 12.39 -15.72 curveto
12.83 -15.76 13.43 -16.15 13.82 -16.05 curveto
14.21 -15.95 15.73 -12.46 15.89 -12.19 curveto
16.06 -11.93 19.88 -10.39 20.47 -10.06 curveto
21.06 -9.73 24.9 -8.31 25.38 -7.95 curveto
25.85 -7.59 29.88 -4.74 30.32 -4.35 curveto
30.76 -3.96 31.87 -1.75 32.31 -1.43 curveto
32.76 -1.11 35.41 0.67 35.92 1.1 curveto
36.43 1.53 38.42 3.55 38.92 4.09 curveto
39.43 4.63 40.62 5.58 41.08 5.8 curveto
41.53 6.01 42.01 7.41 42.38 7.84 curveto
42.74 8.26 44.24 10.1 45.1 10.63 curveto
45.96 11.16 47.56 12.03 47.99 12.1 curveto
48.41 12.17 49.35 12.67 50.15 12.62 curveto
50.95 12.57 55.43 12.49 55.81 12.73 curveto stroke
newpath 56.24 24.89 moveto
56.24 24.89 56.34 27.6 56.08 28.19 curveto
55.82 28.79 55.64 29.32 55.16 29.39 curveto
54.69 29.46 52.03 28.73 51.32 28.68 curveto
50.6 28.63 46.59 27.69 45.93 27.86 curveto
45.27 28.03 42.67 27.52 42.44 27.65 curveto
42.22 27.78 41.38 28.37 40.99 28.81 curveto
40.6 29.25 39.15 31.31 38.94 31.84 curveto
38.72 32.36 34.6 38.6 34.22 39.3 curveto
33.85 39.99 30.96 43.57 29.41 42.09 curveto
27.85 40.61 27.16 39.16 26.91 38.67 curveto
26.65 38.18 27.09 36.63 27.58 35.36 curveto
28.06 34.1 28.16 32.19 28.15 31.33 curveto
28.14 30.46 29.5 26.52 29.69 25.45 curveto
29.87 24.38 30.21 22.63 30.24 22.17 curveto
30.28 21.7 30.69 20.39 30.68 19.09 curveto
30.66 17.79 30.21 14.98 29.95 14.57 curveto
29.69 14.15 28.54 10.61 27.77 9.8 curveto
26.99 8.98 24.73 5.79 24.46 5.49 curveto
24.19 5.18 21.18 0.78 20.98 0.55 curveto
20.78 0.32 17.58 -2.9 17.2 -3.11 curveto
16.82 -3.32 14.8 -4.83 14.52 -5.07 curveto
14.25 -5.31 11.82 -8.15 11.56 -8.1 curveto
11.31 -8.04 10.39 -7.82 10.1 -7.77 curveto
9.81 -7.72 6.25 -7.39 5.47 -7.09 curveto
4.69 -6.78 -0.19 -5.61 -0.86 -5.26 curveto
-1.54 -4.91 -6.16 -2.75 -6.61 -2.49 curveto
-7.06 -2.24 -9.3 -1.2 -9.61 -0.94 curveto
-9.91 -0.67 -11.31 0.14 -11.77 0.57 curveto
-12.23 1.01 -13.47 2.15 -14.07 0.99 curveto
-14.68 -0.18 -15.29 -2.75 -15.51 -3.16 curveto
-15.74 -3.58 -15.72 -4.84 -16.09 -5.19 curveto
-16.46 -5.55 -17.19 -6.5 -17.47 -6.56 curveto
-17.76 -6.62 -18.62 -6.68 -19.14 -5.92 curveto
-19.66 -5.16 -20.98 -3.88 -20.98 -3.88 curveto stroke
newpath -20.98 -3.88 moveto
-22.62 -5.65 lineto stroke
newpath -22.62 -5.65 moveto
-20.48 -8.36 lineto
-20.48 -8.36 -20.66 -9.35 -21.6 -9.88 curveto
-22.54 -10.42 -24.66 -10.6 -25.14 -11.57 curveto
-25.61 -12.54 -27.01 -15.21 -27.32 -15.96 curveto
-27.63 -16.7 -28.61 -19.12 -28.83 -19.64 curveto
-29.05 -20.17 -29.22 -23.76 -29.18 -24.37 curveto
-29.13 -24.98 -29.35 -28.03 -29.8 -28.31 curveto
-30.24 -28.6 -34.28 -30.69 -34.66 -30.86 curveto
-35.05 -31.03 -39.95 -32.64 -41.06 -32.79 curveto
-42.17 -32.95 -46.88 -34.22 -47.41 -34.36 curveto
-47.94 -34.51 -49.29 -34.75 -49.97 -34.91 curveto
-50.64 -35.06 -51.42 -35.3 -51.42 -35.3 curveto stroke
newpath -51.42 -35.3 moveto
-49.07 -38.92 lineto stroke
newpath -23.25 -12.67 moveto
-21.07 -11.8 lineto
-21.07 -11.8 -18.92 -11.07 -18.86 -11.36 curveto
-18.8 -11.65 -18.82 -13.45 -19.23 -13.81 curveto
-19.64 -14.16 -21.2 -15.68 -21.61 -15.41 curveto
-22.03 -15.15 -22.83 -14.52 -23.14 -13.78 curveto
-23.44 -13.04 -23.25 -12.67 -23.25 -12.67 curveto closepath stroke
showpage
%%EOF
