%!PS
%%BoundingBox: -453 -1243 450 1243 
%%HiResBoundingBox: -452.08 -1242.82 449.74763 1242.5 
%%Creator: MetaPost 1.209
%%CreationDate: 2019.09.26:1811
%%Pages: 1
%%BeginProlog
%%EndProlog
%%Page: 1 1
 0 0 0 setrgbcolor 0 0.7 dtransform truncate idtransform setlinewidth pop
 [] 0 setdash 1 setlinecap 1 setlinejoin 10 setmiterlimit
newpath -195.96 -558.8 moveto
-195.96 -558.8 -200.66 -571.38 -199.43 -575.2 curveto
-198.21 -579.01 -192.22 -592.36 -189.65 -594.24 curveto
-187.07 -596.12 -181.59 -606.72 -181.59 -606.72 curveto stroke
newpath -403.58 -1224.5 moveto
-403.58 -1224.5 -402.08 -1224.29 -401.47 -1223.81 curveto
-400.86 -1223.32 -395.48 -1217.24 -394.65 -1215.54 curveto
-393.83 -1213.84 -388.53 -1203.86 -388.08 -1203.24 curveto
-387.63 -1202.63 -369.16 -1170.02 -361.48 -1160.06 curveto
-352.96 -1149.01 -346.15 -1138.57 -341.72 -1135.75 curveto
-337.41 -1133.01 -314.33 -1106.62 -311.84 -1102.8 curveto
-308.16 -1097.17 -301.82 -1070.83 -301.35 -1068.04 curveto
-300.87 -1065.26 -289.48 -1035.76 -288.77 -1032.37 curveto
-288.06 -1028.98 -280.89 -998.5 -279.47 -993.18 curveto
-277.88 -987.23 -277.8 -969.54 -275.62 -964.94 curveto
-273.08 -959.59 -265.11 -937.74 -263.92 -934.88 curveto
-262.73 -932.03 -255.58 -903.63 -255.05 -899.83 curveto
-254.52 -896.02 -249.4 -878.45 -245.5 -870.24 curveto
-242.79 -864.54 -237.2 -849.35 -234.4 -845.05 curveto
-231.6 -840.75 -215.97 -811.19 -213.37 -807.92 curveto
-210.77 -804.66 -200.42 -791.01 -197.68 -786.14 curveto
-194.93 -781.27 -180.73 -746.02 -179.35 -742.14 curveto
-177.96 -738.25 -171.75 -718.76 -171.66 -714.85 curveto
-171.58 -710.94 -167.68 -684.86 -166.81 -680.01 curveto
-165.94 -675.16 -165.28 -658.33 -164.39 -653.62 curveto
-163.51 -648.92 -159.52 -630.48 -158.83 -626.95 curveto
-158.13 -623.42 -156.94 -611.13 -154.34 -606.41 curveto
-151.73 -601.68 -138.65 -578.6 -136.45 -575.69 curveto
-134.26 -572.81 -110.01 -537.27 -105.98 -530.3 curveto
-101.92 -523.28 -90.69 -500.1 -89.12 -496.63 curveto
-87.55 -493.16 -75.9 -463.36 -74.95 -459.37 curveto
-74 -455.38 -66.08 -425.77 -65.21 -422.51 curveto
-64.35 -419.25 -59.95 -397.17 -57.35 -393.91 curveto
-54.75 -390.64 -45.33 -386.04 -42.24 -385.05 curveto
-39.15 -384.05 -21.97 -377.18 -17.03 -372.54 curveto
-12.09 -367.91 -2.43 -354.61 -1.16 -351.02 curveto
0.11 -347.44 12.95 -323.82 12.89 -318.33 curveto
12.83 -312.84 12.91 -285.26 11.64 -282.34 curveto
10.36 -279.41 2.16 -270.17 -3.68 -266.35 curveto
-9.51 -262.54 -25.64 -248.61 -33.32 -245.29 curveto
-36.15 -244.07 -42.47 -243.08 -41.99 -240.29 curveto
-41.52 -237.5 -36.85 -232.09 -35.73 -228.77 curveto
-34.62 -225.48 -28.07 -216.85 -20.94 -210.47 curveto
-19.48 -209.17 -2.45 -194.9 0.97 -192.72 curveto
4.39 -190.53 20.23 -180.98 23.33 -178.31 curveto
27.99 -174.28 32.59 -160.91 27.1 -149.55 curveto
21.6 -138.18 15.03 -129.37 14 -127.58 curveto
12.98 -125.8 11.57 -124.62 11.61 -123.46 curveto stroke
 0 0.24501 dtransform truncate idtransform setlinewidth pop
newpath 95.75 70.22 moveto
95.54019 71.54437 97.03284 72.32487 98.57031 72.52069 curveto
100.11215 72.71707 101.03947 74.32417 100.37698 75.68939 curveto
99.76448 76.95161 100.97313 78.36287 102.64001 78.4443 curveto
103.91528 78.5066 104.74069 79.64404 105.59 80.6 curveto
105.59 80.6 lineto stroke
newpath 103.34557 77.289 moveto
103.45401 77.3586 103.56879 77.42241 103.68954 77.47948 curveto
104.84389 78.02507 105.17119 79.39178 105.59 80.6 curveto
105.59 80.6 lineto
105.59 80.6 lineto
104.4395 80.04184 103.24165 79.30687 102.03961 79.73735 curveto
101.91388 79.78236 101.7876 79.8184 101.6617 79.84589 curveto
 closepath stroke
newpath 103.34557 77.289 moveto
103.45401 77.3586 103.56879 77.42241 103.68954 77.47948 curveto
104.84389 78.02507 105.17119 79.39178 105.59 80.6 curveto
105.59 80.6 lineto
105.59 80.6 lineto
104.4395 80.04184 103.24165 79.30687 102.03961 79.73735 curveto
101.91388 79.78236 101.7876 79.8184 101.6617 79.84589 curveto
 closepath fill
 0 0.7 dtransform truncate idtransform setlinewidth pop
newpath 9.34 -117.45 moveto
8.68 -114.91 3.92 -100.44 1.76 -97.31 curveto
-0.39 -94.18 -5.79 -80.64 -7.01 -78.29 curveto
-8.23 -75.94 -13.56 -59.94 -9.07 -53.47 curveto
-4.59 -47 -0.08 -39.22 3.61 -36.72 curveto
7.29 -34.22 18.28 -21.24 20.04 -19.92 curveto
21.8 -18.61 49.83 -5.56 52.4 -3.59 curveto
54.97 -1.63 78.02 13.88 80.77 17.16 curveto
83.51 20.44 93.35 30.32 95.92 34.02 curveto
98.48 37.72 117.77 65.71 119.82 70.37 curveto
121.86 75.03 134.7 106.25 136.11 109.85 curveto
137.53 113.44 148.25 148.8 147.58 159.58 curveto
146.9 170.36 147.02 193.35 144.7 199.94 curveto
142.38 206.53 135.29 229.32 134.79 236.5 curveto
134.3 243.69 132.32 262.6 128.81 266.33 curveto
125.29 270.07 119.02 278.77 116.96 279.16 curveto
114.91 279.56 110.71 281.21 111.59 285.91 curveto
112.48 290.62 121.19 304.84 123.72 308.82 curveto
126.26 312.81 137.68 330.74 139.32 333.35 curveto
140.97 335.95 152.63 357.64 154.2 361.11 curveto
155.77 364.57 165.51 386.68 167.81 390.07 curveto
170.11 393.46 184.24 421.48 185.63 426.96 curveto
187.03 432.44 199.77 459.74 201.54 464.24 curveto
203.3 468.73 209.88 488.98 211.95 491.62 curveto
214.03 494.26 221.8 506.09 223.9 508.44 curveto
226.01 510.8 242.16 524.25 243.57 526.25 curveto
244.98 528.26 258.31 550.4 259.14 552.63 curveto
260.36 555.91 268.96 585.18 268.24 590.03 curveto
267.52 594.89 268.71 602.19 264.97 605.64 curveto
260.4 609.86 260.06 616.91 255.86 621.73 curveto
251.67 626.55 240.83 639.45 238.59 641.85 curveto
236.35 644.25 225.95 653.88 222.57 660.96 curveto
219.19 668.04 215.29 672.65 214.46 680.98 curveto
213.57 690.04 215.8 700.32 216.83 704.65 curveto
217.86 708.98 223.01 733.48 226.38 738.34 curveto
228.94 742.05 236.75 756.39 237.43 758.48 curveto
238.11 760.57 240.4 767.81 240.4 767.81 curveto
240.4 767.81 245.86 784.2 246.76 787.17 curveto
247.65 790.13 255.7 809.2 256.77 811.97 curveto
260.59 821.89 276.89 854.62 279.46 857.97 curveto
284.61 864.63 289.62 878.73 290.29 880.96 curveto
290.96 883.19 295.68 893.62 297.97 895.42 curveto
300.27 897.21 308.06 902.44 311.06 905.81 curveto
313.3 908.31 318.62 914.97 319.95 916.24 curveto
321.29 917.51 341.04 940.8 343.04 944.3 curveto
345.04 947.8 353.38 974.11 354.19 976.35 curveto
355.01 978.6 357.49 1010.68 357.57 1012.99 curveto
357.65 1015.3 357.78 1033.13 358.44 1038.66 curveto
359.1 1044.21 359.81 1054.14 359.99 1057.07 curveto
360.16 1060.01 361.67 1074.13 362.94 1076.13 curveto
364.21 1078.11 372.89 1087.58 376.31 1092.75 curveto
379.75 1097.93 394.88 1116.26 397.08 1119.08 curveto
399.3 1121.92 409.54 1132.38 411.21 1134.86 curveto
412.86 1137.31 416.87 1145.51 417.89 1148.37 curveto
418.91 1151.23 423.46 1160.57 423.46 1160.57 curveto
423.46 1160.57 427.82 1170.86 427.91 1176.61 curveto
427.98 1180.48 426.52 1187.14 427.95 1190.43 curveto
429.34 1193.62 433.86 1201.76 437.07 1206.13 curveto
440.49 1210.77 449.7 1226.23 449.39 1231.57 curveto
449.15 1235.71 447.84 1237.61 448.55 1238.17 curveto
449.6 1238.98 449.35 1242.15 449.35 1242.15 curveto stroke
newpath 423.34 1237.08 moveto
423.33 1234.93 423.64 1228.53 422.38 1225.64 curveto
421.13 1222.77 416.62 1213.44 414.32 1211.02 curveto
412.03 1208.6 403.77 1196.93 403.46 1194.15 curveto
403.15 1191.31 402.01 1184.66 402.07 1180.57 curveto
402.14 1176.46 400.12 1166.66 398.75 1162.68 curveto
397.38 1158.74 392.42 1150.17 390.29 1148.12 curveto
388.16 1146.07 367.28 1124.52 364.91 1122.01 curveto
362.53 1119.49 350.47 1105.35 348.14 1102.24 curveto
345.81 1099.13 336.75 1087.33 334.93 1083.41 curveto
333.11 1079.48 331.12 1071.04 329.42 1067.4 curveto
327.71 1063.77 327.09 1056.19 326.18 1051.78 curveto
325.28 1047.37 325.09 1031.83 324.59 1029.34 curveto
324.09 1026.86 323.36 1017.3 323.62 1012.72 curveto
323.89 1008.13 325.56 995.84 325.23 991.46 curveto
324.9 987.09 324 976.18 323.06 972.21 curveto
322.11 968.24 319.16 959.32 317.14 955.96 curveto
315.13 952.59 303.36 940.2 301.05 936.95 curveto
298.74 933.71 289.03 922.6 284.89 918.77 curveto
280.75 914.93 274.02 909.41 270.88 905.66 curveto
267.74 901.91 261.13 891.8 258.58 887.96 curveto
256.03 884.13 250.2 873.34 247.78 869.65 curveto
245.36 865.96 241.1 852.1 238.6 847.67 curveto
236.1 843.25 229.99 821.01 229.8 818.25 curveto
229.62 815.49 224.4 804.34 222.83 799.3 curveto
221.25 794.26 213.25 780.25 211.94 777.1 curveto
210.63 773.95 204.2 763.39 202.36 759.61 curveto
200.53 755.82 187.79 736.46 186.5 729.84 curveto
185.21 723.23 183.52 711.39 182.94 706.57 curveto
182.36 701.76 182.03 686 182.29 683.14 curveto
182.54 680.27 186.38 661.53 188.8 657.12 curveto
191.22 652.7 200.46 638.17 202.4 635.88 curveto
204.34 633.6 212.25 624.32 214.66 621.65 curveto
217.07 618.97 225.74 610.94 228.34 607.71 curveto
230.94 604.47 237.1 598.67 237.57 596.69 curveto
238.04 594.71 239.79 591.25 238.73 588.55 curveto
237.67 585.85 237.96 579.37 236.56 575.63 curveto
235.16 571.89 232.12 563.81 230.29 560.03 curveto
228.46 556.26 219.53 547.81 217.86 545.49 curveto
216.18 543.17 208.45 535.83 206.01 532.44 curveto
203.56 529.04 196.48 519.3 195.4 516.75 curveto
194.33 514.2 187.32 503.61 186.33 501.78 curveto
185.33 499.96 181.09 490.76 180 488.49 curveto
178.9 486.22 175.55 476.81 174.03 474.36 curveto
172.51 471.91 168.11 461.4 165.91 456.87 curveto
163.71 452.34 158.57 438.57 157.38 435.72 curveto
156.19 432.86 150.63 420.64 149.11 416.6 curveto
147.59 412.56 141.35 398.12 139.88 395.24 curveto
138.4 392.36 128.8 378.36 127.05 375.31 curveto
125.3 372.27 116.84 360.1 115.27 356.64 curveto
113.7 353.17 99.85 336.62 98.7 333.33 curveto
97.55 330.05 90.3 318.85 88.3 313.76 curveto
86.29 308.66 79.99 291.77 78.86 288.2 curveto
77.73 284.64 78.65 272.72 79.22 271.18 curveto
79.79 269.64 82.47 260.63 82.87 259.36 curveto
83.27 258.1 86.32 249.83 86.32 249.83 curveto stroke
newpath 89.78 240.16 moveto
90.46 239.06 93.1 232.21 95.22 229.51 curveto
97.34 226.8 102.07 219.13 103.27 217.07 curveto
104.46 215 111.61 204.65 112.56 202.14 curveto
113.5 199.62 117.57 188.13 117.21 185.64 curveto
116.85 183.15 117.55 163.98 116.07 157.93 curveto
114.58 151.87 115.09 136.46 113.9 132.01 curveto
112.7 127.57 108.2 116.97 106.24 113.03 curveto
104.28 109.1 97.96 95.21 96.71 92.93 curveto
95.47 90.65 86.56 71.92 84.95 68.87 curveto
83.78 66.67 77.63 54.86 73.18 51.87 curveto
68.81 48.93 55.25 35.7 52.85 33.46 curveto
50.45 31.22 37.81 25.47 33.75 23.95 curveto
29.69 22.43 17.86 17.33 14.57 15.31 curveto
11.28 13.28 3.76 9.87 0.12 7.08 curveto
-3.35 4.42 -6.31 -0.27 -7.85 -2.43 curveto
-9.39 -4.59 -12.53 -7.67 -12.93 -7.99 curveto stroke
newpath -20.69 -14.02 moveto
-22.88 -15.37 -28.44 -17.89 -30.29 -23.12 curveto
-32.13 -28.34 -38.16 -45.07 -38.82 -47.44 curveto
-39.47 -49.81 -41.85 -57.25 -42.33 -59.89 curveto
-42.82 -62.54 -47.28 -75.81 -47.28 -77.4 curveto
-47.28 -78.99 -50.23 -91.4 -50.82 -94.49 curveto
-51.41 -97.58 -52.24 -106.18 -52.5 -113 curveto
-52.76 -119.82 -50.3 -134.34 -49.55 -137.89 curveto
-48.8 -141.44 -45.08 -152.38 -44.75 -157.7 curveto
-44.42 -163.01 -46.29 -167.95 -47.62 -169.23 curveto
-48.95 -170.5 -58.08 -171.9 -62.26 -173.57 curveto
-66.45 -175.25 -75.94 -178.99 -79.17 -181.73 curveto
-82.39 -184.48 -91.52 -193.82 -94.49 -197.84 curveto
-97.45 -201.86 -102.13 -212.21 -104.73 -217.07 curveto
-107.34 -221.93 -106.01 -224.3 -105.53 -229.75 curveto
-105.04 -235.2 -104.26 -248.88 -102.66 -252.35 curveto
-101.05 -255.82 -94.47 -275.71 -93.19 -278.93 curveto
-91.66 -282.76 -86.69 -291.94 -83.59 -294.89 curveto
-80.67 -297.67 -72.95 -312.28 -70.15 -316.08 curveto
-67.36 -319.88 -60.02 -326.33 -61.73 -329.47 curveto
-64.22 -334.03 -69.3 -335.66 -71.28 -337.86 curveto
-73.25 -340.06 -77.4 -342.54 -82.71 -346.19 curveto
-88.03 -349.85 -97.58 -359.66 -99.68 -362.01 curveto
-101.78 -364.37 -104 -370.17 -107.33 -384.63 curveto
-110.66 -399.1 -113.22 -409.3 -112.96 -413.9 curveto
-112.69 -418.5 -112.52 -427.01 -112.24 -431.76 curveto
-111.96 -436.5 -112.56 -439.52 -112.56 -439.52 curveto stroke
newpath -112.41 -442.9 moveto
-112.62 -445.38 -111.73 -448.91 -113.07 -453.37 curveto
-114.4 -457.83 -113.98 -465.88 -115.29 -470.63 curveto
-116.6 -475.37 -119.34 -485.17 -120.9 -488.64 curveto
-122.46 -492.11 -123.57 -500.6 -125.09 -504.36 curveto
-126.61 -508.11 -129.89 -516.04 -130.97 -518.43 curveto
-132.05 -520.81 -135.35 -525.96 -139.82 -529.01 curveto
-144.3 -532.05 -150.66 -535.33 -156.07 -536.44 curveto
-161.48 -537.56 -160.73 -536.09 -160.73 -536.09 curveto stroke
newpath -172.71 -533.18 moveto
-174.63 -534.47 -176.96 -537.75 -179.33 -540.66 curveto
-181.7 -543.57 -187.56 -548.77 -189.11 -551.06 curveto
-190.66 -553.36 -195.96 -558.8 -195.96 -558.8 curveto stroke
newpath -433.66 -1242.47 moveto
-432.92 -1240.59 -430.53 -1240.38 -427.9 -1239.55 curveto
-425.26 -1238.71 -420.14 -1239.62 -418.13 -1238.54 curveto
-416.11 -1237.45 -415.31 -1235.41 -412.83 -1234.25 curveto stroke
newpath -181.59 -606.72 moveto
-181.22 -607.67 -182.02 -608.35 -182.52 -609.26 curveto
-183.01 -610.18 -186.55 -617.57 -187.99 -624.07 curveto
-189.44 -630.56 -192.9 -642 -193.38 -647.97 curveto
-193.86 -653.94 -199.04 -676.95 -200.15 -680.66 curveto
-201.27 -684.38 -204.78 -706.67 -205.21 -714.81 curveto
-205.64 -722.94 -216.58 -742.86 -218.37 -747.07 curveto
-220.17 -751.28 -226.51 -770.82 -229.12 -775.53 curveto
-231.73 -780.25 -249.1 -807.87 -250.32 -810.88 curveto
-251.49 -813.76 -264.18 -832.39 -265.92 -834.72 curveto
-267.67 -837.04 -277.61 -852.03 -278.83 -853.8 curveto
-280.04 -855.57 -283.62 -872.96 -285.67 -880.73 curveto
-287.72 -888.51 -291.43 -907.7 -292.42 -910.32 curveto
-293.41 -912.94 -300.32 -930.32 -301.21 -933.3 curveto
-302.1 -936.27 -312.03 -960.21 -312.63 -962.43 curveto
-313.23 -964.65 -317.12 -982.64 -318.32 -985.42 curveto
-319.52 -988.2 -326.1 -1014.88 -326.57 -1017.81 curveto
-327.03 -1020.75 -328.37 -1031.64 -328.84 -1034.5 curveto
-329.31 -1037.36 -329.81 -1052 -330.11 -1055.14 curveto
-330.41 -1058.27 -329.43 -1070.04 -329.53 -1074.6 curveto
-329.63 -1079.16 -335.76 -1087.44 -337.52 -1089.55 curveto
-339.29 -1091.66 -348.81 -1100.47 -355.73 -1105.57 curveto
-362.65 -1110.67 -374.25 -1129.77 -375.19 -1131.58 curveto
-376.18 -1133.48 -389.88 -1149.04 -391.54 -1151.5 curveto
-393.2 -1153.96 -402.59 -1168.93 -404.17 -1170.66 curveto
-405.75 -1172.39 -414.05 -1182.75 -415.83 -1183.92 curveto
-417.6 -1185.09 -429.05 -1196.13 -431.4 -1197.1 curveto
-433.98 -1198.17 -444.61 -1208.82 -446.63 -1212.38 curveto
-447.44 -1213.81 -450.99 -1224.68 -451.73 -1226.91 curveto stroke
newpath -404.92 -1221.84 moveto
-405.54 -1221.74 lineto
-405.86 -1220.7 lineto
-404.87 -1219.85 lineto
-404.14 -1219.49 lineto
-403.04 -1218.25 lineto
-402.33 -1217.58 lineto
-401.32 -1216.95 lineto
-400.77 -1217.21 lineto
-401.67 -1218.2 lineto
-402.33 -1219.32 lineto
-403.28 -1219.79 lineto
-404.38 -1221.1 lineto
 closepath stroke
 0 0.24501 dtransform truncate idtransform setlinewidth pop
newpath -408.08998 -1215.31 moveto
-405.29002 -1215.31 lineto stroke
 0.24501 0 dtransform exch truncate exch idtransform pop setlinewidth
newpath -406.69 -1216.70998 moveto
-406.69 -1213.91002 lineto stroke
 0.00002 0.00018 0.00104 setrgbcolor
newpath -406.12999 -1215.31 moveto
-406.12999 -1215.16147 -406.189 -1215.01904 -406.29402 -1214.91402 curveto
-406.39905 -1214.80899 -406.54147 -1214.74998 -406.69 -1214.74998 curveto
-406.83853 -1214.74998 -406.98096 -1214.80899 -407.08598 -1214.91402 curveto
-407.19101 -1215.01904 -407.25002 -1215.16147 -407.25002 -1215.31 curveto
-407.25002 -1215.45853 -407.19101 -1215.60095 -407.08598 -1215.70598 curveto
-406.98096 -1215.811 -406.83853 -1215.87001 -406.69 -1215.87001 curveto
-406.54147 -1215.87001 -406.39905 -1215.811 -406.29402 -1215.70598 curveto
-406.189 -1215.60095 -406.12999 -1215.45853 -406.12999 -1215.31 curveto
 closepath fill
 0 0 0 setrgbcolor 0 0.35 dtransform truncate idtransform setlinewidth pop
newpath -406.69 -1215.31 moveto 0 0 rlineto stroke
 0 0.24501 dtransform truncate idtransform setlinewidth pop
newpath -381.68997 -1170.57 moveto
-378.89001 -1170.57 lineto stroke
 0.24501 0 dtransform exch truncate exch idtransform pop setlinewidth
newpath -380.29 -1171.96999 moveto
-380.29 -1169.17003 lineto stroke
 0.00002 0.00018 0.00104 setrgbcolor
newpath -379.72998 -1170.57 moveto
-379.72998 -1170.42148 -379.78899 -1170.27905 -379.89401 -1170.17403 curveto
-379.99904 -1170.069 -380.14146 -1170.01 -380.29 -1170.01 curveto
-380.43852 -1170.01 -380.58095 -1170.069 -380.68597 -1170.17403 curveto
-380.791 -1170.27905 -380.85 -1170.42148 -380.85 -1170.57 curveto
-380.85 -1170.71854 -380.791 -1170.86096 -380.68597 -1170.96599 curveto
-380.58095 -1171.07101 -380.43852 -1171.13002 -380.29 -1171.13002 curveto
-380.14146 -1171.13002 -379.99904 -1171.07101 -379.89401 -1170.96599 curveto
-379.78899 -1170.86096 -379.72998 -1170.71854 -379.72998 -1170.57 curveto
 closepath fill
 0 0 0 setrgbcolor 0 0.35 dtransform truncate idtransform setlinewidth pop
newpath -380.29 -1170.57 moveto 0 0 rlineto stroke
 0 0.24501 dtransform truncate idtransform setlinewidth pop
newpath -332.66998 -1097.75 moveto
-329.87003 -1097.75 lineto stroke
 0.24501 0 dtransform exch truncate exch idtransform pop setlinewidth
newpath -331.27 -1099.14998 moveto
-331.27 -1096.35002 lineto stroke
 0.00002 0.00018 0.00104 setrgbcolor
newpath -330.70999 -1097.75 moveto
-330.70999 -1097.60147 -330.769 -1097.45905 -330.87402 -1097.35402 curveto
-330.97905 -1097.249 -331.12148 -1097.18999 -331.27 -1097.18999 curveto
-331.41853 -1097.18999 -331.56096 -1097.249 -331.66599 -1097.35402 curveto
-331.77101 -1097.45905 -331.83002 -1097.60147 -331.83002 -1097.75 curveto
-331.83002 -1097.89853 -331.77101 -1098.04095 -331.66599 -1098.14598 curveto
-331.56096 -1098.251 -331.41853 -1098.31001 -331.27 -1098.31001 curveto
-331.12148 -1098.31001 -330.97905 -1098.251 -330.87402 -1098.14598 curveto
-330.769 -1098.04095 -330.70999 -1097.89853 -330.70999 -1097.75 curveto
 closepath fill
 0 0 0 setrgbcolor 0 0.35 dtransform truncate idtransform setlinewidth pop
newpath -331.27 -1097.75 moveto 0 0 rlineto stroke
 0 0.24501 dtransform truncate idtransform setlinewidth pop
newpath -294.28998 -1023.86 moveto
-291.49002 -1023.86 lineto stroke
 0.24501 0 dtransform exch truncate exch idtransform pop setlinewidth
newpath -292.89 -1025.25998 moveto
-292.89 -1022.46002 lineto stroke
 0.00002 0.00018 0.00104 setrgbcolor
newpath -292.32999 -1023.86 moveto
-292.32999 -1023.71147 -292.38899 -1023.56905 -292.49402 -1023.46402 curveto
-292.59904 -1023.359 -292.74147 -1023.29999 -292.89 -1023.29999 curveto
-293.03853 -1023.29999 -293.18095 -1023.359 -293.28598 -1023.46402 curveto
-293.391 -1023.56905 -293.45001 -1023.71147 -293.45001 -1023.86 curveto
-293.45001 -1024.00853 -293.391 -1024.15096 -293.28598 -1024.25598 curveto
-293.18095 -1024.36101 -293.03853 -1024.42001 -292.89 -1024.42001 curveto
-292.74147 -1024.42001 -292.59904 -1024.36101 -292.49402 -1024.25598 curveto
-292.38899 -1024.15096 -292.32999 -1024.00853 -292.32999 -1023.86 curveto
 closepath fill
 0 0 0 setrgbcolor 0 0.35 dtransform truncate idtransform setlinewidth pop
newpath -292.89 -1023.86 moveto 0 0 rlineto stroke
 0 0.24501 dtransform truncate idtransform setlinewidth pop
newpath -305.31998 -957.54 moveto
-302.52002 -957.54 lineto stroke
 0.24501 0 dtransform exch truncate exch idtransform pop setlinewidth
newpath -303.92 -958.93997 moveto
-303.92 -956.14001 lineto stroke
 0.00002 0.00018 0.00104 setrgbcolor
newpath -303.35999 -957.54 moveto
-303.35999 -957.39146 -303.41899 -957.24904 -303.52402 -957.14401 curveto
-303.62904 -957.03899 -303.77147 -956.97998 -303.92 -956.97998 curveto
-304.06853 -956.97998 -304.21095 -957.03899 -304.31598 -957.14401 curveto
-304.421 -957.24904 -304.48001 -957.39146 -304.48001 -957.54 curveto
-304.48001 -957.68852 -304.421 -957.83095 -304.31598 -957.93597 curveto
-304.21095 -958.041 -304.06853 -958.1 -303.92 -958.1 curveto
-303.77147 -958.1 -303.62904 -958.041 -303.52402 -957.93597 curveto
-303.41899 -957.83095 -303.35999 -957.68852 -303.35999 -957.54 curveto
 closepath fill
 0 0 0 setrgbcolor 0 0.35 dtransform truncate idtransform setlinewidth pop
newpath -303.92 -957.54 moveto 0 0 rlineto stroke
 0 0.24501 dtransform truncate idtransform setlinewidth pop
newpath -267.73997 -894.72 moveto
-264.94002 -894.72 lineto stroke
 0.24501 0 dtransform exch truncate exch idtransform pop setlinewidth
newpath -266.34 -896.11998 moveto
-266.34 -893.32002 lineto stroke
 0.00002 0.00018 0.00104 setrgbcolor
newpath -265.77998 -894.72 moveto
-265.77998 -894.57147 -265.83899 -894.42905 -265.94402 -894.32402 curveto
-266.04904 -894.219 -266.19147 -894.15999 -266.34 -894.15999 curveto
-266.48853 -894.15999 -266.63095 -894.219 -266.73598 -894.32402 curveto
-266.841 -894.42905 -266.90001 -894.57147 -266.90001 -894.72 curveto
-266.90001 -894.86853 -266.841 -895.01096 -266.73598 -895.11598 curveto
-266.63095 -895.22101 -266.48853 -895.28001 -266.34 -895.28001 curveto
-266.19147 -895.28001 -266.04904 -895.22101 -265.94402 -895.11598 curveto
-265.83899 -895.01096 -265.77998 -894.86853 -265.77998 -894.72 curveto
 closepath fill
 0 0 0 setrgbcolor 0 0.35 dtransform truncate idtransform setlinewidth pop
newpath -266.34 -894.72 moveto 0 0 rlineto stroke
 0 0.24501 dtransform truncate idtransform setlinewidth pop
newpath -246.88998 -844.79 moveto
-244.09003 -844.79 lineto stroke
 0.24501 0 dtransform exch truncate exch idtransform pop setlinewidth
newpath -245.49 -846.18997 moveto
-245.49 -843.39001 lineto stroke
 0.00002 0.00018 0.00104 setrgbcolor
newpath -244.93 -844.79 moveto
-244.93 -844.64146 -244.989 -844.49904 -245.09402 -844.39401 curveto
-245.19905 -844.28899 -245.34148 -844.22998 -245.49 -844.22998 curveto
-245.63853 -844.22998 -245.78096 -844.28899 -245.88599 -844.39401 curveto
-245.99101 -844.49904 -246.05002 -844.64146 -246.05002 -844.79 curveto
-246.05002 -844.93852 -245.99101 -845.08095 -245.88599 -845.18597 curveto
-245.78096 -845.291 -245.63853 -845.35 -245.49 -845.35 curveto
-245.34148 -845.35 -245.19905 -845.291 -245.09402 -845.18597 curveto
-244.989 -845.08095 -244.93 -844.93852 -244.93 -844.79 curveto closepath fill
 0 0 0 setrgbcolor 0 0.35 dtransform truncate idtransform setlinewidth pop
newpath -245.49 -844.79 moveto 0 0 rlineto stroke
 0 0.24501 dtransform truncate idtransform setlinewidth pop
newpath -217.49998 -795.44 moveto
-214.70003 -795.44 lineto stroke
 0.24501 0 dtransform exch truncate exch idtransform pop setlinewidth
newpath -216.1 -796.83998 moveto
-216.1 -794.04002 lineto stroke
 0.00002 0.00018 0.00104 setrgbcolor
newpath -215.54 -795.44 moveto
-215.54 -795.29147 -215.599 -795.14905 -215.70403 -795.04402 curveto
-215.80905 -794.939 -215.95148 -794.87999 -216.1 -794.87999 curveto
-216.24854 -794.87999 -216.39096 -794.939 -216.49599 -795.04402 curveto
-216.60101 -795.14905 -216.66002 -795.29147 -216.66002 -795.44 curveto
-216.66002 -795.58853 -216.60101 -795.73096 -216.49599 -795.83598 curveto
-216.39096 -795.94101 -216.24854 -796.00002 -216.1 -796.00002 curveto
-215.95148 -796.00002 -215.80905 -795.94101 -215.70403 -795.83598 curveto
-215.599 -795.73096 -215.54 -795.58853 -215.54 -795.44 curveto closepath fill
 0 0 0 setrgbcolor 0 0.35 dtransform truncate idtransform setlinewidth pop
newpath -216.1 -795.44 moveto 0 0 rlineto stroke
 0 0.24501 dtransform truncate idtransform setlinewidth pop
newpath -182.38998 -728.6 moveto
-179.59003 -728.6 lineto stroke
 0.24501 0 dtransform exch truncate exch idtransform pop setlinewidth
newpath -180.99 -729.99998 moveto
-180.99 -727.20003 lineto stroke
 0.00002 0.00018 0.00104 setrgbcolor
newpath -180.43 -728.6 moveto
-180.43 -728.45148 -180.489 -728.30905 -180.59402 -728.20403 curveto
-180.69905 -728.099 -180.84148 -728.04 -180.99 -728.04 curveto
-181.13853 -728.04 -181.28096 -728.099 -181.38599 -728.20403 curveto
-181.49101 -728.30905 -181.55002 -728.45148 -181.55002 -728.6 curveto
-181.55002 -728.74854 -181.49101 -728.89096 -181.38599 -728.99599 curveto
-181.28096 -729.10101 -181.13853 -729.16002 -180.99 -729.16002 curveto
-180.84148 -729.16002 -180.69905 -729.10101 -180.59402 -728.99599 curveto
-180.489 -728.89096 -180.43 -728.74854 -180.43 -728.6 curveto closepath fill
 0 0 0 setrgbcolor 0 0.35 dtransform truncate idtransform setlinewidth pop
newpath -180.99 -728.6 moveto 0 0 rlineto stroke
 0 0.24501 dtransform truncate idtransform setlinewidth pop
newpath -184.46999 -667.32 moveto
-181.67003 -667.32 lineto stroke
 0.24501 0 dtransform exch truncate exch idtransform pop setlinewidth
newpath -183.07 -668.71999 moveto
-183.07 -665.92003 lineto stroke
 0.00002 0.00018 0.00104 setrgbcolor
newpath -182.51 -667.32 moveto
-182.51 -667.17148 -182.569 -667.02905 -182.67403 -666.92403 curveto
-182.77905 -666.819 -182.92148 -666.76 -183.07 -666.76 curveto
-183.21854 -666.76 -183.36096 -666.819 -183.46599 -666.92403 curveto
-183.57101 -667.02905 -183.63002 -667.17148 -183.63002 -667.32 curveto
-183.63002 -667.46854 -183.57101 -667.61096 -183.46599 -667.71599 curveto
-183.36096 -667.82101 -183.21854 -667.88002 -183.07 -667.88002 curveto
-182.92148 -667.88002 -182.77905 -667.82101 -182.67403 -667.71599 curveto
-182.569 -667.61096 -182.51 -667.46854 -182.51 -667.32 curveto closepath fill
 0 0 0 setrgbcolor 0 0.35 dtransform truncate idtransform setlinewidth pop
newpath -183.07 -667.32 moveto 0 0 rlineto stroke
 0 0.24501 dtransform truncate idtransform setlinewidth pop
newpath -174.05998 -596.79 moveto
-171.26003 -596.79 lineto stroke
 0.24501 0 dtransform exch truncate exch idtransform pop setlinewidth
newpath -172.66 -598.18997 moveto
-172.66 -595.39001 lineto stroke
 0.00002 0.00018 0.00104 setrgbcolor
newpath -172.09999 -596.79 moveto
-172.09999 -596.64146 -172.159 -596.49904 -172.26402 -596.39401 curveto
-172.36905 -596.28899 -172.51147 -596.22998 -172.66 -596.22998 curveto
-172.80853 -596.22998 -172.95096 -596.28899 -173.05598 -596.39401 curveto
-173.16101 -596.49904 -173.22002 -596.64146 -173.22002 -596.79 curveto
-173.22002 -596.93852 -173.16101 -597.08095 -173.05598 -597.18597 curveto
-172.95096 -597.291 -172.80853 -597.35 -172.66 -597.35 curveto
-172.51147 -597.35 -172.36905 -597.291 -172.26402 -597.18597 curveto
-172.159 -597.08095 -172.09999 -596.93852 -172.09999 -596.79 curveto closepath
 fill
 0 0 0 setrgbcolor 0 0.35 dtransform truncate idtransform setlinewidth pop
newpath -172.66 -596.79 moveto 0 0 rlineto stroke
 0 0.24501 dtransform truncate idtransform setlinewidth pop
newpath -145.49998 -572.91 moveto
-142.70003 -572.91 lineto stroke
 0.24501 0 dtransform exch truncate exch idtransform pop setlinewidth
newpath -144.1 -574.30998 moveto
-144.1 -571.51003 lineto stroke
 0.00002 0.00018 0.00104 setrgbcolor
newpath -143.54 -572.91 moveto
-143.54 -572.76147 -143.599 -572.61905 -143.70403 -572.51402 curveto
-143.80905 -572.409 -143.95148 -572.34999 -144.1 -572.34999 curveto
-144.24854 -572.34999 -144.39096 -572.409 -144.49599 -572.51402 curveto
-144.60101 -572.61905 -144.66002 -572.76147 -144.66002 -572.91 curveto
-144.66002 -573.05853 -144.60101 -573.20096 -144.49599 -573.30598 curveto
-144.39096 -573.41101 -144.24854 -573.47002 -144.1 -573.47002 curveto
-143.95148 -573.47002 -143.80905 -573.41101 -143.70403 -573.30598 curveto
-143.599 -573.20096 -143.54 -573.05853 -143.54 -572.91 curveto closepath fill
 0 0 0 setrgbcolor 0 0.35 dtransform truncate idtransform setlinewidth pop
newpath -144.1 -572.91 moveto 0 0 rlineto stroke
 0 0.24501 dtransform truncate idtransform setlinewidth pop
newpath -118.55998 -531.08 moveto
-115.76003 -531.08 lineto stroke
 0.24501 0 dtransform exch truncate exch idtransform pop setlinewidth
newpath -117.16 -532.47998 moveto
-117.16 -529.68002 lineto stroke
 0.00002 0.00018 0.00104 setrgbcolor
newpath -116.59999 -531.08 moveto
-116.59999 -530.93147 -116.659 -530.78905 -116.76402 -530.68402 curveto
-116.86905 -530.579 -117.01147 -530.51999 -117.16 -530.51999 curveto
-117.30853 -530.51999 -117.45096 -530.579 -117.55598 -530.68402 curveto
-117.66101 -530.78905 -117.72002 -530.93147 -117.72002 -531.08 curveto
-117.72002 -531.22853 -117.66101 -531.37096 -117.55598 -531.47598 curveto
-117.45096 -531.58101 -117.30853 -531.64001 -117.16 -531.64001 curveto
-117.01147 -531.64001 -116.86905 -531.58101 -116.76402 -531.47598 curveto
-116.659 -531.37096 -116.59999 -531.22853 -116.59999 -531.08 curveto closepath
 fill
 0 0 0 setrgbcolor 0 0.35 dtransform truncate idtransform setlinewidth pop
newpath -117.16 -531.08 moveto 0 0 rlineto stroke
 0 0.24501 dtransform truncate idtransform setlinewidth pop
newpath -95.33998 -477.26 moveto
-92.54002 -477.26 lineto stroke
 0.24501 0 dtransform exch truncate exch idtransform pop setlinewidth
newpath -93.94 -478.65997 moveto
-93.94 -475.86002 lineto stroke
 0.00002 0.00018 0.00104 setrgbcolor
newpath -93.37999 -477.26 moveto
-93.37999 -477.11147 -93.439 -476.96904 -93.54402 -476.86401 curveto
-93.64905 -476.75899 -93.79147 -476.69998 -93.94 -476.69998 curveto
-94.08853 -476.69998 -94.23096 -476.75899 -94.33598 -476.86401 curveto
-94.44101 -476.96904 -94.50002 -477.11147 -94.50002 -477.26 curveto
-94.50002 -477.40852 -94.44101 -477.55095 -94.33598 -477.65598 curveto
-94.23096 -477.761 -94.08853 -477.82 -93.94 -477.82 curveto
-93.79147 -477.82 -93.64905 -477.761 -93.54402 -477.65598 curveto
-93.439 -477.55095 -93.37999 -477.40852 -93.37999 -477.26 curveto closepath
 fill
 0 0 0 setrgbcolor 0 0.35 dtransform truncate idtransform setlinewidth pop
newpath -93.94 -477.26 moveto 0 0 rlineto stroke
 0 0.24501 dtransform truncate idtransform setlinewidth pop
newpath -81.72998 -393.25 moveto
-78.93002 -393.25 lineto stroke
 0.24501 0 dtransform exch truncate exch idtransform pop setlinewidth
newpath -80.33 -394.64998 moveto
-80.33 -391.85002 lineto stroke
 0.00002 0.00018 0.00104 setrgbcolor
newpath -79.76999 -393.25 moveto
-79.76999 -393.10147 -79.829 -392.95905 -79.93402 -392.85402 curveto
-80.03905 -392.749 -80.18147 -392.68999 -80.33 -392.68999 curveto
-80.47853 -392.68999 -80.62096 -392.749 -80.72598 -392.85402 curveto
-80.83101 -392.95905 -80.89001 -393.10147 -80.89001 -393.25 curveto
-80.89001 -393.39853 -80.83101 -393.54095 -80.72598 -393.64598 curveto
-80.62096 -393.751 -80.47853 -393.81001 -80.33 -393.81001 curveto
-80.18147 -393.81001 -80.03905 -393.751 -79.93402 -393.64598 curveto
-79.829 -393.54095 -79.76999 -393.39853 -79.76999 -393.25 curveto closepath
 fill
 0 0 0 setrgbcolor 0 0.35 dtransform truncate idtransform setlinewidth pop
newpath -80.33 -393.25 moveto 0 0 rlineto stroke
 0 0.24501 dtransform truncate idtransform setlinewidth pop
newpath -64.20998 -352.01 moveto
-61.41002 -352.01 lineto stroke
 0.24501 0 dtransform exch truncate exch idtransform pop setlinewidth
newpath -62.81 -353.40997 moveto
-62.81 -350.61002 lineto stroke
 0.00002 0.00018 0.00104 setrgbcolor
newpath -62.24998 -352.01 moveto
-62.24998 -351.86147 -62.30899 -351.71904 -62.41402 -351.61401 curveto
-62.51904 -351.50899 -62.66147 -351.44998 -62.81 -351.44998 curveto
-62.95853 -351.44998 -63.10095 -351.50899 -63.20598 -351.61401 curveto
-63.311 -351.71904 -63.37001 -351.86147 -63.37001 -352.01 curveto
-63.37001 -352.15852 -63.311 -352.30095 -63.20598 -352.40598 curveto
-63.10095 -352.511 -62.95853 -352.57 -62.81 -352.57 curveto
-62.66147 -352.57 -62.51904 -352.511 -62.41402 -352.40598 curveto
-62.30899 -352.30095 -62.24998 -352.15852 -62.24998 -352.01 curveto closepath
 fill
 0 0 0 setrgbcolor 0 0.35 dtransform truncate idtransform setlinewidth pop
newpath -62.81 -352.01 moveto 0 0 rlineto stroke
 0 0.24501 dtransform truncate idtransform setlinewidth pop
newpath -27.40997 -343.81 moveto
-24.61002 -343.81 lineto stroke
 0.24501 0 dtransform exch truncate exch idtransform pop setlinewidth
newpath -26.01 -345.20998 moveto
-26.01 -342.41002 lineto stroke
 0.00002 0.00018 0.00104 setrgbcolor
newpath -25.44998 -343.81 moveto
-25.44998 -343.66147 -25.50899 -343.51904 -25.61401 -343.41402 curveto
-25.71904 -343.30899 -25.86147 -343.24998 -26.01 -343.24998 curveto
-26.15852 -343.24998 -26.30095 -343.30899 -26.40598 -343.41402 curveto
-26.511 -343.51904 -26.57 -343.66147 -26.57 -343.81 curveto
-26.57 -343.95853 -26.511 -344.10095 -26.40598 -344.20598 curveto
-26.30095 -344.311 -26.15852 -344.37001 -26.01 -344.37001 curveto
-25.86147 -344.37001 -25.71904 -344.311 -25.61401 -344.20598 curveto
-25.50899 -344.10095 -25.44998 -343.95853 -25.44998 -343.81 curveto closepath
 fill
 0 0 0 setrgbcolor 0 0.35 dtransform truncate idtransform setlinewidth pop
newpath -26.01 -343.81 moveto 0 0 rlineto stroke
 0 0.24501 dtransform truncate idtransform setlinewidth pop
newpath -3.24998 -315.87 moveto
-0.45003 -315.87 lineto stroke
 0.24501 0 dtransform exch truncate exch idtransform pop setlinewidth
newpath -1.85 -317.26997 moveto
-1.85 -314.47002 lineto stroke
 0.00002 0.00018 0.00104 setrgbcolor
newpath -1.29 -315.87 moveto
-1.29 -315.72147 -1.349 -315.57904 -1.45403 -315.47401 curveto
-1.55905 -315.36899 -1.70148 -315.30998 -1.85 -315.30998 curveto
-1.99854 -315.30998 -2.14096 -315.36899 -2.24599 -315.47401 curveto
-2.35101 -315.57904 -2.41002 -315.72147 -2.41002 -315.87 curveto
-2.41002 -316.01852 -2.35101 -316.16095 -2.24599 -316.26598 curveto
-2.14096 -316.371 -1.99854 -316.43001 -1.85 -316.43001 curveto
-1.70148 -316.43001 -1.55905 -316.371 -1.45403 -316.26598 curveto
-1.349 -316.16095 -1.29 -316.01852 -1.29 -315.87 curveto closepath fill
 0 0 0 setrgbcolor 0 0.35 dtransform truncate idtransform setlinewidth pop
newpath -1.85 -315.87 moveto 0 0 rlineto stroke
 0 0.24501 dtransform truncate idtransform setlinewidth pop
newpath -6.81998 -279.76 moveto
-4.02002 -279.76 lineto stroke
 0.24501 0 dtransform exch truncate exch idtransform pop setlinewidth
newpath -5.42 -281.15997 moveto
-5.42 -278.36002 lineto stroke
 0.00002 0.00018 0.00104 setrgbcolor
newpath -4.85999 -279.76 moveto
-4.85999 -279.61147 -4.91899 -279.46904 -5.02402 -279.36401 curveto
-5.12904 -279.25899 -5.27147 -279.19998 -5.42 -279.19998 curveto
-5.56853 -279.19998 -5.71095 -279.25899 -5.81598 -279.36401 curveto
-5.921 -279.46904 -5.98001 -279.61147 -5.98001 -279.76 curveto
-5.98001 -279.90852 -5.921 -280.05095 -5.81598 -280.15598 curveto
-5.71095 -280.261 -5.56853 -280.32 -5.42 -280.32 curveto
-5.27147 -280.32 -5.12904 -280.261 -5.02402 -280.15598 curveto
-4.91899 -280.05095 -4.85999 -279.90852 -4.85999 -279.76 curveto closepath fill
 0 0 0 setrgbcolor 0 0.35 dtransform truncate idtransform setlinewidth pop
newpath -5.42 -279.76 moveto 0 0 rlineto stroke
 0 0.24501 dtransform truncate idtransform setlinewidth pop
newpath -70.94998 -257.55 moveto
-68.15002 -257.55 lineto stroke
 0.24501 0 dtransform exch truncate exch idtransform pop setlinewidth
newpath -69.55 -258.94998 moveto
-69.55 -256.15002 lineto stroke
 0.00002 0.00018 0.00104 setrgbcolor
newpath -68.98999 -257.55 moveto
-68.98999 -257.40147 -69.049 -257.25905 -69.15402 -257.15402 curveto
-69.25905 -257.049 -69.40147 -256.98999 -69.55 -256.98999 curveto
-69.69853 -256.98999 -69.84096 -257.049 -69.94598 -257.15402 curveto
-70.05101 -257.25905 -70.11002 -257.40147 -70.11002 -257.55 curveto
-70.11002 -257.69853 -70.05101 -257.84096 -69.94598 -257.94598 curveto
-69.84096 -258.05101 -69.69853 -258.11002 -69.55 -258.11002 curveto
-69.40147 -258.11002 -69.25905 -258.05101 -69.15402 -257.94598 curveto
-69.049 -257.84096 -68.98999 -257.69853 -68.98999 -257.55 curveto closepath
 fill
 0 0 0 setrgbcolor 0 0.35 dtransform truncate idtransform setlinewidth pop
newpath -69.55 -257.55 moveto 0 0 rlineto stroke
 0 0.24501 dtransform truncate idtransform setlinewidth pop
newpath -76.25998 -227.5 moveto
-73.46002 -227.5 lineto stroke
 0.24501 0 dtransform exch truncate exch idtransform pop setlinewidth
newpath -74.86 -228.89998 moveto
-74.86 -226.10002 lineto stroke
 0.00002 0.00018 0.00104 setrgbcolor
newpath -74.29999 -227.5 moveto
-74.29999 -227.35147 -74.359 -227.20905 -74.46402 -227.10402 curveto
-74.56905 -226.999 -74.71147 -226.93999 -74.86 -226.93999 curveto
-75.00853 -226.93999 -75.15096 -226.999 -75.25598 -227.10402 curveto
-75.36101 -227.20905 -75.42001 -227.35147 -75.42001 -227.5 curveto
-75.42001 -227.64853 -75.36101 -227.79095 -75.25598 -227.89598 curveto
-75.15096 -228.001 -75.00853 -228.06001 -74.86 -228.06001 curveto
-74.71147 -228.06001 -74.56905 -228.001 -74.46402 -227.89598 curveto
-74.359 -227.79095 -74.29999 -227.64853 -74.29999 -227.5 curveto closepath fill
 0 0 0 setrgbcolor 0 0.35 dtransform truncate idtransform setlinewidth pop
newpath -74.86 -227.5 moveto 0 0 rlineto stroke
 0 0.24501 dtransform truncate idtransform setlinewidth pop
newpath -53.30998 -172.11 moveto
-50.51003 -172.11 lineto stroke
 0.24501 0 dtransform exch truncate exch idtransform pop setlinewidth
newpath -51.91 -173.50998 moveto
-51.91 -170.71002 lineto stroke
 0.00002 0.00018 0.00104 setrgbcolor
newpath -51.34999 -172.11 moveto
-51.34999 -171.96147 -51.409 -171.81905 -51.51402 -171.71402 curveto
-51.61905 -171.609 -51.76147 -171.54999 -51.91 -171.54999 curveto
-52.05853 -171.54999 -52.20096 -171.609 -52.30598 -171.71402 curveto
-52.41101 -171.81905 -52.47002 -171.96147 -52.47002 -172.11 curveto
-52.47002 -172.25853 -52.41101 -172.40096 -52.30598 -172.50598 curveto
-52.20096 -172.61101 -52.05853 -172.67001 -51.91 -172.67001 curveto
-51.76147 -172.67001 -51.61905 -172.61101 -51.51402 -172.50598 curveto
-51.409 -172.40096 -51.34999 -172.25853 -51.34999 -172.11 curveto closepath
 fill
 0 0 0 setrgbcolor 0 0.35 dtransform truncate idtransform setlinewidth pop
newpath -51.91 -172.11 moveto 0 0 rlineto stroke
 0 0.24501 dtransform truncate idtransform setlinewidth pop
newpath -6.46999 -188.16 moveto
-3.67003 -188.16 lineto stroke
 0.24501 0 dtransform exch truncate exch idtransform pop setlinewidth
newpath -5.07 -189.55998 moveto
-5.07 -186.76003 lineto stroke
 0.00002 0.00018 0.00104 setrgbcolor
newpath -4.51 -188.16 moveto
-4.51 -188.01147 -4.569 -187.86905 -4.67403 -187.76402 curveto
-4.77905 -187.659 -4.92148 -187.59999 -5.07 -187.59999 curveto
-5.21854 -187.59999 -5.36096 -187.659 -5.46599 -187.76402 curveto
-5.57101 -187.86905 -5.63002 -188.01147 -5.63002 -188.16 curveto
-5.63002 -188.30853 -5.57101 -188.45096 -5.46599 -188.55598 curveto
-5.36096 -188.66101 -5.21854 -188.72002 -5.07 -188.72002 curveto
-4.92148 -188.72002 -4.77905 -188.66101 -4.67403 -188.55598 curveto
-4.569 -188.45096 -4.51 -188.30853 -4.51 -188.16 curveto closepath fill
 0 0 0 setrgbcolor 0 0.35 dtransform truncate idtransform setlinewidth pop
newpath -5.07 -188.16 moveto 0 0 rlineto stroke
 0 0.24501 dtransform truncate idtransform setlinewidth pop
newpath 6.37003 -122.11 moveto
9.16998 -122.11 lineto stroke
 0.24501 0 dtransform exch truncate exch idtransform pop setlinewidth
newpath 7.77 -123.50998 moveto
7.77 -120.71002 lineto stroke
 0.00002 0.00018 0.00104 setrgbcolor
newpath 8.33002 -122.11 moveto
8.33002 -121.96147 8.27101 -121.81905 8.16599 -121.71402 curveto
8.06096 -121.609 7.91853 -121.54999 7.77 -121.54999 curveto
7.62148 -121.54999 7.47905 -121.609 7.37402 -121.71402 curveto
7.269 -121.81905 7.20999 -121.96147 7.20999 -122.11 curveto
7.20999 -122.25853 7.269 -122.40096 7.37402 -122.50598 curveto
7.47905 -122.61101 7.62148 -122.67001 7.77 -122.67001 curveto
7.91853 -122.67001 8.06096 -122.61101 8.16599 -122.50598 curveto
8.27101 -122.40096 8.33002 -122.25853 8.33002 -122.11 curveto closepath fill
 0 0 0 setrgbcolor 0 0.35 dtransform truncate idtransform setlinewidth pop
newpath 7.77 -122.11 moveto 0 0 rlineto stroke
 0 0.24501 dtransform truncate idtransform setlinewidth pop
newpath -39.13998 -56.5 moveto
-36.34003 -56.5 lineto stroke
 0.24501 0 dtransform exch truncate exch idtransform pop setlinewidth
newpath -37.74 -57.89998 moveto
-37.74 -55.10002 lineto stroke
 0.00002 0.00018 0.00104 setrgbcolor
newpath -37.18 -56.5 moveto
-37.18 -56.35147 -37.239 -56.20905 -37.34402 -56.10402 curveto
-37.44905 -55.999 -37.59148 -55.93999 -37.74 -55.93999 curveto
-37.88853 -55.93999 -38.03096 -55.999 -38.13599 -56.10402 curveto
-38.24101 -56.20905 -38.30002 -56.35147 -38.30002 -56.5 curveto
-38.30002 -56.64853 -38.24101 -56.79095 -38.13599 -56.89598 curveto
-38.03096 -57.001 -37.88853 -57.06001 -37.74 -57.06001 curveto
-37.59148 -57.06001 -37.44905 -57.001 -37.34402 -56.89598 curveto
-37.239 -56.79095 -37.18 -56.64853 -37.18 -56.5 curveto closepath fill
 0 0 0 setrgbcolor 0 0.35 dtransform truncate idtransform setlinewidth pop
newpath -37.74 -56.5 moveto 0 0 rlineto stroke
 0 0.24501 dtransform truncate idtransform setlinewidth pop
newpath 3.08002 -25.59 moveto
5.87997 -25.59 lineto stroke
 0.24501 0 dtransform exch truncate exch idtransform pop setlinewidth
newpath 4.48 -26.98997 moveto
4.48 -24.19002 lineto stroke
 0.00002 0.00018 0.00104 setrgbcolor
newpath 5.04001 -25.59 moveto
5.04001 -25.44147 4.981 -25.29904 4.87598 -25.19402 curveto
4.77095 -25.08899 4.62852 -25.02998 4.48 -25.02998 curveto
4.33147 -25.02998 4.18904 -25.08899 4.08401 -25.19402 curveto
3.97899 -25.29904 3.91998 -25.44147 3.91998 -25.59 curveto
3.91998 -25.73853 3.97899 -25.88095 4.08401 -25.98598 curveto
4.18904 -26.091 4.33147 -26.15001 4.48 -26.15001 curveto
4.62852 -26.15001 4.77095 -26.091 4.87598 -25.98598 curveto
4.981 -25.88095 5.04001 -25.73853 5.04001 -25.59 curveto closepath fill
 0 0 0 setrgbcolor 0 0.35 dtransform truncate idtransform setlinewidth pop
newpath 4.48 -25.59 moveto 0 0 rlineto stroke
 0 0.24501 dtransform truncate idtransform setlinewidth pop
newpath 2.28001 5.42 moveto
5.07997 5.42 lineto stroke
 0.24501 0 dtransform exch truncate exch idtransform pop setlinewidth
newpath 3.68 4.02002 moveto
3.68 6.81998 lineto stroke
 0.00002 0.00018 0.00104 setrgbcolor
newpath 4.24 5.42 moveto
4.24 5.56853 4.181 5.71095 4.07597 5.81598 curveto
3.97095 5.921 3.82852 5.98001 3.68 5.98001 curveto
3.53146 5.98001 3.38904 5.921 3.28401 5.81598 curveto
3.17899 5.71095 3.11998 5.56853 3.11998 5.42 curveto
3.11998 5.27147 3.17899 5.12904 3.28401 5.02402 curveto
3.38904 4.91899 3.53146 4.85999 3.68 4.85999 curveto
3.82852 4.85999 3.97095 4.91899 4.07597 5.02402 curveto
4.181 5.12904 4.24 5.27147 4.24 5.42 curveto closepath fill
 0 0 0 setrgbcolor 0 0.35 dtransform truncate idtransform setlinewidth pop
newpath 3.68 5.42 moveto 0 0 rlineto stroke
 0 0.24501 dtransform truncate idtransform setlinewidth pop
newpath 54.81003 5.14 moveto
57.60999 5.14 lineto stroke
 0.24501 0 dtransform exch truncate exch idtransform pop setlinewidth
newpath 56.21 3.74002 moveto
56.21 6.53998 lineto stroke
 0.00002 0.00018 0.00104 setrgbcolor
newpath 56.77002 5.14 moveto
56.77002 5.28853 56.71101 5.43095 56.60599 5.53598 curveto
56.50096 5.641 56.35854 5.70001 56.21 5.70001 curveto
56.06148 5.70001 55.91905 5.641 55.81403 5.53598 curveto
55.709 5.43095 55.65 5.28853 55.65 5.14 curveto
55.65 4.99147 55.709 4.84904 55.81403 4.74402 curveto
55.91905 4.63899 56.06148 4.57999 56.21 4.57999 curveto
56.35854 4.57999 56.50096 4.63899 56.60599 4.74402 curveto
56.71101 4.84904 56.77002 4.99147 56.77002 5.14 curveto closepath fill
 0 0 0 setrgbcolor 0 0.35 dtransform truncate idtransform setlinewidth pop
newpath 56.21 5.14 moveto 0 0 rlineto stroke
 0 0.24501 dtransform truncate idtransform setlinewidth pop
newpath 84.04002 53.39 moveto
86.83998 53.39 lineto stroke
 0.24501 0 dtransform exch truncate exch idtransform pop setlinewidth
newpath 85.44 51.99002 moveto
85.44 54.78998 lineto stroke
 0.00002 0.00018 0.00104 setrgbcolor
newpath 86.00002 53.39 moveto
86.00002 53.53853 85.94101 53.68095 85.83598 53.78598 curveto
85.73096 53.891 85.58853 53.95001 85.44 53.95001 curveto
85.29147 53.95001 85.14905 53.891 85.04402 53.78598 curveto
84.939 53.68095 84.87999 53.53853 84.87999 53.39 curveto
84.87999 53.24147 84.939 53.09904 85.04402 52.99402 curveto
85.14905 52.88899 85.29147 52.82999 85.44 52.82999 curveto
85.58853 52.82999 85.73096 52.88899 85.83598 52.99402 curveto
85.94101 53.09904 86.00002 53.24147 86.00002 53.39 curveto closepath fill
 0 0 0 setrgbcolor 0 0.35 dtransform truncate idtransform setlinewidth pop
newpath 85.44 53.39 moveto 0 0 rlineto stroke
 0 0.24501 dtransform truncate idtransform setlinewidth pop
newpath 120.66002 130.26 moveto
123.45998 130.26 lineto stroke
 0.24501 0 dtransform exch truncate exch idtransform pop setlinewidth
newpath 122.06 128.86002 moveto
122.06 131.65997 lineto stroke
 0.00002 0.00018 0.00104 setrgbcolor
newpath 122.62001 130.26 moveto
122.62001 130.40852 122.561 130.55095 122.45598 130.65598 curveto
122.35095 130.761 122.20853 130.82 122.06 130.82 curveto
121.91147 130.82 121.76904 130.761 121.66402 130.65598 curveto
121.55899 130.55095 121.49998 130.40852 121.49998 130.26 curveto
121.49998 130.11147 121.55899 129.96904 121.66402 129.86401 curveto
121.76904 129.75899 121.91147 129.69998 122.06 129.69998 curveto
122.20853 129.69998 122.35095 129.75899 122.45598 129.86401 curveto
122.561 129.96904 122.62001 130.11147 122.62001 130.26 curveto closepath fill
 0 0 0 setrgbcolor 0 0.35 dtransform truncate idtransform setlinewidth pop
newpath 122.06 130.26 moveto 0 0 rlineto stroke
 0 0.24501 dtransform truncate idtransform setlinewidth pop
newpath 126.48003 214.77 moveto
129.27998 214.77 lineto stroke
 0.24501 0 dtransform exch truncate exch idtransform pop setlinewidth
newpath 127.88 213.37003 moveto
127.88 216.16998 lineto stroke
 0.00002 0.00018 0.00104 setrgbcolor
newpath 128.44002 214.77 moveto
128.44002 214.91853 128.38101 215.06096 128.27599 215.16599 curveto
128.17096 215.27101 128.02853 215.33002 127.88 215.33002 curveto
127.73148 215.33002 127.58905 215.27101 127.48402 215.16599 curveto
127.379 215.06096 127.31999 214.91853 127.31999 214.77 curveto
127.31999 214.62148 127.379 214.47905 127.48402 214.37402 curveto
127.58905 214.269 127.73148 214.20999 127.88 214.20999 curveto
128.02853 214.20999 128.17096 214.269 128.27599 214.37402 curveto
128.38101 214.47905 128.44002 214.62148 128.44002 214.77 curveto closepath fill
 0 0 0 setrgbcolor 0 0.35 dtransform truncate idtransform setlinewidth pop
newpath 127.88 214.77 moveto 0 0 rlineto stroke
 0 0.24501 dtransform truncate idtransform setlinewidth pop
newpath 96.21002 267.74 moveto
99.00998 267.74 lineto stroke
 0.24501 0 dtransform exch truncate exch idtransform pop setlinewidth
newpath 97.61 266.34003 moveto
97.61 269.13998 lineto stroke
 0.00002 0.00018 0.00104 setrgbcolor
newpath 98.17001 267.74 moveto
98.17001 267.88853 98.11101 268.03096 98.00598 268.13599 curveto
97.90096 268.24101 97.75853 268.30002 97.61 268.30002 curveto
97.46147 268.30002 97.31905 268.24101 97.21402 268.13599 curveto
97.109 268.03096 97.04999 267.88853 97.04999 267.74 curveto
97.04999 267.59148 97.109 267.44905 97.21402 267.34402 curveto
97.31905 267.239 97.46147 267.18 97.61 267.18 curveto
97.75853 267.18 97.90096 267.239 98.00598 267.34402 curveto
98.11101 267.44905 98.17001 267.59148 98.17001 267.74 curveto closepath fill
 0 0 0 setrgbcolor 0 0.35 dtransform truncate idtransform setlinewidth pop
newpath 97.61 267.74 moveto 0 0 rlineto stroke
 0 0.24501 dtransform truncate idtransform setlinewidth pop
newpath 123.42003 329.35 moveto
126.21999 329.35 lineto stroke
 0.24501 0 dtransform exch truncate exch idtransform pop setlinewidth
newpath 124.82 327.95003 moveto
124.82 330.74998 lineto stroke
 0.00002 0.00018 0.00104 setrgbcolor
newpath 125.38002 329.35 moveto
125.38002 329.49854 125.32101 329.64096 125.21599 329.74599 curveto
125.11096 329.85101 124.96854 329.91002 124.82 329.91002 curveto
124.67148 329.91002 124.52905 329.85101 124.42403 329.74599 curveto
124.319 329.64096 124.26 329.49854 124.26 329.35 curveto
124.26 329.20148 124.319 329.05905 124.42403 328.95403 curveto
124.52905 328.849 124.67148 328.79 124.82 328.79 curveto
124.96854 328.79 125.11096 328.849 125.21599 328.95403 curveto
125.32101 329.05905 125.38002 329.20148 125.38002 329.35 curveto closepath fill
 0 0 0 setrgbcolor 0 0.35 dtransform truncate idtransform setlinewidth pop
newpath 124.82 329.35 moveto 0 0 rlineto stroke
 0 0.24501 dtransform truncate idtransform setlinewidth pop
newpath 176.50002 450.94 moveto
179.29997 450.94 lineto stroke
 0.24501 0 dtransform exch truncate exch idtransform pop setlinewidth
newpath 177.9 449.54002 moveto
177.9 452.33998 lineto stroke
 0.00002 0.00018 0.00104 setrgbcolor
newpath 178.46 450.94 moveto
178.46 451.08853 178.401 451.23096 178.29597 451.33598 curveto
178.19095 451.44101 178.04852 451.50002 177.9 451.50002 curveto
177.75146 451.50002 177.60904 451.44101 177.50401 451.33598 curveto
177.39899 451.23096 177.33998 451.08853 177.33998 450.94 curveto
177.33998 450.79147 177.39899 450.64905 177.50401 450.54402 curveto
177.60904 450.439 177.75146 450.37999 177.9 450.37999 curveto
178.04852 450.37999 178.19095 450.439 178.29597 450.54402 curveto
178.401 450.64905 178.46 450.79147 178.46 450.94 curveto closepath fill
 0 0 0 setrgbcolor 0 0.35 dtransform truncate idtransform setlinewidth pop
newpath 177.9 450.94 moveto 0 0 rlineto stroke
 0 0.24501 dtransform truncate idtransform setlinewidth pop
newpath 186.86002 498.45 moveto
189.65997 498.45 lineto stroke
 0.24501 0 dtransform exch truncate exch idtransform pop setlinewidth
newpath 188.26 497.05002 moveto
188.26 499.84998 lineto stroke
 0.00002 0.00018 0.00104 setrgbcolor
newpath 188.82 498.45 moveto
188.82 498.59853 188.761 498.74095 188.65598 498.84598 curveto
188.55095 498.951 188.40852 499.01001 188.26 499.01001 curveto
188.11147 499.01001 187.96904 498.951 187.86401 498.84598 curveto
187.75899 498.74095 187.69998 498.59853 187.69998 498.45 curveto
187.69998 498.30147 187.75899 498.15904 187.86401 498.05402 curveto
187.96904 497.94899 188.11147 497.88998 188.26 497.88998 curveto
188.40852 497.88998 188.55095 497.94899 188.65598 498.05402 curveto
188.761 498.15904 188.82 498.30147 188.82 498.45 curveto closepath fill
 0 0 0 setrgbcolor 0 0.35 dtransform truncate idtransform setlinewidth pop
newpath 188.26 498.45 moveto 0 0 rlineto stroke
 0 0.24501 dtransform truncate idtransform setlinewidth pop
newpath 233.63002 528.08 moveto
236.42998 528.08 lineto stroke
 0.24501 0 dtransform exch truncate exch idtransform pop setlinewidth
newpath 235.03 526.68002 moveto
235.03 529.47998 lineto stroke
 0.00002 0.00018 0.00104 setrgbcolor
newpath 235.59001 528.08 moveto
235.59001 528.22853 235.531 528.37096 235.42598 528.47598 curveto
235.32095 528.58101 235.17853 528.64001 235.03 528.64001 curveto
234.88147 528.64001 234.73904 528.58101 234.63402 528.47598 curveto
234.52899 528.37096 234.46999 528.22853 234.46999 528.08 curveto
234.46999 527.93147 234.52899 527.78905 234.63402 527.68402 curveto
234.73904 527.579 234.88147 527.51999 235.03 527.51999 curveto
235.17853 527.51999 235.32095 527.579 235.42598 527.68402 curveto
235.531 527.78905 235.59001 527.93147 235.59001 528.08 curveto closepath fill
 0 0 0 setrgbcolor 0 0.35 dtransform truncate idtransform setlinewidth pop
newpath 235.03 528.08 moveto 0 0 rlineto stroke
 0 0.24501 dtransform truncate idtransform setlinewidth pop
newpath 253.92003 596.56 moveto
256.71999 596.56 lineto stroke
 0.24501 0 dtransform exch truncate exch idtransform pop setlinewidth
newpath 255.32 595.16002 moveto
255.32 597.95998 lineto stroke
 0.00002 0.00018 0.00104 setrgbcolor
newpath 255.88002 596.56 moveto
255.88002 596.70853 255.82101 596.85095 255.71599 596.95598 curveto
255.61096 597.061 255.46854 597.12001 255.32 597.12001 curveto
255.17148 597.12001 255.02905 597.061 254.92403 596.95598 curveto
254.819 596.85095 254.76 596.70853 254.76 596.56 curveto
254.76 596.41147 254.819 596.26904 254.92403 596.16402 curveto
255.02905 596.05899 255.17148 595.99998 255.32 595.99998 curveto
255.46854 595.99998 255.61096 596.05899 255.71599 596.16402 curveto
255.82101 596.26904 255.88002 596.41147 255.88002 596.56 curveto closepath fill
 0 0 0 setrgbcolor 0 0.35 dtransform truncate idtransform setlinewidth pop
newpath 255.32 596.56 moveto 0 0 rlineto stroke
 0 0.24501 dtransform truncate idtransform setlinewidth pop
newpath 185.87003 671.05 moveto
188.66998 671.05 lineto stroke
 0.24501 0 dtransform exch truncate exch idtransform pop setlinewidth
newpath 187.27 669.65002 moveto
187.27 672.44998 lineto stroke
 0.00002 0.00018 0.00104 setrgbcolor
newpath 187.83002 671.05 moveto
187.83002 671.19853 187.77101 671.34096 187.66599 671.44598 curveto
187.56096 671.55101 187.41853 671.61002 187.27 671.61002 curveto
187.12148 671.61002 186.97905 671.55101 186.87402 671.44598 curveto
186.769 671.34096 186.70999 671.19853 186.70999 671.05 curveto
186.70999 670.90147 186.769 670.75905 186.87402 670.65402 curveto
186.97905 670.549 187.12148 670.48999 187.27 670.48999 curveto
187.41853 670.48999 187.56096 670.549 187.66599 670.65402 curveto
187.77101 670.75905 187.83002 670.90147 187.83002 671.05 curveto closepath fill
 0 0 0 setrgbcolor 0 0.35 dtransform truncate idtransform setlinewidth pop
newpath 187.27 671.05 moveto 0 0 rlineto stroke
 0 0.24501 dtransform truncate idtransform setlinewidth pop
newpath 238.69002 768.71 moveto
241.48997 768.71 lineto stroke
 0.24501 0 dtransform exch truncate exch idtransform pop setlinewidth
newpath 240.09 767.31003 moveto
240.09 770.10999 lineto stroke
 0.00002 0.00018 0.00104 setrgbcolor
newpath 240.65001 768.71 moveto
240.65001 768.85854 240.591 769.00096 240.48598 769.10599 curveto
240.38095 769.21101 240.23853 769.27002 240.09 769.27002 curveto
239.94147 769.27002 239.79904 769.21101 239.69402 769.10599 curveto
239.58899 769.00096 239.52998 768.85854 239.52998 768.71 curveto
239.52998 768.56148 239.58899 768.41905 239.69402 768.31403 curveto
239.79904 768.209 239.94147 768.15 240.09 768.15 curveto
240.23853 768.15 240.38095 768.209 240.48598 768.31403 curveto
240.591 768.41905 240.65001 768.56148 240.65001 768.71 curveto closepath fill
 0 0 0 setrgbcolor 0 0.35 dtransform truncate idtransform setlinewidth pop
newpath 240.09 768.71 moveto 0 0 rlineto stroke
 0 0.24501 dtransform truncate idtransform setlinewidth pop
newpath 264.11002 871.59 moveto
266.90997 871.59 lineto stroke
 0.24501 0 dtransform exch truncate exch idtransform pop setlinewidth
newpath 265.51 870.19002 moveto
265.51 872.98997 lineto stroke
 0.00002 0.00018 0.00104 setrgbcolor
newpath 266.07 871.59 moveto
266.07 871.73853 266.011 871.88095 265.90598 871.98598 curveto
265.80095 872.091 265.65852 872.15001 265.51 872.15001 curveto
265.36147 872.15001 265.21904 872.091 265.11401 871.98598 curveto
265.00899 871.88095 264.94998 871.73853 264.94998 871.59 curveto
264.94998 871.44147 265.00899 871.29904 265.11401 871.19402 curveto
265.21904 871.08899 265.36147 871.02998 265.51 871.02998 curveto
265.65852 871.02998 265.80095 871.08899 265.90598 871.19402 curveto
266.011 871.29904 266.07 871.44147 266.07 871.59 curveto closepath fill
 0 0 0 setrgbcolor 0 0.35 dtransform truncate idtransform setlinewidth pop
newpath 265.51 871.59 moveto 0 0 rlineto stroke
 0 0.24501 dtransform truncate idtransform setlinewidth pop
newpath 296.13002 899.6 moveto
298.92998 899.6 lineto stroke
 0.24501 0 dtransform exch truncate exch idtransform pop setlinewidth
newpath 297.53 898.20003 moveto
297.53 900.99998 lineto stroke
 0.00002 0.00018 0.00104 setrgbcolor
newpath 298.09001 899.6 moveto
298.09001 899.74854 298.031 899.89096 297.92598 899.99599 curveto
297.82095 900.10101 297.67853 900.16002 297.53 900.16002 curveto
297.38147 900.16002 297.23904 900.10101 297.13402 899.99599 curveto
297.02899 899.89096 296.96999 899.74854 296.96999 899.6 curveto
296.96999 899.45148 297.02899 899.30905 297.13402 899.20403 curveto
297.23904 899.099 297.38147 899.04 297.53 899.04 curveto
297.67853 899.04 297.82095 899.099 297.92598 899.20403 curveto
298.031 899.30905 298.09001 899.45148 298.09001 899.6 curveto closepath fill
 0 0 0 setrgbcolor 0 0.35 dtransform truncate idtransform setlinewidth pop
newpath 297.53 899.6 moveto 0 0 rlineto stroke
 0 0.24501 dtransform truncate idtransform setlinewidth pop
newpath 320.22002 958.45 moveto
323.01997 958.45 lineto stroke
 0.24501 0 dtransform exch truncate exch idtransform pop setlinewidth
newpath 321.62 957.05002 moveto
321.62 959.84998 lineto stroke
 0.00002 0.00018 0.00104 setrgbcolor
newpath 322.18001 958.45 moveto
322.18001 958.59853 322.121 958.74095 322.01598 958.84598 curveto
321.91095 958.951 321.76852 959.01001 321.62 959.01001 curveto
321.47147 959.01001 321.32904 958.951 321.22401 958.84598 curveto
321.11899 958.74095 321.05998 958.59853 321.05998 958.45 curveto
321.05998 958.30147 321.11899 958.15904 321.22401 958.05402 curveto
321.32904 957.94899 321.47147 957.88998 321.62 957.88998 curveto
321.76852 957.88998 321.91095 957.94899 322.01598 958.05402 curveto
322.121 958.15904 322.18001 958.30147 322.18001 958.45 curveto closepath fill
 0 0 0 setrgbcolor 0 0.35 dtransform truncate idtransform setlinewidth pop
newpath 321.62 958.45 moveto 0 0 rlineto stroke
 0 0.24501 dtransform truncate idtransform setlinewidth pop
newpath 338.99002 1007.08 moveto
341.78998 1007.08 lineto stroke
 0.24501 0 dtransform exch truncate exch idtransform pop setlinewidth
newpath 340.39 1005.68002 moveto
340.39 1008.47998 lineto stroke
 0.00002 0.00018 0.00104 setrgbcolor
newpath 340.95001 1007.08 moveto
340.95001 1007.22853 340.891 1007.37096 340.78598 1007.47598 curveto
340.68095 1007.58101 340.53853 1007.64001 340.39 1007.64001 curveto
340.24147 1007.64001 340.09904 1007.58101 339.99402 1007.47598 curveto
339.88899 1007.37096 339.82999 1007.22853 339.82999 1007.08 curveto
339.82999 1006.93147 339.88899 1006.78905 339.99402 1006.68402 curveto
340.09904 1006.579 340.24147 1006.51999 340.39 1006.51999 curveto
340.53853 1006.51999 340.68095 1006.579 340.78598 1006.68402 curveto
340.891 1006.78905 340.95001 1006.93147 340.95001 1007.08 curveto closepath
 fill
 0 0 0 setrgbcolor 0 0.35 dtransform truncate idtransform setlinewidth pop
newpath 340.39 1007.08 moveto 0 0 rlineto stroke
 0 0.24501 dtransform truncate idtransform setlinewidth pop
newpath 356.82002 1078.31 moveto
359.61998 1078.31 lineto stroke
 0.24501 0 dtransform exch truncate exch idtransform pop setlinewidth
newpath 358.22 1076.91002 moveto
358.22 1079.70998 lineto stroke
 0.00002 0.00018 0.00104 setrgbcolor
newpath 358.78001 1078.31 moveto
358.78001 1078.45853 358.72101 1078.60095 358.61598 1078.70598 curveto
358.51096 1078.811 358.36853 1078.87001 358.22 1078.87001 curveto
358.07147 1078.87001 357.92905 1078.811 357.82402 1078.70598 curveto
357.719 1078.60095 357.65999 1078.45853 357.65999 1078.31 curveto
357.65999 1078.16147 357.719 1078.01904 357.82402 1077.91402 curveto
357.92905 1077.80899 358.07147 1077.74998 358.22 1077.74998 curveto
358.36853 1077.74998 358.51096 1077.80899 358.61598 1077.91402 curveto
358.72101 1078.01904 358.78001 1078.16147 358.78001 1078.31 curveto closepath
 fill
 0 0 0 setrgbcolor 0 0.35 dtransform truncate idtransform setlinewidth pop
newpath 358.22 1078.31 moveto 0 0 rlineto stroke
 0 0.24501 dtransform truncate idtransform setlinewidth pop
newpath 363.93002 1119.72 moveto
366.72998 1119.72 lineto stroke
 0.24501 0 dtransform exch truncate exch idtransform pop setlinewidth
newpath 365.33 1118.32002 moveto
365.33 1121.11998 lineto stroke
 0.00002 0.00018 0.00104 setrgbcolor
newpath 365.89001 1119.72 moveto
365.89001 1119.86853 365.83101 1120.01096 365.72598 1120.11598 curveto
365.62096 1120.22101 365.47853 1120.28001 365.33 1120.28001 curveto
365.18147 1120.28001 365.03905 1120.22101 364.93402 1120.11598 curveto
364.829 1120.01096 364.76999 1119.86853 364.76999 1119.72 curveto
364.76999 1119.57147 364.829 1119.42905 364.93402 1119.32402 curveto
365.03905 1119.219 365.18147 1119.15999 365.33 1119.15999 curveto
365.47853 1119.15999 365.62096 1119.219 365.72598 1119.32402 curveto
365.83101 1119.42905 365.89001 1119.57147 365.89001 1119.72 curveto closepath
 fill
 0 0 0 setrgbcolor 0 0.35 dtransform truncate idtransform setlinewidth pop
newpath 365.33 1119.72 moveto 0 0 rlineto stroke
 0 0.24501 dtransform truncate idtransform setlinewidth pop
newpath 409.49002 1135.86 moveto
412.28998 1135.86 lineto stroke
 0.24501 0 dtransform exch truncate exch idtransform pop setlinewidth
newpath 410.89 1134.46002 moveto
410.89 1137.25998 lineto stroke
 0.00002 0.00018 0.00104 setrgbcolor
newpath 411.45001 1135.86 moveto
411.45001 1136.00853 411.391 1136.15096 411.28598 1136.25598 curveto
411.18095 1136.36101 411.03853 1136.42001 410.89 1136.42001 curveto
410.74147 1136.42001 410.59904 1136.36101 410.49402 1136.25598 curveto
410.38899 1136.15096 410.32999 1136.00853 410.32999 1135.86 curveto
410.32999 1135.71147 410.38899 1135.56905 410.49402 1135.46402 curveto
410.59904 1135.359 410.74147 1135.29999 410.89 1135.29999 curveto
411.03853 1135.29999 411.18095 1135.359 411.28598 1135.46402 curveto
411.391 1135.56905 411.45001 1135.71147 411.45001 1135.86 curveto closepath
 fill
 0 0 0 setrgbcolor 0 0.35 dtransform truncate idtransform setlinewidth pop
newpath 410.89 1135.86 moveto 0 0 rlineto stroke
 0 0.24501 dtransform truncate idtransform setlinewidth pop
newpath 414.52002 1190.59 moveto
417.31998 1190.59 lineto stroke
 0.24501 0 dtransform exch truncate exch idtransform pop setlinewidth
newpath 415.92 1189.19002 moveto
415.92 1191.98997 lineto stroke
 0.00002 0.00018 0.00104 setrgbcolor
newpath 416.48001 1190.59 moveto
416.48001 1190.73853 416.421 1190.88095 416.31598 1190.98598 curveto
416.21095 1191.091 416.06853 1191.15001 415.92 1191.15001 curveto
415.77147 1191.15001 415.62904 1191.091 415.52402 1190.98598 curveto
415.41899 1190.88095 415.35999 1190.73853 415.35999 1190.59 curveto
415.35999 1190.44147 415.41899 1190.29904 415.52402 1190.19402 curveto
415.62904 1190.08899 415.77147 1190.02998 415.92 1190.02998 curveto
416.06853 1190.02998 416.21095 1190.08899 416.31598 1190.19402 curveto
416.421 1190.29904 416.48001 1190.44147 416.48001 1190.59 curveto closepath
 fill
 0 0 0 setrgbcolor 0 0.35 dtransform truncate idtransform setlinewidth pop
newpath 415.92 1190.59 moveto 0 0 rlineto stroke
 0 0.24501 dtransform truncate idtransform setlinewidth pop
newpath 445.47002 1232.48 moveto
448.26997 1232.48 lineto stroke
 0.24501 0 dtransform exch truncate exch idtransform pop setlinewidth
newpath 446.87 1231.08002 moveto
446.87 1233.87997 lineto stroke
 0.00002 0.00018 0.00104 setrgbcolor
newpath 447.43001 1232.48 moveto
447.43001 1232.62852 447.371 1232.77095 447.26598 1232.87598 curveto
447.16095 1232.981 447.01852 1233.04001 446.87 1233.04001 curveto
446.72147 1233.04001 446.57904 1232.981 446.47401 1232.87598 curveto
446.36899 1232.77095 446.30998 1232.62852 446.30998 1232.48 curveto
446.30998 1232.33147 446.36899 1232.18904 446.47401 1232.08401 curveto
446.57904 1231.97899 446.72147 1231.91998 446.87 1231.91998 curveto
447.01852 1231.91998 447.16095 1231.97899 447.26598 1232.08401 curveto
447.371 1232.18904 447.43001 1232.33147 447.43001 1232.48 curveto closepath
 fill
 0 0 0 setrgbcolor 0 0.35 dtransform truncate idtransform setlinewidth pop
newpath 446.87 1232.48 moveto 0 0 rlineto stroke
showpage
%%EOF
