%!PS
%%BoundingBox: -58 -34 60 32 
%%HiResBoundingBox: -57.9074 -33.40787 59.37251 31.03577 
%%Creator: MetaPost 1.209
%%CreationDate: 2019.09.26:1811
%%Pages: 1
%%BeginProlog
%%EndProlog
%%Page: 1 1
 0 0 0 setrgbcolor 0 0.24501 dtransform truncate idtransform setlinewidth pop
 [] 0 setdash 1 setlinecap 1 setlinejoin 10 setmiterlimit
newpath 56.41 3.09 moveto
56.84 1.96 55.98 1.97 55.2 1.78 curveto
54.42 1.58 52.99 1.41 51.84 1.33 curveto
50.69 1.24 47.46 1.01 45.82 0.82 curveto
44.17 0.63 42.32 -0.79 41 -1.6 curveto
39.69 -2.41 38.36 -4.09 37.06 -5.05 curveto
35.75 -6.01 33.14 -9.01 32.27 -9.94 curveto
31.4 -10.86 28.34 -14.41 27.49 -15.56 curveto
26.63 -16.7 25.68 -15.54 25.24 -15.36 curveto
24.79 -15.17 23.07 -13.27 21.88 -12.85 curveto
20.7 -12.43 17.74 -9.47 15.79 -7.37 curveto
13.84 -5.28 15.51 -2.34 16.14 -1.14 curveto stroke
newpath 16.14 -1.14 moveto
16.32 -0.8 17.46 2.59 17.39 3.6 curveto stroke
newpath 17.39 3.6 moveto
17.32 4.58 17.65 6.9 17.95 8.87 curveto
18.24 10.84 17.55 12.38 16.77 13.26 curveto
15.99 14.14 14.13 16.9 13.45 17.36 curveto
12.77 17.81 9.97 21.58 8.8 23.81 curveto
7.64 26.03 5.08 26.43 4.04 26.86 curveto
3 27.29 -0.83 28.4 -1.85 27.54 curveto
-2.87 26.67 -2.8 25.67 -3.51 24.54 curveto
-4.23 23.41 -6.33 19.29 -6.77 18.39 curveto
-7.21 17.49 -8.91 13.83 -9.55 12.77 curveto
-10.2 11.71 -12.64 8.57 -13.12 7.24 curveto stroke
newpath -13.12 7.24 moveto
-13.6 5.9 -17.71 3.52 -18.48 3.17 curveto stroke
newpath -18.48 3.17 moveto
-19.25 2.83 -21.16 1.69 -21.86 1.49 curveto
-22.57 1.3 -23.46 2.68 -24.67 3.39 curveto
-25.87 4.1 -28.05 6.32 -28.77 7.21 curveto
-29.48 8.1 -30.36 11.28 -30.54 11.85 curveto
-30.73 12.41 -31.89 16.52 -32.04 17.66 curveto
-32.2 18.8 -33.14 22.92 -33.22 24 curveto
-33.3 25.07 -35.29 29.69 -35.85 30.44 curveto
-36.41 31.2 -36.74 30.88 -37.59 30.61 curveto
-38.44 30.33 -39.7 27.71 -40.2 26.67 curveto
-40.7 25.62 -40.42 23.69 -40.32 22.33 curveto
-40.22 20.97 -40.09 17.15 -39.9 15.51 curveto
-39.71 13.86 -40.01 10.95 -40.25 10.21 curveto
-40.48 9.48 -42.74 5.7 -42.92 5.26 curveto
-43.11 4.81 -46.79 2.74 -47.47 2.11 curveto
-48.14 1.49 -50.84 0.59 -52.42 0.4 curveto
-53.98 0.21 -54.53 0.96 -54.84 1.23 curveto
-55.14 1.5 -55.27 4.31 -55.27 4.31 curveto stroke
newpath -57.45 2.35 moveto
-57.42 1.92 -57.43 0.1 -57.68 -1.44 curveto
-57.92 -2.97 -57.7 -4.1 -57.5 -3.87 curveto
-57.3 -3.64 -54.35 -2.69 -53.84 -2.52 curveto
-53.33 -2.36 -53.09 -3.32 -52.68 -4.01 curveto
-52.27 -4.7 -50.91 -6.48 -50.61 -6.68 curveto
-50.31 -6.88 -48.53 -7.34 -47.18 -7.1 curveto
-45.82 -6.86 -45.12 -7.53 -45.09 -7.96 curveto
-45.06 -8.39 -46.26 -8.77 -46.87 -9.31 curveto
-47.48 -9.86 -47.42 -11.8 -47.42 -11.8 curveto stroke
newpath -43.9 -14.73 moveto
-43.9 -14.73 -42.46 -12.61 -42.15 -11.87 curveto
-41.84 -11.13 -41.19 -8.12 -41.43 -7.71 curveto
-41.68 -7.29 -42.06 -5.95 -42.2 -4.95 curveto
-42.34 -3.95 -42.74 -3.4 -41.46 -2.16 curveto
-40.17 -0.91 -38.62 0.65 -38.12 0.69 curveto
-37.61 0.73 -35.75 -0.15 -34.96 -1.03 curveto
-34.18 -1.92 -31.93 -4.06 -30.76 -4.33 curveto
-29.59 -4.61 -26.74 -6.14 -26.22 -6.32 curveto
-25.7 -6.5 -22.9 -7.31 -21.96 -6.31 curveto
-21.02 -5.3 -18 -3.14 -16.92 -2.05 curveto
-15.85 -0.97 -14.17 0.81 -14.17 0.81 curveto stroke
newpath -14.17 0.81 moveto
-14.17 0.81 -11.78 -2.26 -11.08 -3.01 curveto
-10.38 -3.75 -7.7 -4.93 -6.23 -5.33 curveto
-4.75 -5.73 -2.23 -6.64 -1.29 -6.65 curveto
-0.35 -6.65 3.39 -7.47 4.4 -7.54 curveto
5.42 -7.61 7.38 -7.83 8.11 -7.85 curveto
8.83 -7.87 10.2 -7.92 10.2 -7.92 curveto stroke
newpath 10.2 -7.92 moveto
10.2 -7.92 11.59 -10.13 12.01 -10.96 curveto
12.43 -11.8 13.86 -13.64 14.34 -14.33 curveto
14.82 -15.01 15.24 -15.85 15.24 -15.85 curveto
15.24 -15.85 15.42 -16.34 14.84 -17.25 curveto
14.25 -18.16 13.35 -19.66 13.35 -19.66 curveto stroke
newpath 15.71 -21.44 moveto
16.8 -18.55 lineto
17.21 -17.15 lineto
17.21 -17.15 18.46 -17.57 19.6 -18.35 curveto
20.74 -19.14 21.71 -19.65 21.76 -20.23 curveto
21.8 -20.8 21.56 -21.54 21.69 -22.4 curveto
21.82 -23.25 22.76 -24.2 23.11 -25.18 curveto
23.47 -26.17 23.89 -26.94 23.98 -28.3 curveto
24.08 -29.67 23.97 -31.12 24.01 -31.76 curveto
24.06 -32.41 23.75 -33.15 24.12 -33.27 curveto
24.49 -33.39 27.19 -32.77 28.48 -32.68 curveto
29.77 -32.59 35.96 -31.21 37.18 -31.13 curveto
38.4 -31.04 42.18 -30.12 42.6 -29.95 curveto stroke
newpath 46.32 -27.44 moveto
46.32 -27.44 48.77 -25.37 49.43 -24.6 curveto
50.09 -23.82 51.71 -22.26 52.31 -20.7 curveto
52.92 -19.14 53.67 -16.57 53.63 -15.93 curveto
53.58 -15.28 53.13 -13.01 52.45 -12.55 curveto
51.77 -12.1 50.08 -10.56 49.32 -10.11 curveto
48.57 -9.66 47.07 -8.83 46.63 -8.65 curveto
46.18 -8.47 45.57 -8 45.29 -8.02 curveto
45 -8.04 45.72 -5.04 45.72 -5.04 curveto
45.72 -5.04 48.31 -5.86 49.12 -6.09 curveto
49.93 -6.31 51.43 -7.07 52.38 -7.28 curveto
53.34 -7.5 54.41 -6.34 54.89 -6.02 curveto
55.37 -5.7 57.03 -4.79 57.41 -5.05 curveto
57.79 -5.31 59.04 -6.66 59.25 -7.51 curveto stroke
newpath 9.59 -5.44 moveto
9.59 -5.44 6.58 -5.65 5.2 -5.61 curveto
3.83 -5.56 -0.13 -4.69 -1.38 -4.41 curveto
-2.63 -4.14 -5.15 -3.23 -6.54 -2.97 curveto
-7.93 -2.71 -10.35 -1.15 -11.04 -0.48 curveto
-11.74 0.19 -12.62 1.43 -12.62 1.43 curveto stroke
newpath -12.62 1.43 moveto
-12.96 2.16 lineto stroke
newpath -12.96 2.16 moveto
-12.96 2.16 -11.79 3.33 -10.96 3.9 curveto stroke
newpath -10.96 3.9 moveto
-10.14 4.46 -8.95 5.92 -8.23 6.44 curveto stroke
newpath -8.23 6.44 moveto
-7.77 6.77 -5.78 8.45 -4.07 10.89 curveto
-2.33 13.37 2.45 17.74 2.71 18.12 curveto
2.97 18.5 3.82 19.79 4.1 19.81 curveto
4.39 19.82 5.53 19.11 6.29 18.58 curveto
7.05 18.06 9.94 16.02 10.34 15.48 curveto
10.74 14.93 13 13.5 13.26 12.87 curveto
13.52 12.24 14.72 10.59 14.7 9.87 curveto
14.68 9.14 13.91 6.85 13.62 5.82 curveto
13.33 4.79 13.02 4.19 12.76 3.74 curveto stroke
newpath 12.76 3.74 moveto
12.5 3.28 11.41 0 10.97 -0.9 curveto stroke
newpath 10.97 -0.9 moveto
10.52 -1.8 10.02 -3.39 9.92 -3.97 curveto
9.82 -4.56 9.59 -5.44 9.59 -5.44 curveto stroke
newpath 31.71 -22.13 moveto
31.71 -22.13 32.19 -21.8 32.61 -21.7 curveto
33.04 -21.6 34.22 -20 34.87 -19.02 curveto
35.52 -18.03 36.26 -17.25 36.81 -16.93 curveto
37.37 -16.6 39.02 -16.48 39.59 -16.29 curveto
40.15 -16.11 42.93 -14.53 43.48 -14.2 curveto
44.04 -13.87 44.15 -12.35 44.09 -11.57 curveto
44.03 -10.78 42.83 -11.22 41.9 -11.28 curveto
40.96 -11.35 38.25 -12.84 37.47 -13.11 curveto
36.7 -13.38 34.05 -14.8 32.61 -15.77 curveto
31.17 -16.74 30.5 -18.38 30.42 -19.33 curveto
30.35 -20.27 31.71 -22.13 31.71 -22.13 curveto closepath stroke
newpath 44.29 -23.18 moveto
44.29 -23.18 43.23 -22.54 44.03 -21.61 curveto
44.83 -20.68 46.08 -19.13 46.76 -18.58 curveto
47.44 -18.02 48.53 -16.14 48.96 -16.11 curveto
49.39 -16.08 50.61 -17.08 50.09 -17.76 curveto
49.56 -18.45 48.98 -20.44 48.65 -20.75 curveto
48.31 -21.06 47.47 -22.43 46.92 -22.76 curveto
46.37 -23.09 45.89 -23.42 45.31 -23.39 curveto
44.73 -23.37 44.29 -23.18 44.29 -23.18 curveto closepath stroke
showpage
%%EOF
