%!PS
%%BoundingBox: -202 -180 221 172 
%%HiResBoundingBox: -201.76251 -179.87251 220.35251 171.32251 
%%Creator: MetaPost 1.209
%%CreationDate: 2019.09.26:1811
%%Pages: 1
%%BeginProlog
%%EndProlog
%%Page: 1 1
 0 0 0 setrgbcolor 0 0.24501 dtransform truncate idtransform setlinewidth pop
 [] 0 setdash 1 setlinecap 1 setlinejoin 10 setmiterlimit
newpath -194.27 -179.75 moveto
-194.27 -179.75 -180.7 -165.98 -173.15 -161.87 curveto
-165.6 -157.76 -160.83 -159.2 -157.59 -156.85 curveto
-154.36 -154.51 -148.23 -149.85 -147.47 -146.86 curveto
-146.7 -143.86 -148.25 -141.93 -147.5 -140.66 curveto
-146.76 -139.38 -141.2 -138.03 -138.95 -138.17 curveto
-136.7 -138.31 -133.44 -138.2 -132.25 -139.98 curveto
-131.05 -141.77 -130.3 -142.57 -128.7 -145.01 curveto
-127.11 -147.45 -120.98 -150.53 -118.58 -152.38 curveto
-116.18 -154.24 -104.12 -158.34 -101.47 -159.14 curveto
-98.82 -159.94 -93.35 -161.52 -88.89 -161.3 curveto
-84.44 -161.08 -76.91 -160.59 -74.27 -161.22 curveto
-71.64 -161.84 -63.2 -161.79 -57.46 -162.49 curveto
-51.71 -163.19 -38.88 -166.02 -34.68 -166.68 curveto
-30.49 -167.35 -24.94 -169.61 -20.72 -168.55 curveto
-16.49 -167.49 -1.08 -158.21 4.72 -153.55 curveto
10.53 -148.9 25.2 -137.41 28.85 -133.98 curveto
32.5 -130.54 43.93 -119.85 46.2 -116.54 curveto
48.48 -113.23 58.85 -104.37 59.35 -102.26 curveto
59.84 -100.15 67.55 -88.6 68.18 -84.24 curveto
68.81 -79.87 69.59 -77.39 68.78 -73.85 curveto
67.97 -70.31 64.32 -58.92 62.83 -55.78 curveto
61.34 -52.64 55.6 -36.64 54.95 -29.3 curveto
54.29 -21.96 56.54 -20.21 59.96 -14.23 curveto
63.39 -8.25 64.66 -5.21 65.3 -2.74 curveto
65.94 -0.27 70.49 6.51 73.06 8.63 curveto
75.62 10.75 90.01 21.31 91.56 23.17 curveto
93.12 25.03 100.51 32.92 102.97 36.24 curveto
105.42 39.55 114.11 52.21 115.96 56.5 curveto
117.82 60.8 122.67 72.07 123.2 75.73 curveto
123.73 79.39 127.65 87.48 130.27 90.99 curveto
132.88 94.49 138.93 100.17 139.88 103.01 curveto
140.83 105.86 141.31 110.04 142.13 112.35 curveto stroke
newpath 142.13 112.35 moveto
142.13 112.35 148.21 127.2 152.65 129.34 curveto
154.38 130.18 157.01 126.94 158.84 127.25 curveto
160.64 127.56 164.05 129.12 165.89 129.62 curveto
167.73 130.13 170.72 129.54 172.39 130.21 curveto
174.05 130.88 187.23 139.12 188.59 141.3 curveto
189.94 143.48 194.06 155.19 196.19 158.31 curveto
198.32 161.42 201.53 166.01 204.33 167.47 curveto
207.13 168.93 211.02 167.9 213.44 167.78 curveto
215.86 167.65 218.17 166.82 220.23 166.84 curveto stroke
newpath 203.65 171.2 moveto
202.48 170.75 200.93 170.78 198.15 169.15 curveto
195.37 167.52 185.62 155.3 183.21 151.47 curveto
180.8 147.65 169.18 133.02 167.73 132.02 curveto
166.28 131.03 162.62 132.07 161.8 132.6 curveto
161.08 133.06 159.18 130.82 158.51 131.31 curveto
157.81 131.82 154.45 129.67 154.64 138.45 curveto
154.84 147.28 149.59 146.21 145.73 145.55 curveto
141.85 144.89 136.48 141.5 135.06 140.01 curveto
133.64 138.51 132.23 140.75 132.23 140.75 curveto stroke
newpath 124.36 116.78 moveto
124.36 116.78 127.96 116.94 127.28 114.82 curveto
126.61 112.7 120.72 103.4 114.11 96.44 curveto
107.5 89.49 106.62 83.9 104.33 80.6 curveto
102.04 77.3 92.01 72.1 88.31 71.08 curveto
84.62 70.06 76.5 70.53 72.43 71.88 curveto
68.36 73.23 66.04 74.22 63.33 75.68 curveto
60.63 77.15 60.01 78.29 56.53 78.83 curveto stroke
newpath 49.81 61.39 moveto
49.81 61.39 54.33 45.14 60.41 38.64 curveto
66.49 32.14 67.96 27.28 68.25 24.04 curveto
68.53 20.79 69.06 18.78 65.84 16.25 curveto
62.62 13.73 55.25 7.54 52.25 0.73 curveto
49.26 -6.08 47.18 -15.55 45.29 -17.44 curveto
43.39 -19.33 40.64 -19.4 38.16 -18.59 curveto
35.68 -17.78 22.38 -11.41 20.19 -10.06 curveto stroke
newpath 7.36 -18.44 moveto
7.36 -18.44 11.3 -22.04 14.18 -25.39 curveto
17.06 -28.75 20.27 -30 20.64 -32.21 curveto stroke
newpath 13.08 -39.94 moveto
13.08 -39.94 27.31 -52.94 30.18 -56.12 curveto
33.04 -59.31 36.23 -66.08 37.07 -69.62 curveto
37.91 -73.16 38.56 -76.55 39.68 -79.38 curveto
40.8 -82.21 44.52 -90.84 42.91 -93.91 curveto
41.3 -96.99 20.26 -119.07 13.33 -124.35 curveto
6.39 -129.64 -7.63 -142.78 -20.98 -146.03 curveto
-34.32 -149.28 -39.35 -149.03 -47.15 -148.51 curveto
-54.95 -147.99 -58.38 -148.12 -61.86 -147.73 curveto
-65.34 -147.35 -65.92 -138.8 -66.76 -135.08 curveto
-67.61 -131.37 -71.02 -119.97 -73.11 -117.74 curveto
-75.2 -115.52 -79.7 -113.33 -81.59 -111.43 curveto stroke
newpath -81.59 -111.43 moveto
-81.59 -111.43 -80.51 -109.96 -81.8 -109.04 curveto
-83.09 -108.12 -84.25 -106.68 -85.99 -106.49 curveto
-87.72 -106.29 -90.04 -105.46 -91.22 -105.74 curveto
-92.4 -106.02 -97.5 -104.74 -99.79 -106.15 curveto
-102.07 -107.55 -102.62 -109.15 -104.79 -109.86 curveto
-106.97 -110.56 -109 -110.91 -109.84 -111.16 curveto
-110.68 -111.4 -111.19 -109.56 -111.19 -109.56 curveto
-111.19 -109.56 -113.83 -110.82 -114.84 -111.08 curveto
-115.85 -111.34 -119.56 -112.19 -119.94 -113.77 curveto
-120.32 -115.35 -119.25 -117.66 -119.02 -118.33 curveto
-118.79 -119 -120.95 -119.88 -122.9 -123.15 curveto
-124.84 -126.42 -125.26 -127.49 -125.26 -127.49 curveto
-126.27 -125.85 lineto
-128.94 -126.78 lineto
-128.94 -126.78 -128.56 -129.16 -129.23 -129.39 curveto
-129.9 -129.62 -131.49 -129.07 -132.29 -129.83 curveto
-133.08 -130.59 -132.48 -131.57 -132.48 -131.57 curveto
-132.48 -131.57 -130.72 -131.93 -130.83 -132.63 curveto
-130.94 -133.33 -130.57 -133.64 -132.09 -133.95 curveto
-133.62 -134.25 -135.68 -134.26 -136.58 -133.83 curveto
-137.48 -133.39 -139.75 -133.08 -139.99 -132.24 curveto
-140.24 -131.4 -139.79 -130.67 -141.03 -130.26 curveto
-142.27 -129.85 -142.74 -128.52 -142.81 -127.66 curveto
-142.89 -126.81 -145.03 -127.86 -145.53 -128.08 curveto
-146.03 -128.29 -146.34 -126.77 -146.34 -126.77 curveto
-148.48 -129.72 lineto
-150.16 -128.32 lineto
-154.94 -128.75 lineto
-155.19 -129.81 lineto
-156.6 -129.42 lineto
-156.66 -130.63 lineto
-157.29 -131.2 lineto
-156.27 -133.01 lineto
-154.73 -133.04 lineto
-155.64 -134.33 lineto
-150.52 -139.72 lineto
-150.52 -139.72 -152.73 -141.82 -153.12 -143.23 curveto
-153.51 -144.64 -155.72 -148.79 -156.68 -149.57 curveto
-157.65 -150.34 -159.92 -147.96 -159.92 -147.96 curveto
-157.61 -142.94 lineto
-159.36 -142.58 lineto
-162.15 -146.09 lineto
-162.15 -146.09 -164.23 -147.83 -165.26 -147.92 curveto
-166.28 -148.01 -169.55 -148.12 -170.18 -148.7 curveto
-170.82 -149.27 -176.99 -151.54 -178.33 -152 curveto stroke
newpath -178.33 -152 moveto
-182.04 -146.99 lineto
-182.04 -146.99 -187.14 -147.79 -191.43 -149.89 curveto
-195.72 -151.99 -201.64 -155.1 -201.64 -155.1 curveto stroke
showpage
%%EOF
