%!PS
%%BoundingBox: -86 -51 37 51 
%%HiResBoundingBox: -85.95251 -50.43251 36.49251 50.3943 
%%Creator: MetaPost 1.209
%%CreationDate: 2019.09.26:1811
%%Pages: 1
%%BeginProlog
%%EndProlog
%%Page: 1 1
 0 0 0 setrgbcolor 0 0.24501 dtransform truncate idtransform setlinewidth pop
 [] 0 setdash 1 setlinecap 1 setlinejoin 10 setmiterlimit
newpath 31.48 -5.11 moveto
30.13 -6.1 17.47 -9.98 14.23 -11 curveto
11 -12.01 6.94 -10.35 3.9 -10.34 curveto
0.86 -10.32 -4.93 -8.68 -8.52 -7.42 curveto
-12.11 -6.16 -15 -1.51 -17.03 1.78 curveto
-19.06 5.06 -20.76 9.54 -22.28 12 curveto
-23.8 14.47 -24.31 16.88 -25.68 19.22 curveto
-27.04 21.55 -27.85 29 -28.24 31.61 curveto
-28.62 34.23 -29.91 35.75 -31.28 38.09 curveto
-32.64 40.42 -36.05 42.86 -37.04 44.22 curveto
-38.03 45.58 -40.92 48.79 -41.74 49.87 curveto
-42.56 50.95 -43.75 49.69 -43.02 48.02 curveto
-42.29 46.35 -43.09 43.96 -44.43 42.83 curveto
-45.78 41.69 -50.15 40.43 -52.25 39.66 curveto
-54.35 38.89 -57.69 37.44 -60.46 36.03 curveto
-63.22 34.62 -65.79 35.83 -65.79 35.83 curveto stroke
newpath -74.48 29.55 moveto
-75.62 27.71 -74.8 23.44 -74.34 21.6 curveto
-73.88 19.76 -73.24 14.32 -73.12 11.43 curveto
-73 8.55 -74 3.69 -74.92 2.59 curveto
-75.83 1.49 -85.83 -3.03 -85.83 -3.03 curveto stroke
newpath -84.61 -6.97 moveto
-82.89 -6.81 -78.6 -9.46 -77.08 -10.19 curveto
-75.57 -10.92 -70.22 -10.87 -68.49 -10.85 curveto
-66.75 -10.84 -63.64 -11.71 -62.64 -13.21 curveto
-61.63 -14.71 -51.76 -21.62 -49.44 -23.28 curveto
-47.12 -24.95 -38.43 -28.36 -34.85 -29.48 curveto
-31.28 -30.6 -24.19 -33.86 -22.99 -34.33 curveto
-21.8 -34.8 -20.75 -36.73 -19.91 -38.1 curveto
-19.06 -39.47 -10.6 -41.88 -8.03 -43.09 curveto
-5.46 -44.31 6.99 -47.66 9.05 -48.05 curveto
11.11 -48.44 11.27 -50.31 11.27 -50.31 curveto stroke
newpath 12.66 -46.42 moveto
12.52 -44.85 18.75 -40.23 21.37 -37.25 curveto
23.99 -34.27 26.65 -30.12 28.79 -26.61 curveto
30.93 -23.09 36.37 -22.45 36.37 -22.45 curveto stroke
newpath -56.13 26.35 moveto
-56.22 27.59 -56.22 29.18 -54.22 29.5 curveto
-52.23 29.83 -47.56 30.97 -45.24 30.9 curveto
-42.91 30.82 -42.5 31 -41.95 31.34 curveto
-41.4 31.68 -39.13 28.99 -37.78 26.8 curveto
-36.42 24.61 -34.92 22.29 -35.31 20.23 curveto
-35.7 18.17 -35.76 12.38 -34.43 10.48 curveto
-33.11 8.57 -30.16 7.97 -29.45 6.44 curveto
-28.73 4.92 -26.25 1.38 -26.08 -0.48 curveto
-25.91 -2.35 -25.87 -7.55 -28.11 -8.33 curveto
-30.35 -9.12 -31.96 -10.42 -33.82 -9 curveto
-35.69 -7.58 -40.1 -5.09 -41.31 -2.89 curveto
-42.53 -0.68 -45.53 3.82 -46.81 5.15 curveto
-48.09 6.48 -49.88 8.77 -50.4 11.33 curveto
-50.92 13.89 -51.55 17.59 -52.18 19.71 curveto
-52.81 21.82 -56.03 25.11 -56.13 26.35 curveto closepath stroke
showpage
%%EOF
