%!PS
%%BoundingBox: -51 -27 51 26 
%%HiResBoundingBox: -50.72252 -26.3825 50.9125 25.92145 
%%Creator: MetaPost 1.209
%%CreationDate: 2019.09.26:1811
%%Pages: 1
%%BeginProlog
%%EndProlog
%%Page: 1 1
 0 0 0 setrgbcolor 0 0.24501 dtransform truncate idtransform setlinewidth pop
 [] 0 setdash 1 setlinecap 1 setlinejoin 10 setmiterlimit
newpath -23.76 -14.04 moveto
-23.76 -14.04 -24.28 -13.51 -24.95 -12.89 curveto
-25.62 -12.26 -23.51 -11.67 -22.49 -11.36 curveto
-21.47 -11.05 -19.73 -11.14 -19.59 -10.66 curveto
-19.45 -10.18 -16.1 -7.35 -15.72 -6.78 curveto
-15.34 -6.2 -11.83 -2.6 -11.27 -2.01 curveto
-10.71 -1.42 -10.5 -2.56 -9.84 -1.88 curveto
-9.17 -1.21 -3.4 0.91 -3.39 2.46 curveto
-3.39 4.02 -0.97 5.58 -0.88 5.45 curveto
-0.8 5.31 -0.44 4.91 0.86 5.21 curveto
2.17 5.51 5.05 4.8 5.65 4.56 curveto
6.25 4.33 9 4.24 10.59 4.67 curveto
12.18 5.1 15.9 5.1 16.73 3.55 curveto
17.55 2 19.63 1.87 20.77 1.69 curveto
21.91 1.5 22.65 -0.74 24.21 -2.01 curveto
25.77 -3.28 29.71 -2.52 30.09 -1.98 curveto
30.48 -1.44 27.38 9.37 27.47 9.99 curveto
27.56 10.62 30.08 12.65 30.7 14.22 curveto
31.32 15.8 33.68 18.52 33.97 18.51 curveto
34.26 18.5 35.82 15.8 36.01 15.93 curveto
36.19 16.05 36.74 18.18 37.04 18.05 curveto
37.34 17.91 38.85 17.2 39.1 17.23 curveto
39.35 17.25 40.91 17.59 41.07 17.59 curveto
41.23 17.58 42.76 16.8 43.11 16.58 curveto
43.45 16.35 43.29 15.4 43.61 15.46 curveto
43.93 15.53 44.22 17.3 44.71 17.53 curveto
45.19 17.75 49.44 19.08 49.44 19.08 curveto stroke
newpath 50.79 19.91 moveto
50.79 19.91 49.7 19.95 49.7 20.58 curveto
49.7 21.22 50.08 21.65 49.87 22.64 curveto
49.65 23.64 49.8 24.85 49.31 25.22 curveto
48.83 25.6 47.69 25.19 47.04 25.35 curveto
46.4 25.51 45.25 26.02 44.59 25.69 curveto
43.93 25.36 42.21 24.5 41.95 24.14 curveto
41.7 23.77 40.43 21.9 39.92 21.55 curveto
39.4 21.19 39.2 20.27 39.2 20.27 curveto
39.2 20.27 38.55 20.09 38.29 20.34 curveto
38.03 20.59 36.81 21.16 36.31 21.07 curveto
35.82 20.99 33.61 20.77 33.21 20.75 curveto
32.81 20.73 30.45 20.72 29.95 20.67 curveto
29.45 20.63 24.82 19.61 24.05 19.12 curveto
23.28 18.63 20.64 17.15 20.16 16.82 curveto
19.68 16.49 19.45 16.09 18.61 15.6 curveto
17.76 15.11 8.35 8.77 7.85 8.73 curveto
7.34 8.68 4.53 5.33 3.45 6.57 curveto
2.36 7.8 1.66 8.36 1.83 8.88 curveto
2 9.4 3.01 10.18 3.79 10.43 curveto
4.56 10.68 6.41 12.25 6.49 12.58 curveto
6.57 12.92 9.49 14.22 10.16 14.39 curveto
10.83 14.56 17.72 17.27 17.84 17.57 curveto stroke
newpath 13.81 22.16 moveto
13.81 22.16 9.14 17.81 7.1 17.48 curveto
5.06 17.16 4.17 17.41 1.78 16.58 curveto
-0.6 15.75 -3.29 14.34 -4.21 14.87 curveto
-5.13 15.4 -6.29 17.1 -6.49 17.7 curveto stroke
newpath -7.93 17.21 moveto
-7.93 17.21 -5.97 14.71 -5.81 13.79 curveto
-5.65 12.86 -4 9.43 -5.04 8.1 curveto
-6.07 6.78 -6.75 4 -7.43 3.47 curveto
-8.1 2.94 -10.24 1.73 -11.26 1.46 curveto
-12.28 1.18 -13.24 0.52 -14.42 -0.38 curveto
-15.6 -1.28 -20.46 -5.47 -20.68 -5.42 curveto
-20.9 -5.37 -22.52 -7.46 -22.89 -7.78 curveto
-23.25 -8.11 -25.66 -9.52 -26.55 -7.65 curveto stroke
newpath -28.87 -7.54 moveto
-28.87 -7.54 -29.05 -10.3 -31.18 -11.18 curveto
-33.31 -12.06 -37.22 -14.41 -38.17 -14.35 curveto
-39.11 -14.29 -41.34 -15.33 -42.26 -14.61 curveto
-43.19 -13.9 -46.96 -11.81 -47.31 -11.12 curveto
-47.66 -10.43 -50.02 -10.35 -50.6 -10.72 curveto stroke
newpath -33.57 -26.26 moveto
-33.57 -26.26 -35.26 -24.43 -36.92 -20.93 curveto
-38.58 -17.43 -31.96 -16.14 -31.96 -16.14 curveto
-31.96 -16.14 -30.53 -15.54 -28.43 -14.37 curveto
-26.33 -13.2 -24.7 -14.78 -24.7 -14.78 curveto stroke
showpage
%%EOF
