%!PS
%%BoundingBox: -49 -13 49 14 
%%HiResBoundingBox: -48.97252 -12.69212 48.74251 13.00288 
%%Creator: MetaPost 1.209
%%CreationDate: 2019.09.26:1811
%%Pages: 1
%%BeginProlog
%%EndProlog
%%Page: 1 1
 0 0 0 setrgbcolor 0 0.24501 dtransform truncate idtransform setlinewidth pop
 [] 0 setdash 1 setlinecap 1 setlinejoin 10 setmiterlimit
newpath -44.75 -1.4 moveto
-44.75 -1.4 -41.47 -1.81 -40.45 -2.03 curveto
-39.42 -2.24 -32.78 -3.35 -31.46 -3.62 curveto
-30.14 -3.88 -27.61 -3.92 -26.2 -4.46 curveto
-24.79 -5.01 -22.31 -5.27 -21.12 -5.84 curveto
-19.92 -6.4 -16.87 -5.75 -15.35 -5.79 curveto
-13.83 -5.82 -8.55 -5.92 -8.04 -6.03 curveto
-7.52 -6.14 -4.67 -6.62 -3.4 -6.31 curveto
-2.12 -6.01 0.31 -5.69 1.21 -5.12 curveto
2.11 -4.55 2.53 -1.35 2.62 -0.62 curveto
2.72 0.11 3.59 2.98 3.93 3.37 curveto
4.26 3.75 5.57 7.74 5.88 8.49 curveto
6.19 9.23 7.27 11.25 8.01 11.96 curveto
8.76 12.66 8.73 13.02 10.19 12.83 curveto
11.65 12.65 14.55 12.35 15.66 12 curveto
16.77 11.64 19.34 11.03 20.02 10.58 curveto
20.71 10.12 22.54 9.75 22.96 8.91 curveto
23.38 8.07 25.09 6.32 25.77 5.86 curveto
26.46 5.41 28.06 4.15 28.94 4 curveto
29.82 3.84 32.54 3.1 33.58 2.74 curveto
34.62 2.38 36.89 1.89 37.32 0.91 curveto
37.75 -0.06 38.15 -0.61 38.83 -2.01 curveto
39.5 -3.4 39.65 -4.48 40.31 -5.58 curveto
40.97 -6.69 41.82 -7.57 42.5 -8.02 curveto
43.19 -8.48 44.06 -8.56 44.61 -8.16 curveto
45.16 -7.76 46.76 -6.99 47.4 -6.88 curveto
48.04 -6.76 48.43 -6.08 48.62 -6.72 curveto stroke
newpath 30.99 -6.54 moveto
30.99 -6.54 30.81 -5.98 30.49 -5.57 curveto
30.17 -5.16 28.83 -4.53 28.79 -4.03 curveto
28.75 -3.53 26.29 -0.31 25.5 0.65 curveto
24.71 1.6 22.28 3.3 21.57 4.12 curveto
20.86 4.93 18.83 6.02 17.93 6.53 curveto
17.03 7.04 15.28 8.22 13.99 8.12 curveto
12.7 8.03 11.88 5.23 11.13 4.67 curveto
10.37 4.11 9.61 0.52 9.38 -0.21 curveto
9.14 -0.95 7.17 -5.71 6.87 -6.6 curveto
6.58 -7.48 6.02 -9.83 5.45 -9.87 curveto
4.87 -9.91 3.41 -9.66 2.13 -9.89 curveto
0.84 -10.13 -0.65 -10.38 -1.8 -10.46 curveto
-2.95 -10.54 -7.27 -10.7 -7.99 -10.75 curveto
-8.71 -10.8 -14.72 -10.51 -15.8 -10.59 curveto
-16.88 -10.66 -19.88 -11.16 -21.36 -11.63 curveto
-22.84 -12.09 -26.62 -12.65 -27.42 -12.56 curveto
-28.22 -12.48 -34.7 -9.62 -35.97 -9.06 curveto
-37.24 -8.51 -39.53 -7.73 -40.85 -7.4 curveto
-42.18 -7.06 -44.39 -6.35 -44.99 -6.03 curveto
-45.59 -5.72 -48.85 -4.58 -48.85 -4.58 curveto stroke
showpage
%%EOF
