%!PS
%%BoundingBox: -85 -67 83 67 
%%HiResBoundingBox: -84.7425 -66.89249 82.17241 66.39928 
%%Creator: MetaPost 1.209
%%CreationDate: 2019.09.26:1811
%%Pages: 1
%%BeginProlog
%%EndProlog
%%Page: 1 1
 0 0 0 setrgbcolor 0 0.7 dtransform truncate idtransform setlinewidth pop
 [] 0 setdash 1 setlinecap 1 setlinejoin 10 setmiterlimit
newpath 79.2 63.68 moveto
79.2 63.68 76.89 63.84 74.94 63.74 curveto
72.99 63.64 70.82 63.93 69.7 63.83 curveto
68.58 63.73 66.68 63.9 65.76 63.66 curveto
64.84 63.43 62.85 63.36 62.34 63.17 curveto
61.83 62.97 60.91 62.74 60.36 61.78 curveto
59.8 60.83 59.07 58.92 58.92 58.28 curveto
58.77 57.65 57.7 56.65 57.31 55.9 curveto
56.93 55.15 56.43 54.46 56.15 53.79 curveto
55.87 53.13 54.53 50.86 52.8 49.99 curveto
51.07 49.12 50.72 48.86 49.34 48.36 curveto
47.95 47.86 47.11 47.63 44.95 46.12 curveto
42.79 44.6 40.57 43.27 39.45 41.93 curveto
38.33 40.58 36.6 38.92 35.98 36.19 curveto
35.36 33.46 34.85 31.23 34.33 30.24 curveto
33.82 29.26 33.7 27.7 32.56 27.37 curveto
31.42 27.04 30.07 26.66 29.15 25.11 curveto
28.24 23.55 27.53 22.25 26.03 21.32 curveto
24.53 20.39 20.89 18.6 19.33 17.55 curveto
17.77 16.51 15.11 15.51 14.57 14.86 curveto
14.02 14.21 13.5 12.92 13.28 12 curveto
13.06 11.07 12.63 9.68 12.95 8.61 curveto
13.27 7.55 13.49 6.82 13.88 6.21 curveto
14.27 5.61 14.93 3.82 15.26 2.61 curveto
15.6 1.4 16.71 -0.87 16.97 -1.71 curveto
17.24 -2.56 18.13 -4.1 18.04 -4.82 curveto
17.96 -5.54 17.33 -7.33 16.04 -8.05 curveto
14.75 -8.77 13.84 -9.94 13.33 -10.97 curveto
12.82 -11.99 13.08 -14 12.56 -14.58 curveto
12.05 -15.15 10.92 -16.83 9.96 -17 curveto
8.99 -17.16 6.45 -17.31 5.45 -17.07 curveto
4.44 -16.82 2.87 -16.43 1.9 -16.6 curveto
0.94 -16.76 -0.03 -16.89 -0.95 -17.57 curveto
-1.86 -18.26 -3.07 -19.49 -3.55 -19.16 curveto
-4.03 -18.83 -4.06 -17.29 -3.42 -16.48 curveto
-2.78 -15.67 -1.94 -13.67 -1.91 -12.8 curveto
-1.87 -11.93 -1.67 -9.13 -2.07 -8.52 curveto
-2.46 -7.92 -3.53 -5.68 -5.14 -5.79 curveto
-6.75 -5.9 -9.66 -5.75 -11.31 -5.41 curveto
-12.96 -5.07 -14 -4.78 -14.95 -4.76 curveto
-15.89 -4.73 -17.58 -3.9 -17.67 -5.49 curveto
-17.75 -7.08 -17.43 -9.39 -17.43 -9.39 curveto
-17.43 -9.39 -17.15 -12.03 -17.27 -12.42 curveto
-17.38 -12.81 -17.46 -13.57 -18.02 -13.28 curveto
-18.57 -12.99 -20.41 -12.59 -21.62 -12.93 curveto
-22.84 -13.26 -23.88 -13.4 -24.75 -14.57 curveto
-25.63 -15.74 -25.88 -17.08 -26.39 -17.73 curveto
-26.89 -18.38 -28.2 -18.53 -28.98 -18.98 curveto
-29.77 -19.43 -31.2 -20.24 -32.06 -20.8 curveto
-32.91 -21.37 -34.72 -22.55 -35.27 -23.58 curveto
-35.82 -24.61 -36.68 -26.27 -37.2 -27.22 curveto
-37.72 -28.17 -39.31 -32.19 -39.84 -32.95 curveto
-40.38 -33.72 -40.56 -34.6 -41.94 -34.76 curveto
-43.32 -34.93 -47.06 -33.87 -48.1 -33.29 curveto
-49.13 -32.7 -51.21 -32.55 -53.3 -33.23 curveto
-55.38 -33.91 -56.18 -33.83 -57.19 -33.92 curveto
-58.2 -34.01 -59.83 -34.73 -60.44 -35.42 curveto
-61.06 -36.12 -61.85 -38.27 -62.31 -39.28 curveto
-62.97 -40.73 -64.64 -41.83 -65.57 -41.95 curveto
-66.5 -42.07 -70.06 -42.79 -71.05 -43.46 curveto
-72.01 -44.11 -72.52 -44.72 -72.43 -47.39 curveto
-72.34 -50.05 -71.92 -51.62 -71.68 -52.29 curveto
-71.38 -53.13 -71.22 -60.31 -71.81 -60.85 curveto stroke
newpath -71.47 -61.87 moveto
-70.04 -61.22 -69.8 -58.9 -69.8 -58.9 curveto
-69.8 -58.9 -70.25 -56.38 -70.14 -55.58 curveto
-70.02 -54.78 -69.84 -52.65 -69.71 -52 curveto
-69.58 -51.35 -69.63 -49.54 -69.57 -49.01 curveto
-69.5 -48.48 -69.43 -47.64 -68.58 -47.87 curveto
-67.73 -48.09 -65.45 -48.34 -64.48 -48.18 curveto
-63.52 -48.01 -61.11 -46.74 -60.44 -45.81 curveto
-59.77 -44.89 -58.16 -42.78 -57.89 -41.93 curveto
-57.63 -41.08 -57.16 -39.27 -56.56 -39.25 curveto
-55.95 -39.23 -54.07 -40.49 -52.79 -41.73 curveto
-51.51 -42.97 -50.13 -43.68 -49 -43.23 curveto
-47.88 -42.79 -44.16 -41.4 -43.09 -40.7 curveto
-42.03 -40 -38.74 -38.05 -37.67 -37.84 curveto
-36.6 -37.63 -34.15 -36.32 -33.46 -35.24 curveto
-32.77 -34.16 -31.63 -32.55 -31.94 -32.05 curveto
-32.25 -31.55 -34.74 -30.27 -34.59 -29.47 curveto
-34.43 -28.66 -33.32 -26.87 -32.37 -26.06 curveto
-31.43 -25.26 -28.55 -22.93 -27.97 -22.24 curveto
-27.4 -21.55 -26.13 -20.11 -24.98 -19.48 curveto
-23.84 -18.85 -22.36 -17.67 -20.55 -17.28 curveto
-18.74 -16.89 -16.57 -16.73 -16.22 -16.47 curveto
-15.87 -16.21 -15.3 -14.58 -15.29 -13.86 curveto
-15.28 -13.15 -15.03 -10.9 -15.09 -10.23 curveto
-15.15 -9.56 -15.11 -7.9 -14.68 -7.67 curveto
-14.25 -7.44 -12.19 -8.2 -11.51 -8.66 curveto
-10.82 -9.13 -8.66 -9.68 -8.2 -9.42 curveto
-7.73 -9.15 -6.9 -9.22 -6.9 -9.64 curveto
-6.9 -10.05 -8.78 -12.59 -9.44 -13.56 curveto
-10.11 -14.52 -11.33 -15.99 -11.11 -18.42 curveto
-10.89 -20.84 -10.67 -22.1 -10.58 -23 curveto
-10.5 -23.9 -9.92 -25.35 -9.38 -26.28 curveto
-8.85 -27.21 -7.6 -28.49 -5.03 -28.22 curveto
-2.45 -27.95 -0.32 -27.38 1.05 -27.1 curveto
2.41 -26.83 6.7 -26.74 7.84 -26.45 curveto
8.98 -26.16 11.64 -25.17 12.16 -24.22 curveto
12.67 -23.26 13.18 -21.37 13.21 -20.47 curveto
13.24 -19.56 13.44 -18 14.08 -17.19 curveto
14.72 -16.38 15.19 -14.9 16.93 -14.52 curveto
18.66 -14.14 20.67 -13.84 21.55 -13.16 curveto
22.43 -12.48 24.46 -10.83 23.98 -10.04 curveto
23.49 -9.26 22.91 -8.67 23.43 -8.17 curveto
23.95 -7.67 27.87 -6.53 29.3 -6.02 curveto
30.72 -5.52 32.1 -4.56 33.5 -3.76 curveto
34.89 -2.95 37.24 -1.42 37.38 -0.47 curveto
37.52 0.49 37.36 1.83 36.63 2.44 curveto
35.89 3.05 35.59 3.44 35.52 3.88 curveto stroke
newpath 29.09 0.02 moveto
29.09 0.02 26.8 -0.03 25.88 0.15 curveto
24.96 0.33 23.25 0.02 22.68 0.53 curveto
22.11 1.05 21.55 2.65 21.11 3.74 curveto
20.67 4.83 20.09 6.21 19.61 6.96 curveto
19.13 7.71 17.58 9.45 17.56 10.05 curveto
17.55 10.65 16.86 11.53 17.4 11.84 curveto
17.94 12.15 19 12.44 19.75 12.13 curveto
20.49 11.82 21.5 11.46 22.1 11.1 curveto stroke
newpath 22.37 13.46 moveto
22.37 13.46 21.05 13.9 21.1 14.25 curveto
21.14 14.59 23.08 15.67 23.73 15.99 curveto
24.37 16.31 26.22 17.61 27.07 18.1 curveto
27.93 18.59 29.86 18.96 30.44 19.61 curveto
31.02 20.27 32.75 21.18 33.23 21.67 curveto
33.71 22.17 35.49 22.86 35.94 23.35 curveto
36.38 23.84 37.12 25.64 37.53 26.09 curveto
37.94 26.54 39.69 28.92 40.01 29.48 curveto
40.34 30.03 41.11 32.36 41.04 33.07 curveto
40.98 33.78 41.06 35.75 41.41 36.49 curveto
41.76 37.24 43.05 39.2 44.19 39.87 curveto
45.34 40.54 47.34 41.7 48.03 42.44 curveto
48.71 43.18 49.97 44.73 51.18 45.44 curveto
52.4 46.15 53.86 47.49 54.69 47.86 curveto
55.52 48.24 56.59 49.81 57.01 50.9 curveto
57.44 51.99 58.38 53.66 59 54.69 curveto
59.63 55.73 59.91 56.77 60.98 57.4 curveto
62.05 58.02 63.61 58.76 64.47 59.22 curveto
65.33 59.67 67.67 60.07 68.7 60.32 curveto
69.73 60.56 71.72 60.63 73.07 60.75 curveto
74.41 60.87 76.27 60.25 76.9 60.34 curveto stroke
 0 0.24501 dtransform truncate idtransform setlinewidth pop
newpath 75.29 62.76 moveto
74.65099 61.4531 73.2126 60.89763 72.5203 61.77463 curveto
71.873 62.59459 70.69522 62.43536 69.64 62.4 curveto
69.64 62.4 lineto stroke
newpath 73.60728 62.9108 moveto
73.27063 62.74075 72.8961 62.72559 72.54034 62.9245 curveto
71.62856 63.43433 70.60135 62.8365 69.64 62.4 curveto
69.64 62.4 lineto
69.64 62.4 lineto
70.62842 62.02885 71.77748 61.72522 72.0617 60.71997 curveto
72.17259 60.32776 72.44815 60.07367 72.80644 59.95584 curveto
 closepath stroke
newpath 73.60728 62.9108 moveto
73.27063 62.74075 72.8961 62.72559 72.54034 62.9245 curveto
71.62856 63.43433 70.60135 62.8365 69.64 62.4 curveto
69.64 62.4 lineto
69.64 62.4 lineto
70.62842 62.02885 71.77748 61.72522 72.0617 60.71997 curveto
72.17259 60.32776 72.44815 60.07367 72.80644 59.95584 curveto
 closepath fill
 0 0.35 dtransform truncate idtransform setlinewidth pop
newpath 51.06 44.77005 moveto
51.06 48.61996 lineto
50.01004 50.36996 lineto stroke
newpath 51.06 48.61996 moveto
52.10995 50.36996 lineto stroke
newpath 52.83 45.69005 moveto
52.83 49.53996 lineto
51.78004 51.28996 lineto stroke
newpath 52.83 49.53996 moveto
53.87996 51.28996 lineto stroke
newpath 56.51003 52.89001 moveto
57.91 54.99004 lineto
59.30998 52.89001 lineto stroke
newpath 57.32002 54.32002 moveto
58.72 56.42004 lineto
60.11998 54.32002 lineto stroke
 0 0.7 dtransform truncate idtransform setlinewidth pop
newpath 77.10884 57.34142 moveto
77.75835 58.39719 77.31587 59.7594 77.54732 60.14821 curveto
77.75548 60.22757 78.99265 60.6153 78.6033 61.1706 curveto
79.59958 61.34966 80.13705 60.90366 79.99171 60.88771 curveto
80.90416 60.02701 81.05438 59.49905 80.76831 58.45558 curveto stroke
newpath 81.8224 59.5463 moveto
81.34021 60.07982 80.73541 60.69646 80.21463 61.88205 curveto
80.90384 61.38332 80.8885 61.55614 80.9554 61.58727 curveto
81.13693 62.7463 79.52773 63.4195 80.35289 63.36992 curveto
79.97662 63.50505 80.07939 63.54765 79.68195 63.33096 curveto
79.86562 63.74226 80.56493 65.25607 80.75067 66.04927 curveto stroke
 [6 6 ] 0 setdash
newpath 35.52 3.88 moveto
35.43 4.44 34.74 5.43 34.28 6.29 curveto
33.83 7.15 33.56 8 32.54 8.47 curveto
31.52 8.94 30.66 9.69 29.6 10.61 curveto
28.54 11.53 22.37 13.46 22.37 13.46 curveto stroke
newpath 22.1 11.1 moveto
22.15 10.99 23.29 10.45 24.14 10.19 curveto
24.99 9.93 26.14 9.28 26.65 8.24 curveto
27.16 7.19 28.42 5.69 29.2 5.04 curveto
29.97 4.4 31.03 2.68 31.16 1.72 curveto
31.28 0.75 29.09 0.02 29.09 0.02 curveto stroke
 0 0.24501 dtransform truncate idtransform setlinewidth pop [] 0 setdash
newpath -72.86998 -61.87 moveto
-70.07002 -61.87 lineto stroke
 0.24501 0 dtransform exch truncate exch idtransform pop setlinewidth
newpath -71.47 -63.26997 moveto
-71.47 -60.47002 lineto stroke
 0.00002 0.00018 0.00044 setrgbcolor
newpath -70.90999 -61.87 moveto
-70.90999 -61.72147 -70.969 -61.57904 -71.07402 -61.47401 curveto
-71.17905 -61.36899 -71.32147 -61.30998 -71.47 -61.30998 curveto
-71.61853 -61.30998 -71.76096 -61.36899 -71.86598 -61.47401 curveto
-71.97101 -61.57904 -72.03001 -61.72147 -72.03001 -61.87 curveto
-72.03001 -62.01852 -71.97101 -62.16095 -71.86598 -62.26598 curveto
-71.76096 -62.371 -71.61853 -62.43001 -71.47 -62.43001 curveto
-71.32147 -62.43001 -71.17905 -62.371 -71.07402 -62.26598 curveto
-70.969 -62.16095 -70.90999 -62.01852 -70.90999 -61.87 curveto closepath fill
 0 0 0 setrgbcolor 0 0.35 dtransform truncate idtransform setlinewidth pop
newpath -71.47 -61.87 moveto 0 0 rlineto stroke
 0 0.24501 dtransform truncate idtransform setlinewidth pop
newpath -84.61998 -65.37 moveto
-81.82002 -65.37 lineto stroke
 0.24501 0 dtransform exch truncate exch idtransform pop setlinewidth
newpath -83.22 -66.76997 moveto
-83.22 -63.97002 lineto stroke
 0.00002 0.00018 0.00044 setrgbcolor
newpath -82.65999 -65.37 moveto
-82.65999 -65.22147 -82.719 -65.07904 -82.82402 -64.97401 curveto
-82.92905 -64.86899 -83.07147 -64.80998 -83.22 -64.80998 curveto
-83.36853 -64.80998 -83.51096 -64.86899 -83.61598 -64.97401 curveto
-83.72101 -65.07904 -83.78001 -65.22147 -83.78001 -65.37 curveto
-83.78001 -65.51852 -83.72101 -65.66095 -83.61598 -65.76598 curveto
-83.51096 -65.871 -83.36853 -65.93001 -83.22 -65.93001 curveto
-83.07147 -65.93001 -82.92905 -65.871 -82.82402 -65.76598 curveto
-82.719 -65.66095 -82.65999 -65.51852 -82.65999 -65.37 curveto closepath fill
 0 0 0 setrgbcolor 0 0.35 dtransform truncate idtransform setlinewidth pop
newpath -83.22 -65.37 moveto 0 0 rlineto stroke
 0 0.24501 dtransform truncate idtransform setlinewidth pop
newpath 63.46002 63.12 moveto
66.25998 63.12 lineto stroke
 0.24501 0 dtransform exch truncate exch idtransform pop setlinewidth
newpath 64.86 61.72002 moveto
64.86 64.51997 lineto stroke
 0.00002 0.00018 0.00044 setrgbcolor
newpath 65.42001 63.12 moveto
65.42001 63.26852 65.36101 63.41095 65.25598 63.51598 curveto
65.15096 63.621 65.00853 63.68001 64.86 63.68001 curveto
64.71147 63.68001 64.56905 63.621 64.46402 63.51598 curveto
64.359 63.41095 64.29999 63.26852 64.29999 63.12 curveto
64.29999 62.97147 64.359 62.82904 64.46402 62.72401 curveto
64.56905 62.61899 64.71147 62.55998 64.86 62.55998 curveto
65.00853 62.55998 65.15096 62.61899 65.25598 62.72401 curveto
65.36101 62.82904 65.42001 62.97147 65.42001 63.12 curveto closepath fill
 0 0 0 setrgbcolor 0 0.35 dtransform truncate idtransform setlinewidth pop
newpath 64.86 63.12 moveto 0 0 rlineto stroke
showpage
%%EOF
