%!PS
%%BoundingBox: -86 -57 75 70 
%%HiResBoundingBox: -85.99251 -56.10251 74.17749 69.74785 
%%Creator: MetaPost 1.209
%%CreationDate: 2019.09.26:1811
%%Pages: 1
%%BeginProlog
%%EndProlog
%%Page: 1 1
 0 0 0 setrgbcolor 0 0.24501 dtransform truncate idtransform setlinewidth pop
 [] 0 setdash 1 setlinecap 1 setlinejoin 10 setmiterlimit
newpath 23.41 29.01 moveto
22.34 27.75 21.43 26.34 20.21 25.23 curveto
19.23 24.34 17.87 23.96 16.88 23.1 curveto
12.67 19.46 8.82 15.43 4.65 11.76 curveto
3.64 10.86 2.34 10.33 1.33 9.42 curveto
0.37 8.55 -0.17 7.23 -1.22 6.47 curveto
-3.02 5.16 -5.02 3.7 -7.12 3.3 curveto stroke
newpath -7.12 3.3 moveto
-8.05 2.98 -8.05 3.9 -7.01 5.34 curveto
-6.71 5.67 -4.7 5.84 -4.38 6.14 curveto
-4.01 6.49 -2.71 7.88 -2.34 8.28 curveto stroke
newpath -2.34 8.28 moveto
-1.93 9.23 -1.66 10.25 -1.11 11.13 curveto
0.06 13.04 1.2 13.62 2.77 15.66 curveto
3.45 16.53 4.29 17.77 4.84 18.95 curveto
5.34 20.02 5.79 21.12 6.39 22.15 curveto
7.67 24.36 8.24 24.8 9.86 26.52 curveto stroke
newpath 6.18 31.55 moveto
5.19 29.99 4.1 27.67 3.43 26.29 curveto
2.96 25.34 2.67 24.23 1.97 23.43 curveto
0.81 22.1 -1.03 19.43 -2.5 18.47 curveto
-3.4 17.88 -4.49 17.6 -5.36 16.97 curveto
-9.22 14.15 -6.65 15.12 -9.84 11.65 curveto
-11.14 10.24 -13.92 8.49 -15.64 7.71 curveto
-16.62 7.26 -17.7 7.04 -18.7 6.62 curveto
-20.08 6.05 -21.41 5.38 -22.77 4.77 curveto stroke
newpath -22.77 4.77 moveto
-23.77 3.98 -24.33 3.68 -25.01 2.56 curveto
-25.68 0.97 -25.37 1.47 -26.32 0.08 curveto
-26.91 -0.79 -27.13 -1.53 -28.43 -1.42 curveto
-28.91 -1.38 -29.28 -0.95 -29.74 -0.81 curveto
-30.16 -0.68 -30.62 -0.68 -31.06 -0.61 curveto stroke
newpath -31.06 -0.61 moveto
-31.5 -0.9 -32.39 -1.27 -32.8 -1.61 curveto
-33.2 -1.95 -33.54 -2.36 -33.89 -2.76 curveto
-34.92 -3.9 -35.79 -5.14 -36.91 -6.2 curveto
-37.33 -6.59 -37.77 -6.96 -38.19 -7.35 curveto
-38.86 -7.96 -39.79 -8.92 -40.53 -9.45 curveto
-42.96 -11.18 -40.76 -9.12 -42.86 -11.27 curveto stroke
newpath -42.94 -11.3 moveto
-47.45 -15.21 -45.66 -14.04 -49.46 -15.97 curveto stroke
newpath -49.46 -15.97 moveto
-50.12 -16.71 -50.33 -17 -51.09 -17.64 curveto
-51.37 -17.87 -51.7 -18.04 -51.97 -18.28 curveto
-52.81 -19.05 -53.55 -20.39 -54.03 -20.92 curveto
-54.27 -21.18 -54.61 -21.33 -54.9 -21.53 curveto
-55.17 -21.81 -55.45 -22.09 -55.72 -22.37 curveto
-55.97 -22.62 -56.15 -22.95 -56.44 -23.15 curveto
-57.35 -23.76 -59.79 -24.26 -60.92 -24.53 curveto
-61.48 -24.67 -62.58 -25.07 -63.18 -24.95 curveto
-63.72 -24.84 -64.19 -24.51 -64.7 -24.3 curveto stroke
newpath -64.7 -24.3 moveto
-66.07 -22.69 -67.18 -21.82 -67.59 -19.61 curveto
-68.06 -17.01 -66.81 -16.36 -67.91 -13.79 curveto
-69.4 -10.29 -72.53 -10.19 -75.37 -12.05 curveto
-76.17 -12.57 -76.79 -13.33 -77.46 -14.02 curveto
-79.04 -15.65 -78.96 -15.6 -79.87 -16.94 curveto stroke
newpath -79.87 -16.94 moveto
-80.24 -17.66 -80.83 -18.3 -80.98 -19.09 curveto
-81.14 -19.93 -80.9 -20.8 -80.77 -21.64 curveto
-80.44 -23.67 -80.44 -24.31 -78.21 -24.94 curveto
-75.82 -25.6 -73.75 -23.7 -71.55 -24.45 curveto
-69.86 -25.03 -69.05 -26.3 -68 -27.58 curveto stroke
newpath -68 -27.58 moveto
-67.98 -28.18 -66.86 -28.98 -67.19 -29.47 curveto
-67.6 -30.1 -71.63 -31.48 -72.27 -31.8 curveto
-75.53 -33.44 -73.62 -32.31 -76.51 -34.79 curveto
-77.1 -35.31 -77.74 -35.78 -78.36 -36.27 curveto stroke
newpath -74.6 -37.27 moveto
-73.38 -36.84 -72.31 -36.5 -71.17 -35.79 curveto
-70.45 -35.34 -69.83 -34.75 -69.19 -34.2 curveto
-68.47 -33.58 -66.33 -31.02 -64.81 -31.68 curveto
-64.25 -31.91 -64.64 -32.86 -64.56 -33.46 curveto stroke
newpath -64.56 -33.46 moveto
-65.5 -34.64 -66.29 -35.96 -67.37 -37.02 curveto
-68.25 -37.88 -70.64 -38.72 -71.72 -39.15 curveto stroke
newpath -71.72 -39.15 moveto
-72.76 -39.98 -72.15 -38.69 -74.53 -38.91 curveto
-74.81 -38.93 -75.46 -40.58 -75.61 -40.82 curveto
-76.23 -41.86 -75.42 -45.85 -75.85 -46.99 curveto
-76.27 -48.09 -77.57 -49.43 -78.22 -50.06 curveto
-78.48 -50.31 -79.22 -50.9 -79.51 -51.21 curveto
-79.79 -51.51 -85.6 -55.67 -85.87 -55.98 curveto stroke
newpath -63.54 -55.01 moveto
-64.54 -51.88 -66.7 -48.88 -66.52 -45.58 curveto
-66.39 -43.12 -63.99 -41.35 -62.7 -39.26 curveto
-62.19 -38.43 -61.75 -38.4 -61.09 -37.69 curveto
-60.21 -36.73 -59.14 -36.6 -57.37 -35.98 curveto
-56.61 -35.72 -56.83 -34.45 -57.13 -33.58 curveto stroke
newpath -57.13 -33.58 moveto
-57.16 -33.39 -57.21 -33.19 -57.24 -32.99 curveto
-57.27 -32.71 -57.27 -32.42 -57.32 -32.14 curveto
-57.58 -30.73 -58.33 -29.21 -58.02 -27.74 curveto
-57.81 -26.72 -57.15 -26.48 -56.34 -25.98 curveto
-55.71 -25.59 -54.74 -25.03 -54.26 -24.48 curveto
-54.07 -24.26 -53.96 -23.99 -53.8 -23.75 curveto
-53.62 -23.49 -52.13 -21.68 -51.69 -20.97 curveto
-51.54 -20.73 -51.47 -20.46 -51.32 -20.22 curveto
-51.14 -19.9 -50.56 -19.11 -50.27 -18.83 curveto
-50.06 -18.63 -49.16 -17.73 -48.31 -17.09 curveto
-48.06 -16.9 -46.76 -15.95 -46.18 -15.36 curveto stroke
newpath -46.18 -15.36 moveto
-45.1 -15.34 -44.61 -16.05 -43.81 -16.61 curveto stroke
newpath -42.91 -14.5 moveto
-42.75 -15.18 lineto
-42.23 -15.54 lineto stroke
newpath -42.23 -15.54 moveto
-43.08 -14.74 -43.9 -14.5 -42.99 -13.09 curveto
-41.86 -11.33 -39.03 -12.07 -37.45 -11.08 curveto
-37.04 -10.83 -36.79 -10.39 -36.42 -10.08 curveto
-36.05 -9.78 -35.62 -9.56 -35.24 -9.27 curveto
-33.92 -8.25 -34.09 -8.15 -32.68 -7.29 curveto
-32.54 -7.21 -29.91 -5.85 -29.79 -5.8 curveto
-27.74 -4.93 -28.76 -5.76 -27.72 -4.77 curveto stroke
newpath -27.72 -4.77 moveto
-27.53 -4.42 -27.4 -4.02 -27.14 -3.71 curveto
-26.79 -3.28 -26.33 -2.94 -25.9 -2.57 curveto
-24.72 -1.57 -24.54 -1.53 -23.15 -0.76 curveto
-22.63 -0.47 -22.09 -0.21 -21.6 0.14 curveto
-21.16 0.44 -20.78 0.84 -20.35 1.16 curveto
-19.27 1.98 -18.83 2.22 -17.66 2.96 curveto stroke
newpath -17.66 2.96 moveto
-16.7 3.08 -17.86 2.8 -14.65 3.99 curveto
-14.09 4.19 -13.52 4.33 -12.93 4.43 curveto
-12.33 4.54 -11.56 5.01 -11.11 4.61 curveto
-9.91 3.53 -10.64 1.38 -10.8 0.68 curveto
-11.13 -0.72 -12 -1.25 -13.6 -2.11 curveto stroke
newpath -13.6 -2.11 moveto
-13.95 -2.12 -16.89 -4.98 -17.35 -5.41 curveto
-17.72 -5.75 -18.17 -5.99 -18.56 -6.31 curveto
-20.08 -7.6 -19.47 -7.23 -20.83 -8.61 curveto
-21.67 -9.46 -22.08 -9.74 -23.1 -10.43 curveto
-24.73 -11.53 -25.69 -13.9 -26.05 -14.2 curveto
-26.5 -14.49 -28.8 -16.87 -29.2 -17.22 curveto
-29.68 -17.64 -30.17 -18.91 -30.6 -19.39 curveto stroke
newpath -24.18 -19.35 moveto
-23.25 -18.57 -22.73 -18.24 -21.98 -17.28 curveto
-20.47 -15.37 -22.13 -17 -20.4 -14.88 curveto
-18.65 -12.74 -20.13 -15.14 -18.48 -12.79 curveto
-17.35 -11.18 -18.35 -12.05 -16.9 -10.49 curveto
-16.56 -10.13 -16.16 -9.83 -15.81 -9.48 curveto
-15.5 -9.18 -15.23 -8.83 -14.91 -8.53 curveto
-14.72 -8.35 -12.95 -6.88 -12.75 -6.75 curveto
-12.38 -6.51 -11.91 -6.43 -11.58 -6.14 curveto
-11.23 -5.85 -11.07 -5.38 -10.75 -5.05 curveto
-10.44 -4.73 -10.04 -4.51 -9.7 -4.21 curveto
-9.34 -3.88 -9.02 -3.52 -8.67 -3.17 curveto stroke
newpath -8.67 -3.17 moveto
-7.32 -1.9 -6.98 -1.5 -5.74 -0.51 curveto
-5.38 -0.23 -4.98 0 -4.66 0.32 curveto
-4.33 0.64 -4.1 1.04 -3.81 1.4 curveto stroke
newpath -3.81 1.4 moveto
-3.2 1.51 -2.55 1.49 -1.98 1.73 curveto
-1.39 1.98 -0.94 2.48 -0.41 2.84 curveto
1.24 3.95 1.96 4.67 3.42 6.04 curveto
6.08 8.52 6.3 8.55 7.13 9.41 curveto
7.43 9.71 10.16 11.93 10.52 12.24 curveto
11.03 12.68 11.51 13.14 12 13.6 curveto
12.49 14.07 12.93 14.57 13.44 15.01 curveto
14 15.5 14.58 15.98 15.2 16.41 curveto
18.13 18.45 17.52 17.63 18.71 18.8 curveto
19.73 19.78 18.87 19.04 21.88 22.05 curveto
24.13 24.3 22.91 22.76 25.16 24.62 curveto
25.68 25.04 26.13 25.54 26.61 26.01 curveto stroke
newpath 26.61 26.01 moveto
26.81 25.93 28.02 27.68 29.58 29.31 curveto
30.94 30.74 30.52 29.87 31.58 31.47 curveto
31.79 31.79 33.28 33.4 33.57 33.66 curveto
33.91 33.97 34.32 34.2 34.67 34.49 curveto
35.02 34.79 35.33 35.12 35.68 35.42 curveto
36.05 35.75 36.47 36.03 36.82 36.39 curveto
37.14 36.71 37.35 37.12 37.67 37.44 curveto
38.02 37.8 38.46 38.06 38.82 38.4 curveto
39.85 39.41 39.76 39.58 40.59 40.8 curveto
40.88 41.22 41.22 41.61 41.51 42.04 curveto
42.61 43.64 43.15 45.42 44.54 46.81 curveto
44.86 47.14 45.73 47.43 46.08 47.73 curveto stroke
newpath 46.08 47.73 moveto
49.3 44.44 47.5 46.44 48.12 45.6 curveto
48.51 45.08 48.61 44.57 48.94 44.02 curveto
49 43.92 49.9 42.69 49.94 42.64 curveto
50.21 42.28 50.62 41.69 51.07 41.51 curveto
52.61 40.92 53.93 42.6 54.89 43.47 curveto stroke
newpath 54.89 43.47 moveto
55.62 44.19 55.32 43.86 56.22 43.52 curveto stroke
newpath 56.22 43.52 moveto
55.37 42.36 53.92 41.88 52.95 40.86 curveto
52.74 40.64 52.18 40.06 52.45 39.64 curveto
52.58 39.44 52.89 39.43 53.12 39.37 curveto
53.78 39.2 54.6 39.29 55.15 39.74 curveto
55.35 39.9 55.47 40.13 55.65 40.32 curveto
56.14 40.86 56.17 40.87 56.76 41.27 curveto
56.94 41.39 57.1 41.54 57.3 41.62 curveto
58.04 41.9 60.18 41.69 60.51 42.28 curveto
60.62 42.48 60.51 42.73 60.55 42.96 curveto
60.65 43.63 60.94 44.28 61.21 44.89 curveto stroke
newpath 61.21 44.89 moveto
61.47 44.92 63.78 45.81 66.35 49.41 curveto
67.27 50.7 68.42 51.87 69.09 53.31 curveto
69.54 54.27 67.88 53.5 67.61 53.28 curveto
60.02 46.99 66.73 51.65 57.98 46.07 curveto stroke
newpath 57.89 46.11 moveto
56.83 46.05 lineto stroke
newpath 56.83 46.05 moveto
57.34 46.5 57.77 47.04 58.35 47.41 curveto
58.88 47.74 59.5 47.94 60.03 48.27 curveto
60.57 48.6 61.03 49.05 61.53 49.43 curveto
61.7 49.56 61.89 49.66 62.06 49.79 curveto
62.96 50.5 63.65 51.46 64.59 52.12 curveto
64.76 52.24 64.97 52.31 65.15 52.43 curveto
66.14 53.11 67.07 54.03 67.87 54.92 curveto stroke
newpath 67.87 54.92 moveto
68.68 56 lineto
68.97 56.36 69.31 56.69 69.57 57.08 curveto
70.93 59.14 69.65 57.63 70.85 59.61 curveto
72.88 62.94 70.78 58.87 72.32 61.97 curveto
72.5 62.34 73.18 62.82 72.86 63.08 curveto
72.51 63.36 72.02 62.74 71.61 62.55 curveto
71.19 62.36 70.74 62.22 70.37 61.94 curveto
69.81 61.53 69.11 60.44 68.67 59.92 curveto
67.79 58.85 66.83 57.98 65.71 57.18 curveto
64.53 56.34 64.56 56.52 63.6 55.43 curveto
62.8 54.51 62.9 54.23 61.87 53.56 curveto
60.86 52.9 60.49 53.17 59.56 52.31 curveto
58.09 50.96 59.44 51.22 57.5 50.46 curveto
56.32 49.99 56.06 50.05 54.98 50.63 curveto
54.03 51.14 53.74 52.01 52.49 51.14 curveto
52.07 50.84 52.37 48.66 52.15 48.31 curveto
51.92 47.94 50.85 48.15 50.55 47.83 curveto stroke
newpath 50.55 47.83 moveto
50.09 48.34 49.98 49.58 50.26 50.45 curveto
50.55 51.38 50.85 51.33 51.84 52.35 curveto
52.67 53.21 54.9 55.03 55.87 55.74 curveto
56.55 56.24 57.29 56.66 57.99 57.15 curveto
60.13 58.62 62.12 60.33 64.36 61.67 curveto
65.11 62.12 65.86 62.6 66.68 62.91 curveto
67.48 63.21 68.36 63.64 69.2 63.46 curveto
70.03 63.28 70.61 63.07 71.44 63.26 curveto
73 63.63 74.14 63.82 74.05 64.64 curveto
73.97 65.44 72.32 64.64 71.94 65.36 curveto
71.56 66.06 70.94 65.98 71.13 66.76 curveto
71.32 67.58 70.37 68.11 69.91 68.82 curveto
68.26 71.34 67.89 67.12 66.28 67.35 curveto
65.42 67.47 64.83 68.2 63.96 68.08 curveto
63.1 67.95 63.37 66.42 62.9 65.68 curveto
62.42 64.94 61.76 64.34 61.15 63.7 curveto
58.65 61.07 60.07 62.63 57.25 60.49 curveto
56.55 59.96 55.89 59.38 55.23 58.81 curveto
54.55 58.23 53.96 57.54 53.23 57.03 curveto
52.54 56.53 51.68 56.3 50.99 55.8 curveto
49.52 54.72 48.65 53.38 47.36 52.14 curveto
47.1 51.89 46.77 51.7 46.48 51.48 curveto stroke
newpath 46.48 51.48 moveto
45.29 50.59 lineto
44.54 49.45 lineto
43.76 48.31 lineto
42.89 47.15 lineto
41.99 46.1 lineto
41.22 44.81 lineto
40.29 43.76 lineto
39.29 42.74 lineto
38.24 41.8 lineto
37.27 40.62 lineto
36.44 39.45 lineto
35.34 38.33 lineto
34.15 37.61 lineto
32.91 36.95 lineto
31.54 36.45 lineto
30.27 35.75 lineto
28.93 34.74 lineto
27.73 33.84 lineto
26.53 32.99 lineto
25.71 31.65 lineto
24.75 30.34 lineto
23.41 29.01 lineto stroke
showpage
%%EOF
