%!PS
%%BoundingBox: -124 -199 129 195 
%%HiResBoundingBox: -123.40063 -198.84251 128.83252 194.08252 
%%Creator: MetaPost 1.209
%%CreationDate: 2019.09.26:1811
%%Pages: 1
%%BeginProlog
%%EndProlog
%%Page: 1 1
 0 0 0 setrgbcolor 0 0.24501 dtransform truncate idtransform setlinewidth pop
 [] 0 setdash 1 setlinecap 1 setlinejoin 10 setmiterlimit
newpath 80.96 193.96 moveto
80.01 191.93 lineto
80.01 191.93 79.6 192.63 77.88 190.25 curveto
76.17 187.87 74.48 187.31 73.13 186.92 curveto
71.78 186.53 69.34 185.34 68.74 184.57 curveto
68.15 183.81 65.84 184.72 64.75 185.87 curveto
63.65 187.02 61.74 188.54 58.46 185.92 curveto
55.18 183.3 55.6 184.49 54.46 182.31 curveto
53.32 180.13 52.36 177.32 51.42 176.38 curveto
50.47 175.45 49.06 173.9 50.22 172.9 curveto
51.37 171.9 53.31 171.17 54.72 170.55 curveto
56.14 169.93 58.08 170.07 59.09 170.07 curveto
60.11 170.07 60.74 168.31 60.96 167.17 curveto
61.19 166.03 62.71 160.93 62.93 159.86 curveto
63.15 158.8 64.02 154.73 64.08 153.87 curveto
64.15 153.01 64.02 151.77 65.35 149.33 curveto
66.68 146.89 66.88 145.1 68.37 143.54 curveto
69.85 141.98 72.05 141.56 73.48 140.72 curveto
74.91 139.88 75.16 140.47 76.28 138.96 curveto
77.39 137.45 78.42 135.13 79.26 133.53 curveto
80.09 131.93 80.41 130.5 81.09 129.03 curveto
81.77 127.56 83.01 125.41 83.52 124.29 curveto
84.04 123.17 85.4 121.17 85.92 120.05 curveto
86.43 118.93 86.44 118.72 86.96 117.52 curveto
87.48 116.33 88.62 114.53 89.36 113.36 curveto
90.09 112.18 91.17 110.24 91.95 109.35 curveto
92.74 108.47 94.53 106.65 95.6 105.93 curveto
96.66 105.21 98.33 103.02 99.06 101.91 curveto
99.79 100.81 100.76 99.36 101.01 97.93 curveto
101.26 96.51 99.88 95.54 99.64 94.95 curveto
99.39 94.35 95.41 88.44 94.76 87.52 curveto
94.1 86.61 93.22 84.88 92.98 84.15 curveto
92.74 83.41 92.01 82.56 93.13 80.11 curveto
94.24 77.67 94.28 75.07 95.62 73.51 curveto
96.96 71.95 99.01 69.49 99.58 67.66 curveto
100.14 65.82 102.36 61.07 103.24 59.91 curveto
104.12 58.75 106.46 56.25 106.28 53.85 curveto
106.09 51.45 105.26 48.87 105.37 47.43 curveto
105.47 46 105.08 44.38 104.38 43.1 curveto
103.68 41.83 100.56 38.07 99.69 37.14 curveto
98.81 36.21 97.41 33.73 96.7 32.52 curveto
95.99 31.32 95.22 29.02 95.14 28.08 curveto
95.07 27.14 92.89 23.31 91.74 22.36 curveto
90.58 21.41 86.8 18.84 85.54 18.39 curveto
84.27 17.94 82.79 16.32 81.47 14.57 curveto
80.16 12.82 78.25 10.22 77.13 9.71 curveto
76.01 9.2 75.08 6.03 74.36 5.04 curveto
73.63 4.05 72.49 1.8 72.08 0.47 curveto
71.67 -0.86 71.41 -2.32 72.92 -3.22 curveto
74.43 -4.13 76.44 -3.98 77.72 -3.68 curveto
78.99 -3.37 82.8 -5.12 83.87 -5.99 curveto
84.94 -6.85 87.65 -8.32 88.85 -8.96 curveto
90.05 -9.59 92.1 -10.1 93.62 -11.08 curveto
95.13 -12.05 96.57 -12.96 97.6 -13.32 curveto
98.64 -13.68 99.99 -14.38 99.99 -14.38 curveto stroke
newpath 99.99 -14.38 moveto
99.99 -14.38 92.47 -17.3 91.64 -18.73 curveto
90.8 -20.16 89.48 -24.73 88.34 -26.03 curveto
87.21 -27.34 83.93 -30.9 83.61 -34.46 curveto
83.29 -38.02 82.6 -43.55 82.47 -44.71 curveto
82.34 -45.88 81.39 -51.79 81.1 -52.82 curveto
80.81 -53.85 78.85 -55.73 76.85 -56.95 curveto
74.84 -58.18 69.24 -60.67 68.26 -61.1 curveto
67.28 -61.53 62.56 -64.1 62.02 -64.71 curveto
61.49 -65.33 60.75 -68.2 60.8 -69.85 curveto
60.84 -71.51 60.8 -75.99 60.42 -76.67 curveto
60.03 -77.34 57.47 -84.96 55.71 -86.67 curveto
53.96 -88.39 48.39 -95.43 47.86 -95.97 curveto
47.32 -96.51 46.05 -97.97 44.53 -98.95 curveto
43.01 -99.92 36.09 -105.18 35.21 -105.89 curveto
34.32 -106.61 32.15 -109.65 30.71 -110.62 curveto
29.26 -111.59 26.1 -113.77 25.35 -114.4 curveto
24.61 -115.03 22.13 -116.65 21.15 -117.01 curveto
20.17 -117.37 15.05 -118.52 13.95 -118.24 curveto
12.84 -117.95 10.19 -118.21 8.63 -117.68 curveto
7.08 -117.14 4.09 -115.84 3.85 -115.42 curveto
3.6 -115 1.84 -112.53 1.6 -110.31 curveto
1.37 -108.09 0.38 -103.25 -0.14 -102.06 curveto
-0.66 -100.87 -2.23 -98.09 -2.58 -97.18 curveto
-2.94 -96.26 -4.09 -91.29 -4 -90.49 curveto
-3.91 -89.69 -5.15 -84.44 -5.63 -82.82 curveto
-6.11 -81.19 -6.78 -79.8 -7.15 -78.67 curveto
-7.52 -77.54 -7.55 -75.16 -7.27 -73.92 curveto
-7 -72.67 -6.66 -67.31 -6.7 -66.66 curveto
-6.75 -66.02 -5.81 -64.94 -6.97 -62.86 curveto
-8.13 -60.78 -9.05 -59.98 -9.08 -59.62 curveto
-9.1 -59.26 -8.12 -56.8 -7.26 -55.66 curveto
-6.4 -54.51 -5.54 -53.51 -5.44 -50.83 curveto
-5.34 -48.15 -7.03 -43.73 -6.94 -42.93 curveto
-6.85 -42.13 -5.55 -37.19 -5.41 -36.1 curveto
-5.28 -35.01 -6.06 -31.24 -5.97 -30.44 curveto
-5.88 -29.64 -6.3 -25.91 -6.7 -24.35 curveto
-7.11 -22.79 -8.53 -19.14 -9.21 -17.75 curveto
-9.88 -16.35 -10.99 -12.97 -11.07 -11.74 curveto
-11.16 -10.52 -11.87 -7.47 -11.92 -6.82 curveto
-11.96 -6.18 -12.66 -3.49 -12.66 -3.49 curveto
-11.18 -3.02 lineto stroke
newpath -11.42 -1.66 moveto
-13.17 -2.3 lineto
-13.17 -2.3 -15.6 1.35 -16.59 2.08 curveto
-17.58 2.8 -20.84 5.09 -21.73 6.47 curveto
-22.63 7.85 -24.13 9.69 -24.26 11.41 curveto
-24.38 13.14 -24.37 14.94 -24.2 15.6 curveto
-24.03 16.27 -23.12 19.8 -22.85 20.97 curveto
-22.57 22.15 -22.74 26.54 -23.1 27.53 curveto
-23.45 28.51 -23.34 31.91 -22.89 32.74 curveto
-22.44 33.57 -21.12 39.29 -20.84 40.39 curveto
-20.56 41.49 -19.72 44.87 -19.65 45.96 curveto
-19.58 47.05 -19.4 47.57 -19.4 47.57 curveto stroke
newpath -19.4 47.57 moveto
-20.52 47.71 -21.52 47.57 -23.01 47.32 curveto
-24.49 47.06 -27.89 46.22 -29.64 45.49 curveto
-31.4 44.76 -35.5 42.13 -36.58 41.45 curveto
-37.65 40.77 -40.52 37.94 -41.65 36.97 curveto
-42.79 35.99 -49.38 30.63 -49.38 30.63 curveto stroke
newpath -49.38 30.63 moveto
-49.38 30.63 -44.57 27.63 -44.57 27.46 curveto
-44.58 27.29 -45.37 25.21 -45.41 23.62 curveto
-45.44 22.03 -45.26 19.3 -44.53 18.19 curveto
-43.8 17.09 -42.37 15.32 -42.02 14.47 curveto
-41.67 13.63 -40.63 11.19 -41.95 8.36 curveto
-43.26 5.53 -45.46 4.87 -46.53 3.78 curveto
-47.61 2.69 -49.08 1 -49.31 -0.75 curveto
-49.55 -2.5 -51.9 -3.97 -52.71 -4.76 curveto
-53.52 -5.54 -55.24 -7.54 -55.64 -7.93 curveto
-56.05 -8.31 -58.14 -8.46 -59.23 -8.47 curveto
-60.31 -8.48 -61.23 -8.76 -62.59 -9.87 curveto
-63.95 -10.98 -65.79 -11.55 -66.9 -12.13 curveto
-68.01 -12.72 -68.04 -13.29 -68.14 -14.96 curveto
-68.24 -16.63 -68.24 -18.65 -68.37 -19.89 curveto
-68.5 -21.12 -68.45 -22.93 -69.21 -23.41 curveto
-69.96 -23.9 -74.55 -25.31 -75.62 -25.39 curveto
-76.7 -25.46 -78.58 -26.39 -79.13 -26.71 curveto
-79.69 -27.04 -80.9 -27.33 -81.85 -26.32 curveto
-82.79 -25.3 -83.37 -25.2 -85.08 -25.54 curveto
-86.78 -25.88 -88.52 -26.81 -90.38 -25.86 curveto
-92.25 -24.91 -94.45 -24.33 -94.45 -24.33 curveto
-94.1 -23.22 lineto stroke
newpath -94.99 -22.85 moveto
-95.23 -23.59 lineto
-95.23 -23.59 -97.15 -21.99 -98.1 -20.9 curveto
-99.04 -19.82 -100.31 -19.26 -101.73 -18.64 curveto
-103.15 -18.02 -104.46 -16.76 -104.54 -15.68 curveto
-104.61 -14.6 -104.59 -13.01 -104.77 -12.44 curveto
-104.96 -11.88 -105.58 -10.73 -105.58 -10.73 curveto
-103.95 -11.88 lineto
-103.95 -11.88 -101.96 -9.28 -101.59 -8.39 curveto
-101.22 -7.5 -100.22 -5.41 -99.93 -4.38 curveto
-99.64 -3.35 -99.9 -2.72 -97.96 -2.58 curveto
-96.02 -2.44 -92.6 -1.91 -91.67 -1.84 curveto
-90.74 -1.77 -89.69 -1.34 -89.64 0.11 curveto
-89.6 1.56 -90.13 3.91 -90.4 4.61 curveto
-90.67 5.31 -91.84 6.67 -91.89 7.39 curveto
-91.94 8.1 -91.98 9.76 -92.15 10.03 curveto stroke
newpath -92.15 10.03 moveto
-92.29 10.01 -92.77 10.41 -93.34 10.45 curveto
-93.9 10.48 -94.46 9.92 -95.03 9.47 curveto
-95.6 9.01 -95.19 8.55 -95.19 7.99 curveto
-95.19 7.43 -95.61 5.9 -95.61 5.9 curveto stroke
newpath -95.61 5.9 moveto
-95.61 5.9 -94.23 6.94 -93.1 5.07 curveto
-91.96 3.21 -92.14 1.68 -92.39 1.08 curveto
-92.63 0.48 -94.36 -0.45 -96.19 -0.07 curveto
-98.02 0.3 -100.04 0.37 -101.53 -0.96 curveto
-103.03 -2.29 -105.28 -4.17 -105.3 -4.9 curveto
-105.32 -5.62 -104.89 -6.67 -105.2 -7.41 curveto
-105.51 -8.16 -105.93 -9.42 -106.93 -8.48 curveto
-107.94 -7.55 -110.94 -4.94 -111.63 -4.34 curveto
-112.33 -3.74 -115.06 -2.85 -115.39 -2.3 curveto
-115.72 -1.74 -117.07 -0.03 -117.05 0.76 curveto
-117.04 1.56 -116.96 4.52 -117.03 5.6 curveto
-117.11 6.67 -117.32 8.53 -117.48 9.75 curveto
-117.64 10.96 -117.81 13.4 -117.81 13.4 curveto
-117.81 13.4 -120.51 11.84 -121.05 11.29 curveto
-121.59 10.75 -122.18 9.99 -122.54 9.03 curveto
-122.91 8.06 -122.83 5.98 -122.92 5.25 curveto
-123.02 4.53 -123.58 3.26 -123.06 3.08 curveto
-122.54 2.9 -120.33 2.19 -120.05 1.27 curveto
-119.77 0.35 -119.13 -1.48 -118.65 -2.17 curveto
-118.17 -2.86 -115.99 -4 -115.07 -4.8 curveto
-114.14 -5.6 -111.65 -7.09 -111.13 -8.35 curveto
-110.61 -9.61 -109.07 -12.9 -108.38 -13.43 curveto
-107.69 -13.96 -106.21 -16.45 -105.52 -17.05 curveto
-104.83 -17.65 -107.57 -18.57 -107.79 -19.52 curveto
-108.01 -20.48 -106.34 -20.57 -105.02 -20.9 curveto
-103.7 -21.23 -100.16 -22.28 -99.32 -22.94 curveto
-98.48 -23.61 -96.85 -24.21 -96.27 -25.25 curveto
-95.69 -26.3 -95.7 -27.16 -95 -27.84 curveto
-94.3 -28.51 -92.28 -27.6 -91.35 -27.53 curveto
-90.41 -27.46 -88.76 -27.32 -87.04 -27.27 curveto
-85.32 -27.22 -84.75 -26.62 -84.14 -27.01 curveto
-83.54 -27.4 -82.28 -28.05 -81.75 -28.38 curveto
-81.22 -28.7 -80.1 -28.92 -79.55 -28.6 curveto
-78.99 -28.27 -77.66 -27.12 -76.37 -27.03 curveto
-75.08 -26.93 -72.93 -26.71 -71.33 -25.94 curveto
-69.73 -25.18 -67.82 -24.61 -67.2 -24.21 curveto
-66.58 -23.8 -66.43 -20.76 -66.39 -19.32 curveto
-66.35 -17.87 -66.45 -16.36 -66.24 -15.33 curveto
-66.02 -14.3 -66.13 -13.8 -64.51 -13.26 curveto
-62.89 -12.71 -60.64 -11.97 -59.39 -11.23 curveto
-58.14 -10.49 -56.45 -10.57 -55.16 -9.54 curveto
-53.88 -8.51 -52.71 -7.79 -51.79 -7.51 curveto
-50.87 -7.22 -48.37 -5.81 -47.77 -5.11 curveto
-47.17 -4.42 -46.9 -2.23 -46.75 -1.29 curveto
-46.6 -0.34 -46.15 1.42 -45.47 2.05 curveto
-44.8 2.68 -43.82 3.18 -43.39 3.21 curveto
-42.96 3.24 -42.45 1.47 -41.86 0.35 curveto
-41.27 -0.76 -40.13 -1.62 -39.18 -1.84 curveto
-38.22 -2.06 -37.71 -2.24 -37.71 -2.24 curveto
-37.71 -2.24 -37.18 -4.58 -36.01 -5.8 curveto
-34.84 -7.02 -33.95 -7.39 -32.43 -8.43 curveto
-30.91 -9.48 -29.22 -11.02 -27.92 -12.01 curveto
-26.62 -13 -24.72 -15.39 -22.84 -16.41 curveto
-20.97 -17.44 -20.48 -17.18 -18.89 -18.3 curveto
-17.3 -19.42 -14.65 -21.25 -13.77 -22.49 curveto
-12.89 -23.72 -11.85 -26.03 -11.63 -27.17 curveto
-11.4 -28.31 -11.21 -28.94 -10.65 -29.62 curveto
-10.1 -30.31 -10.16 -32.4 -10.72 -33.6 curveto
-11.28 -34.8 -12.32 -37.4 -12.33 -38.2 curveto
-12.35 -38.99 -12.44 -40.73 -12.97 -41.35 curveto
-13.51 -41.96 -14.87 -43.21 -15.31 -43.17 curveto
-15.74 -43.12 -18.77 -37.06 -18.77 -37.06 curveto
-18.77 -37.06 -20.92 -31.15 -20.88 -29.71 curveto
-20.84 -28.26 -23.88 -24 -24.65 -23.33 curveto
-25.42 -22.67 -28.87 -20.82 -30.79 -21.24 curveto
-32.71 -21.67 -34.06 -22.99 -34.5 -23.82 curveto
-34.95 -24.64 -37.31 -25.96 -37.88 -26.15 curveto
-38.44 -26.33 -39.49 -28.86 -40.15 -29.77 curveto
-40.81 -30.68 -42.16 -33.09 -42.66 -33.12 curveto
-43.17 -33.16 -46.75 -32.48 -47.63 -32.26 curveto
-48.51 -32.03 -53 -32.79 -54.4 -33.4 curveto
-55.8 -34.01 -57.67 -37.1 -57.77 -38.69 curveto
-57.87 -40.29 -58.32 -42.92 -58.3 -44.28 curveto
-58.27 -45.65 -57.83 -49.01 -57.23 -50.33 curveto
-56.64 -51.66 -56.64 -52.6 -55.53 -53.03 curveto
-54.42 -53.45 -52.87 -51.97 -51.99 -51.11 curveto
-51.11 -50.25 -49.9 -48 -49.58 -47.4 curveto
-49.26 -46.8 -49.62 -44.88 -49.91 -43.82 curveto
-50.2 -42.76 -50.8 -42.29 -50.91 -41.73 curveto
-51.03 -41.16 -50.48 -39.75 -49.69 -39.69 curveto
-48.9 -39.63 -46.88 -39.7 -46.94 -40.86 curveto
-47.01 -42.02 -46.81 -46.84 -46.92 -48.37 curveto
-47.03 -49.89 -47.37 -53.16 -47.31 -54.1 curveto
-47.24 -55.03 -47.99 -56.68 -47.98 -57.83 curveto
-47.97 -58.99 -48.78 -62.8 -49.08 -63.55 curveto
-49.39 -64.29 -50.91 -67.22 -51.74 -67.78 curveto
-52.56 -68.35 -53.73 -69.23 -54.16 -71.28 curveto
-54.59 -73.33 -54.77 -75.93 -57.38 -76.77 curveto
-59.99 -77.6 -66.07 -79.5 -67 -79.56 curveto
-67.93 -79.63 -71 -81.15 -72.53 -80.9 curveto
-74.06 -80.65 -77.03 -80.58 -77.4 -80.39 curveto
-77.78 -80.2 -78.76 -80.48 -80.44 -83.2 curveto
-82.12 -85.91 -83.2 -86.06 -84.28 -85.99 curveto
-85.37 -85.93 -88.32 -86 -88.92 -85.75 curveto
-89.51 -85.5 -92.43 -86.07 -92.74 -86.74 curveto
-93.06 -87.42 -92.55 -91.49 -92.2 -92.26 curveto
-91.86 -93.03 -90.3 -93.71 -89.53 -94.31 curveto
-88.77 -94.9 -87.97 -96 -88.04 -97.08 curveto
-88.1 -98.17 -87.87 -99.45 -86.77 -99.59 curveto
-85.68 -99.73 -83.21 -99.05 -81.88 -98.45 curveto
-80.55 -97.85 -79.51 -96.33 -78.15 -96.16 curveto
-76.79 -95.99 -75.16 -96.6 -74.19 -97.03 curveto
-73.22 -97.47 -72.6 -96.99 -71.95 -96.01 curveto
-71.3 -95.02 -69.09 -91.69 -67.99 -90.82 curveto
-66.9 -89.95 -64.77 -88.5 -63.12 -88.3 curveto
-61.47 -88.11 -59.9 -87.84 -58.04 -87.71 curveto
-56.17 -87.57 -54.65 -87.68 -53.78 -86.75 curveto
-52.91 -85.82 -52.09 -83.24 -50.59 -81.91 curveto
-49.1 -80.58 -47.78 -78.76 -47.53 -78.31 curveto
-47.27 -77.86 -47.43 -76.64 -48.09 -75.46 curveto
-48.75 -74.29 -49.75 -72.34 -49.51 -71.67 curveto
-49.27 -71 -50.24 -70.49 -50.27 -70.13 curveto
-50.3 -69.77 -47.71 -68.51 -46.3 -68.11 curveto
-44.88 -67.72 -40.53 -65.03 -39.78 -64.39 curveto
-39.03 -63.76 -37.75 -62.44 -37.58 -60.91 curveto
-37.4 -59.38 -37.81 -55.66 -37.75 -54.5 curveto
-37.68 -53.34 -37.71 -49.95 -37.48 -49.06 curveto
-37.26 -48.18 -36.66 -47.42 -38.17 -46.59 curveto
-39.67 -45.76 -41.15 -45.21 -41.64 -44.38 curveto
-42.13 -43.55 -43.33 -42.92 -43.46 -42.2 curveto
-43.58 -41.49 -44.25 -41.25 -44.25 -41.25 curveto
-44.25 -41.25 -40.87 -41.08 -39 -40.94 curveto
-37.13 -40.81 -32.34 -41.12 -30.98 -41.03 curveto
-29.61 -40.93 -29.14 -40.47 -26.94 -40.89 curveto
-24.75 -41.31 -22.13 -42.64 -21.46 -43.89 curveto
-20.79 -45.15 -20.08 -48.13 -19.97 -49.64 curveto
-19.86 -51.14 -19.33 -52.48 -19.23 -53.92 curveto
-19.12 -55.36 -18.6 -57.63 -18.86 -59.02 curveto
-19.12 -60.41 -20.45 -64.04 -21.19 -64.81 curveto
-21.93 -65.58 -22.11 -68.12 -22.36 -69.72 curveto
-22.6 -71.33 -22.45 -76.51 -21.99 -77.92 curveto
-21.53 -79.33 -20.56 -81.86 -20.5 -82.65 curveto
-20.45 -83.44 -20.58 -85.54 -20.58 -85.54 curveto
-21.77 -86.13 lineto stroke
newpath -21.57 -86.91 moveto
-20.22 -86.59 lineto
-20.22 -86.59 -19.3 -89.34 -19.19 -89.98 curveto
-19.07 -90.63 -19.4 -97.15 -19.7 -98.04 curveto
-20 -98.93 -21.29 -103.21 -22.18 -103.78 curveto
-23.08 -104.35 -27.58 -106.98 -28.29 -107.25 curveto
-28.99 -107.52 -31.95 -109.53 -35.85 -109.44 curveto
-39.75 -109.36 -40.58 -109.85 -40.58 -109.85 curveto stroke
newpath -45.73 -115.48 moveto
-45.73 -115.48 -41.96 -116.73 -40.14 -116.89 curveto
-38.33 -117.06 -35.65 -118.24 -36.1 -119.07 curveto
-36.54 -119.89 -37.16 -123.25 -37.67 -124.3 curveto
-38.17 -125.34 -44.77 -127.83 -45.72 -127.75 curveto
-46.66 -127.67 -52.79 -128.76 -54.14 -129 curveto
-55.5 -129.24 -57.77 -129.76 -59.05 -130.07 curveto
-60.32 -130.38 -62.02 -131.8 -62.63 -131.41 curveto
-63.23 -131.02 -64.96 -127.03 -65.13 -125.67 curveto
-65.3 -124.31 -65.99 -121.69 -66.19 -120.98 curveto stroke
newpath -66.19 -120.98 moveto
-69.16 -120.56 -71.48 -124.48 -72.76 -125.55 curveto
-74.04 -126.62 -77.02 -126.91 -78.67 -127.03 curveto
-80.31 -127.14 -84.63 -131.96 -86.32 -133.58 curveto
-88.01 -135.21 -90.68 -139.76 -90.68 -139.76 curveto stroke
newpath -90.68 -139.76 moveto
-90.68 -139.76 -85.41 -140.83 -83.18 -141.68 curveto
-80.96 -142.53 -77.61 -145.03 -73.95 -144.7 curveto
-70.3 -144.36 -65.76 -145.34 -64.05 -145.94 curveto
-62.35 -146.54 -59.85 -147.23 -57.7 -147.07 curveto
-55.54 -146.92 -48.71 -146.65 -46.91 -146.52 curveto
-45.12 -146.4 -42.6 -146.36 -41.19 -145.83 curveto
-39.78 -145.29 -35.33 -141.94 -33.45 -140.94 curveto
-31.57 -139.94 -28.84 -138.74 -26.53 -138.72 curveto
-24.22 -138.7 -20.57 -139.16 -18.61 -139.38 curveto
-16.64 -139.61 -15.83 -139.77 -14.7 -142.5 curveto
-13.57 -145.23 -12.85 -148.29 -13.29 -150.27 curveto
-13.74 -152.25 -13.02 -154.3 -12.9 -156.03 curveto
-12.78 -157.76 -12.98 -159 -11.34 -159.61 curveto
-9.71 -160.21 -8.9 -161.45 -8.27 -163.14 curveto
-7.64 -164.82 -6.1 -169.33 -5.88 -170.55 curveto
-5.65 -171.76 -4.88 -175.46 -5.12 -176.2 curveto
-5.35 -176.94 -7.43 -180.19 -8.05 -180.67 curveto
-8.66 -181.14 -12.61 -182.58 -13.65 -183.16 curveto
-14.69 -183.74 -15.62 -183.81 -15.76 -184.97 curveto
-15.89 -186.14 -15.74 -187.21 -16.76 -188.01 curveto
-17.79 -188.8 -20.8 -191.1 -21.5 -191.37 curveto
-22.2 -191.64 -24.22 -192.57 -24.85 -192.83 curveto
-25.49 -193.1 -26.35 -194.09 -26.85 -195.14 curveto
-27.36 -196.18 -28.9 -197.81 -29.6 -198.15 curveto stroke
newpath -29.55 -198.72 moveto
-29.55 -198.72 -24.55 -197.07 -23.78 -196.79 curveto
-23.01 -196.52 -21.99 -194.58 -21.04 -193.72 curveto
-20.1 -192.86 -19.14 -192.14 -17.71 -191.97 curveto
-16.28 -191.79 -14.62 -189.73 -14.21 -189.41 curveto
-13.8 -189.09 -10.46 -186.4 -9.69 -185.98 curveto
-8.93 -185.57 -7.07 -184.28 -6.45 -183.88 curveto
-5.83 -183.47 -3.74 -180.36 -3.16 -179.31 curveto
-2.59 -178.26 -2.78 -172.5 -2.76 -171.78 curveto
-2.74 -171.06 -2.98 -167.39 -3.2 -166.24 curveto
-3.43 -165.1 -6.04 -161.96 -6.55 -160.92 curveto
-7.06 -159.87 -9.14 -157.14 -9.28 -156.21 curveto
-9.41 -155.28 -9.1 -151.29 -8.93 -150.62 curveto
-8.76 -149.96 -8.77 -146.71 -8.56 -145.54 curveto
-8.36 -144.37 -8.35 -142.5 -8.39 -141.99 curveto
-8.42 -141.49 -7.2 -137.51 -6.36 -136.08 curveto
-5.53 -134.65 -3.7 -130.91 -2.79 -130.63 curveto
-1.87 -130.34 0.48 -128.88 1.84 -128.63 curveto
3.19 -128.39 4.44 -127.65 4.8 -128.71 curveto
5.17 -129.77 6.48 -133.07 6.71 -134.28 curveto
6.94 -135.49 7.4 -137.99 7.47 -138.99 curveto
7.54 -140 7.69 -142.08 6.94 -142.71 curveto
6.19 -143.34 3.53 -145.47 3.07 -146.01 curveto
2.6 -146.55 -0.78 -149.69 -1.33 -150.02 curveto
-1.88 -150.34 -3.55 -151.26 -3.55 -151.26 curveto stroke
newpath 3.54 -154.65 moveto
3.54 -154.65 5.12 -153.45 5.91 -153.47 curveto
6.71 -153.48 9.26 -153.88 10.04 -153.82 curveto
10.83 -153.77 12.93 -149.86 13.15 -148.9 curveto
13.37 -147.95 12.03 -145.31 11.54 -144.55 curveto
11.05 -143.79 10.33 -142.69 11.18 -141.55 curveto
12.04 -140.4 13.76 -138.05 14.44 -137.49 curveto
15.12 -136.94 17.42 -135.7 20.22 -135.57 curveto
23.02 -135.45 24.74 -134.24 26.2 -133.34 curveto
27.65 -132.44 31.36 -130.95 32.9 -130.26 curveto
34.44 -129.57 37.66 -127.16 39.04 -126.2 curveto
40.41 -125.23 43.99 -123.75 45.29 -122.86 curveto
46.6 -121.98 52.56 -117.37 53.71 -116.34 curveto
54.87 -115.32 62.56 -106.76 63.7 -105.53 curveto
64.84 -104.29 71.64 -95.43 72.76 -92.97 curveto
73.89 -90.51 75.64 -84.68 76.2 -83.41 curveto
76.76 -82.15 77.72 -77.46 78.29 -76.34 curveto
78.86 -75.21 79.49 -71.78 81.19 -70.36 curveto
82.89 -68.93 87.35 -65.66 88.13 -64.38 curveto
88.9 -63.09 91.94 -58.04 92.9 -57.32 curveto
93.86 -56.61 98.86 -51.85 100.4 -51.16 curveto
101.94 -50.47 107.87 -46.66 108.9 -45.93 curveto
109.93 -45.21 114.35 -39.26 114.66 -37.58 curveto
114.97 -35.9 116.46 -32.47 116.9 -31.57 curveto
117.34 -30.68 119.12 -29.32 120.84 -29.06 curveto
122.55 -28.79 127.88 -26.53 128.71 -26.04 curveto stroke
newpath 108.3 0.82 moveto
108.3 0.82 107.49 -0.03 106.75 -0.81 curveto
106.01 -1.59 103.89 -3.19 102.25 -4.53 curveto
100.61 -5.88 99.52 -5.67 98.42 -5.54 curveto
97.33 -5.4 93.25 -3.81 92.3 -3.66 curveto
91.35 -3.51 88.17 -2.36 86.43 -1.26 curveto
84.69 -0.15 82.45 0.84 81.15 1.91 curveto
79.85 2.97 80.71 4.98 81 6.09 curveto
81.28 7.19 82.25 8.78 83.04 9.77 curveto
83.84 10.77 85.26 11.08 86.65 11.83 curveto
88.04 12.58 89.61 14.79 90.23 15.27 curveto
90.84 15.74 94.05 19.21 95 20 curveto
95.95 20.79 97.76 22.71 98.51 23.27 curveto
99.27 23.83 100.2 25.99 100.48 27.02 curveto
100.77 28.05 102.04 29.44 103.64 31.29 curveto
105.24 33.14 106.78 33.82 107.46 34.38 curveto
108.14 34.93 112.9 38.95 113.97 40.26 curveto
115.03 41.56 115.54 43.4 115.17 45.54 curveto
114.8 47.68 113.47 51.19 112.95 52.31 curveto
112.44 53.43 109.2 59.33 108.92 60.25 curveto
108.64 61.17 107.48 64.19 106.64 65.79 curveto
105.81 67.39 104.98 69.78 103.78 71.43 curveto
102.58 73.07 100.34 78.11 99.3 79.55 curveto
98.26 80.99 98.16 82.35 98.15 83.51 curveto
98.14 84.66 98.97 86.16 100.43 86.99 curveto
101.88 87.82 104.7 90.83 105.42 91.82 curveto
106.14 92.81 106.38 95.57 106.55 97.18 curveto
106.73 98.78 105.37 99.55 104.06 100.68 curveto
102.75 101.82 102.11 103.79 100.85 105.15 curveto
99.6 106.5 98.69 108.1 97.73 109.4 curveto
96.77 110.71 95.28 114.43 94.39 115.67 curveto
93.51 116.91 91.49 119.94 90.61 121.18 curveto
89.72 122.42 88.77 125.67 88.54 126.88 curveto
88.31 128.1 89.2 129.89 89.55 131 curveto
89.91 132.11 90.96 134.64 90.6 136.64 curveto
90.25 138.64 87.95 139.49 86.41 140.75 curveto
84.88 142.02 82.12 144.28 81.31 145.53 curveto
80.5 146.78 77.03 147.91 75.37 148.81 curveto
73.72 149.7 71.03 150.89 69.84 152.4 curveto
68.64 153.9 68.93 155.95 68.05 158.06 curveto
67.18 160.17 67.22 161.54 67.39 163.22 curveto
67.56 164.89 67.59 168.51 67.01 169.48 curveto
66.44 170.45 65.62 172.78 65.37 175.29 curveto
65.12 177.8 67.15 178.6 68.34 179.12 curveto
69.53 179.64 71 180.33 71.87 181.33 curveto
72.74 182.33 74.16 182.73 75.85 183.35 curveto
77.54 183.98 82.4 183.48 82.4 183.48 curveto stroke
newpath 80.65 187.84 moveto
80.65 187.84 80.18 189.48 80.44 189.94 curveto
80.7 190.39 82.41 192.97 82.41 192.97 curveto stroke
newpath -118.87 2.88 moveto
-118.87 2.88 -119.27 4.36 -119.53 4.87 curveto
-119.8 5.38 -120.93 5.52 -120.93 5.52 curveto
-120.93 5.52 -120.89 5.97 -120.86 6.58 curveto
-120.83 7.18 -120.43 8.93 -119.9 8.97 curveto
-119.38 9.01 -119.1 8.28 -118.82 7.47 curveto
-118.54 6.67 -118.24 5.71 -118.19 5.04 curveto
-118.15 4.36 -118.87 2.88 -118.87 2.88 curveto closepath stroke
newpath -38.35 1.18 moveto
-38.35 1.18 -38.79 1.08 -39.5 1.55 curveto
-40.21 2.03 -40.33 3.53 -40.83 4.02 curveto
-41.32 4.51 -39.99 7.09 -39.75 7.86 curveto
-39.5 8.63 -38.75 10.71 -38.32 12.09 curveto
-37.9 13.47 -38.25 14.19 -38.92 15.19 curveto
-39.6 16.2 -43.16 18.8 -43.18 19.09 curveto
-43.21 19.39 -43.25 21.12 -43.03 22.27 curveto
-42.8 23.41 -42.6 27.2 -42.6 27.2 curveto
-42.6 27.2 -41.41 25.09 -40.92 24.6 curveto
-40.44 24.11 -38.03 25.27 -36.57 25.83 curveto
-35.11 26.39 -34.51 26.43 -33.39 26.51 curveto
-32.27 26.59 -29.22 29.99 -29.05 29.82 curveto
-28.4 29.11 -28.34 26.11 -28.25 24.91 curveto
-28.17 23.71 -28.46 22.56 -28.62 21.65 curveto
-28.78 20.73 -30.6 17.74 -31.28 16.86 curveto
-31.97 15.98 -32.71 13.75 -33.15 12.52 curveto
-33.59 11.28 -33.4 9.64 -33.4 8.59 curveto
-33.4 7.54 -34.04 5.02 -34.45 4.39 curveto
-34.85 3.76 -38.35 1.18 -38.35 1.18 curveto closepath stroke
showpage
%%EOF
