%!PS
%%BoundingBox: -52 -122 53 124 
%%HiResBoundingBox: -51.53 -121.83 52.90448 123.50249 
%%Creator: MetaPost 1.209
%%CreationDate: 2019.09.26:1811
%%Pages: 1
%%BeginProlog
%%EndProlog
%%Page: 1 1
 0 0 0 setrgbcolor 0 0.7 dtransform truncate idtransform setlinewidth pop
 [] 0 setdash 1 setlinecap 1 setlinejoin 10 setmiterlimit
newpath -43.43 121.12 moveto
-43.43 121.12 -42.59 120.56 -42.43 120.38 curveto
-42.26 120.19 -41.82 119.73 -41.68 119.67 curveto
-41.53 119.61 -41.28 119.87 -41.3 119.47 curveto
-41.31 119.07 -41.24 118.27 -41.46 117.98 curveto
-41.69 117.69 -42.06 117.04 -42.13 116.81 curveto
-42.2 116.59 -42.51 115.46 -42.62 115.25 curveto
-42.73 115.05 -42.85 114.4 -43.24 114.17 curveto
-43.64 113.93 -43.77 113.45 -43.83 113.32 curveto
-43.89 113.19 -44.32 111.76 -44.23 111.37 curveto
-44.14 110.98 -44.04 110 -44.02 109.78 curveto
-44 109.56 -43.91 108.5 -43.87 108.27 curveto
-43.83 108.04 -43.88 107.18 -43.94 107 curveto
-43.99 106.81 -44.11 106.33 -44.37 106.34 curveto
-44.62 106.36 -44.83 106.65 -44.96 106.74 curveto
-45.1 106.84 -45.11 106.93 -45.51 107.16 curveto
-45.91 107.4 -46.22 107.64 -46.28 107.73 curveto stroke
newpath -47.5 106.22 moveto
-47.5 106.22 -46.86 105.47 -46.65 105.4 curveto
-46.45 105.32 -45.8 104.96 -45.68 104.87 curveto
-45.57 104.77 -45.14 104.64 -44.82 104.76 curveto
-44.51 104.88 -44.09 104.85 -44 104.67 curveto
-43.91 104.5 -43.71 104.08 -43.57 104.04 curveto
-43.42 104 -43.04 103.78 -42.95 103.66 curveto
-42.87 103.54 -42.47 103.35 -43.11 103.41 curveto
-43.75 103.48 -42.81 103.1 -42.72 102.92 curveto
-42.64 102.75 -41.94 102.25 -41.76 102.09 curveto
-41.58 101.93 -40.94 101.35 -40.83 101.16 curveto
-40.72 100.97 -40.23 100.53 -40.15 100.41 curveto
-40.06 100.29 -39.62 99.95 -39.52 99.91 curveto
-39.43 99.86 -38.86 99.21 -38.8 99.07 curveto
-38.73 98.93 -37.79 98.34 -37.62 98.23 curveto
-37.45 98.12 -37.05 97.78 -36.95 97.64 curveto
-36.85 97.51 -36.55 97.25 -36.38 97.15 curveto
-36.21 97.06 -36.43 96.66 -36.33 96.34 curveto
-36.23 96.03 -35.97 95.33 -35.9 95.22 curveto
-35.84 95.12 -35.57 94.55 -35.38 94.2 curveto
-35.18 93.86 -34.75 93.25 -34.73 93.01 curveto
-34.71 92.78 -34.65 92.41 -34.63 92.3 curveto
-34.6 92.19 -34.44 91.66 -34.44 91.66 curveto
-34.44 91.66 -34.36 91.36 -34.29 91.23 curveto
-34.23 91.09 -34.09 90.54 -34.06 90.45 curveto stroke
newpath -31.61 92.61 moveto
-31.61 92.61 -32.04 93.31 -32.2 93.64 curveto
-32.35 93.97 -32.68 94.77 -32.82 94.92 curveto
-32.96 95.07 -33.29 95.95 -33.36 96.1 curveto
-33.43 96.26 -33.61 97.08 -33.62 97.22 curveto
-33.63 97.36 -33.55 98.02 -33.55 98.02 curveto
-33.55 98.02 -33.29 98.61 -33.19 98.63 curveto
-33.08 98.66 -32.83 99.15 -32.79 99.3 curveto
-32.75 99.45 -32.55 99.83 -32.34 99.92 curveto
-32.13 100.01 -31.23 100.42 -31.1 100.4 curveto
-30.97 100.37 -30.77 100.35 -30.59 100.37 curveto
-30.41 100.39 -30.28 100.51 -30.03 100.55 curveto
-29.78 100.59 -29.43 100.59 -29.28 100.51 curveto
-29.13 100.43 -28.85 100.3 -28.64 100.17 curveto
-28.43 100.05 -28.15 99.75 -27.97 99.58 curveto
-27.79 99.42 -27.56 99.2 -27.41 99.15 curveto
-27.26 99.09 -26.67 98.74 -26.43 98.57 curveto
-26.2 98.39 -25.73 97.98 -25.59 97.78 curveto
-25.44 97.57 -24.8 97.07 -24.63 96.98 curveto
-24.46 96.88 -23.31 96.19 -23.14 95.94 curveto
-22.98 95.68 -22.13 95.5 -21.96 95.43 curveto
-21.79 95.35 -21.51 95.02 -21.46 94.9 curveto
-21.41 94.77 -21.2 94.38 -21.04 94.21 curveto
-20.88 94.05 -20.33 93.34 -20.15 93.17 curveto
-19.97 93.01 -19.47 92.4 -19.33 92.15 curveto
-19.2 91.89 -18.61 91.16 -18.45 90.89 curveto
-18.28 90.62 -17.92 90.03 -17.8 89.68 curveto
-17.67 89.33 -17.63 88.85 -17.53 88.57 curveto
-17.43 88.29 -16.82 87.51 -16.66 87.33 curveto
-16.5 87.14 -15.92 85.93 -15.87 85.61 curveto
-15.83 85.29 -15.4 84.17 -15.42 83.74 curveto
-15.43 83.3 -15.12 82.03 -15.09 81.72 curveto
-15.06 81.42 -14.83 80.1 -14.78 79.87 curveto
-14.72 79.64 -14.71 78.94 -14.78 78.71 curveto
-14.85 78.49 -14.73 78.01 -14.64 77.77 curveto
-14.55 77.52 -14.33 76.71 -14.31 76.5 curveto
-14.29 76.28 -14.3 75.76 -14.28 75.63 curveto
-14.27 75.51 -14.26 73.74 -14.38 73.26 curveto
-14.5 72.78 -14.43 72.09 -14.41 71.79 curveto
-14.38 71.48 -14.46 70.99 -14.56 70.69 curveto
-14.66 70.39 -14.93 69.77 -15.04 69.64 curveto
-15.16 69.5 -16.05 68.8 -16.25 68.77 curveto
-16.44 68.73 -16.93 68.92 -17.06 69.13 curveto
-17.19 69.33 -17.58 69.66 -17.79 70 curveto
-18 70.35 -18.32 70.53 -18.51 70.81 curveto
-18.7 71.08 -19.31 71.47 -19.49 71.82 curveto
-19.66 72.17 -20.13 73.08 -20.27 73.23 curveto stroke
 [6 6 ] 0 setdash
newpath -31.61 92.61 moveto
-31.61 92.61 -28.61 87.54 -27.93 86.44 curveto
-27.25 85.35 -26.06 81.7 -25.53 80.74 curveto
-25.01 79.77 -23.71 76.57 -23.24 76.18 curveto
-22.78 75.79 -20.27 73.23 -20.27 73.23 curveto stroke
newpath -23.45 70.41 moveto
-23.45 70.41 -24.86 73.28 -25.7 74.51 curveto
-26.53 75.73 -28.72 79.15 -29.26 80.39 curveto
-29.81 81.64 -31.16 85.42 -32 86.64 curveto
-32.83 87.87 -34.06 90.45 -34.06 90.45 curveto stroke
newpath -46.28 107.73 moveto
-46.28 107.73 -48.9 110.59 -49.26 111.42 curveto stroke
newpath -51.18 110.24 moveto
-50.65 109.13 -47.5 106.22 -47.5 106.22 curveto stroke
 [] 0 setdash
newpath -23.45 70.41 moveto
-23.45 70.41 -22.98 69.46 -22.66 69.29 curveto
-22.34 69.12 -21.93 68.42 -21.77 68.22 curveto
-21.61 68.01 -21.2 67.76 -20.91 67.68 curveto
-20.61 67.6 -19.8 67.02 -19.64 66.87 curveto
-19.48 66.72 -19.09 66.22 -18.98 65.94 curveto
-18.86 65.66 -18.54 64.95 -18.56 64.55 curveto
-18.58 64.15 -18.76 63.37 -18.74 63.08 curveto
-18.71 62.8 -18.58 62.16 -18.49 61.98 curveto
-18.41 61.81 -17.74 60.8 -17.29 60.66 curveto
-16.84 60.52 -16.22 60 -15.71 60.01 curveto
-15.21 60.02 -14.21 60.58 -14.21 60.58 curveto
-14.21 60.58 -13.25 61.61 -12.55 61.89 curveto
-11.86 62.17 -10.45 62.62 -9.95 62.66 curveto
-9.45 62.71 -8.46 62.98 -7.9 62.81 curveto
-7.34 62.64 -6.72 62.52 -6.36 62.55 curveto
-6 62.58 -4.55 63 -4.16 63 curveto
-3.76 63 -2.65 62.78 -2.24 62.63 curveto
-1.83 62.49 -0.71 62.12 -0.19 61.95 curveto
0.33 61.78 3.06 62.02 3.61 61.96 curveto
4.16 61.9 5.53 61.56 6.23 61.77 curveto
6.93 61.98 8.59 62.45 9.04 62.71 curveto
9.49 62.97 11.05 63.62 11.29 63.86 curveto
11.52 64.1 12.15 64.66 12.68 64.78 curveto
13.22 64.9 15.39 65.68 16.15 65.64 curveto
16.91 65.6 18.7 65.8 18.97 65.68 curveto
19.23 65.56 20.09 65.21 20.26 64.54 curveto
20.43 63.87 21.08 62.66 21.36 62.33 curveto
21.65 61.99 22.66 60.78 22.86 60.22 curveto
23.05 59.66 23.59 58.12 23.76 57.81 curveto
23.93 57.5 27.11 51.06 27.44 50.3 curveto
27.76 49.53 29.58 46.22 29.71 45.91 curveto
29.85 45.6 30.87 43.52 31.34 43.13 curveto
31.8 42.74 32.74 41.2 32.99 40.79 curveto
33.25 40.37 35.44 37.64 35.94 36.93 curveto
36.44 36.22 36.54 35.18 36.61 34.35 curveto
36.68 33.53 37.1 31.76 37.46 30.99 curveto
37.82 30.23 38.36 27.89 38.6 27.23 curveto
38.84 26.57 39.33 24.77 39.27 23.86 curveto
39.2 22.95 39.76 21.99 40.07 21.04 curveto
40.37 20.09 41.88 15.46 42.22 14.84 curveto
42.57 14.22 43.28 12.3 43.61 11.53 curveto
43.93 10.76 44.56 9.05 44.7 8.27 curveto
44.84 7.49 45.75 6.7 44.99 5.8 curveto
44.24 4.9 42.57 4.68 41.77 4.68 curveto
40.97 4.68 39.76 4.53 38.92 4.21 curveto
38.08 3.88 35.43 3.24 34.42 2.82 curveto
33.41 2.4 31.28 1.49 30.33 1.19 curveto
29.38 0.88 26.59 -0.56 25.99 -0.8 curveto
25.4 -1.03 22.43 -1.74 21.6 -4.99 curveto
20.77 -8.25 19.86 -10.9 19.74 -11.2 curveto
19.62 -11.5 18.47 -15.54 18.22 -16 curveto
17.98 -16.46 17.32 -18.76 17.26 -18.94 curveto
17.21 -19.13 16.34 -21.96 16.07 -22.6 curveto
15.81 -23.23 15.45 -25.26 15.44 -26.01 curveto
15.44 -26.77 14.67 -29.09 14.67 -29.09 curveto
14.67 -29.09 13.54 -32.48 13.38 -32.78 curveto
13.23 -33.08 12.08 -35.18 11.76 -36 curveto
11.43 -36.82 10.23 -42.28 10.27 -42.75 curveto
10.31 -43.21 9.24 -46.96 9.09 -47.7 curveto
8.94 -48.44 8.25 -50.81 8.25 -50.81 curveto
8.25 -50.81 6.79 -53.08 6.5 -53.5 curveto
6.22 -53.92 5.8 -54.94 5.87 -55.29 curveto
5.94 -55.65 6.32 -61.86 6.36 -62.29 curveto
6.4 -62.72 6.88 -65.17 6.86 -65.83 curveto
6.85 -66.48 6.47 -67.45 6.71 -69.34 curveto
6.96 -71.24 7.12 -72.63 7.08 -73.43 curveto
7.05 -74.23 7.03 -75.6 7.07 -76.03 curveto
7.11 -76.46 7.31 -80.31 7.37 -80.92 curveto
7.42 -81.53 7.43 -85.18 7.43 -85.58 curveto
7.43 -85.98 7.79 -88 7.91 -88.57 curveto
8.04 -89.14 8.01 -91.27 8 -91.99 curveto
8 -92.72 7.92 -93.92 8.35 -94.6 curveto
8.77 -95.29 9.11 -95.84 10.02 -95.94 curveto
10.94 -96.03 13.06 -96.31 13.4 -96.43 curveto
13.73 -96.54 15 -96.5 15.16 -96.66 curveto
15.32 -96.83 15.3 -97.81 15.27 -98.28 curveto
15.24 -98.75 15.61 -101.29 15.62 -101.75 curveto
15.62 -102.22 16.03 -103.89 16.03 -104.36 curveto
16.04 -104.83 16.22 -106.47 15.98 -107.4 curveto
15.74 -108.32 15.76 -109.37 15.82 -110.02 curveto
15.88 -110.66 16.2 -112.29 16.2 -112.69 curveto
16.2 -113.09 15.72 -114.51 15.92 -114.82 curveto
16.13 -115.12 16.71 -115.54 16.76 -115.72 curveto
16.82 -115.89 16.8 -116.47 16.71 -116.7 curveto stroke
newpath 19.87 -118.47 moveto
19.87 -118.47 19.83 -118.04 20.4 -118.02 curveto
20.98 -118.01 22.38 -117.88 22.77 -117.88 curveto
23.17 -117.88 25.34 -117.46 25.62 -117.44 curveto
25.91 -117.41 27.54 -116.69 27.89 -116.55 curveto
28.24 -116.41 29.23 -116.17 29.87 -116.08 curveto
30.51 -115.98 32.57 -115.58 33.25 -115.55 curveto
33.93 -115.53 35.13 -115.24 35.52 -115.5 curveto
35.9 -115.75 35.99 -116.32 35.99 -116.32 curveto stroke
 [6 6 ] 0 setdash
newpath 35.99 -116.32 moveto
35.99 -116.32 37.73 -118.41 37.94 -119.11 curveto stroke
newpath 16.71 -116.7 moveto
14.87 -119.61 lineto stroke
newpath 18.22 -121.48 moveto
18.13 -120.47 19.87 -118.47 19.87 -118.47 curveto stroke
 [] 0 setdash
newpath 39.53 -113.55 moveto
38.9 -112.95 38.28 -111.63 38.34 -110.76 curveto
38.41 -109.89 38.18 -105.72 38.12 -105.07 curveto
38.07 -104.43 37.13 -102.06 37.77 -101.13 curveto
38.41 -100.2 39.29 -99.47 39.75 -98.99 curveto stroke
 [6 6 ] 0 setdash
newpath 42.11 -115.7 moveto
40.9 -115.09 39.53 -113.55 39.53 -113.55 curveto stroke
 [] 0 setdash
newpath 29.31 -99.43 moveto
29.31 -99.43 31.01 -99.79 31.89 -99.93 curveto
32.76 -100.07 33.13 -100.9 33.32 -101.46 curveto
33.52 -102.02 32.98 -104.16 32.5 -104.42 curveto
32.02 -104.68 29.9 -107.62 29.65 -108 curveto
29.39 -108.38 27.01 -111.56 26.76 -112.02 curveto
26.51 -112.48 24.6 -113.66 24.06 -114.14 curveto
23.53 -114.63 21.78 -115.22 20.84 -115.23 curveto
19.9 -115.25 20.03 -113.5 19.75 -112.73 curveto
19.46 -111.96 19.57 -109.93 19.51 -109.28 curveto
19.45 -108.64 19.79 -105.93 19.88 -105.34 curveto
19.97 -104.76 19.22 -101.28 19.19 -100.92 curveto
19.16 -100.56 18.81 -97.41 18.42 -96.29 curveto
18.03 -95.17 19.32 -95.92 20.19 -95.92 curveto
21.05 -95.91 23.95 -96.8 24.43 -97.27 curveto
24.9 -97.73 29.31 -99.43 29.31 -99.43 curveto closepath stroke
newpath 33.81 -92.38 moveto
33.81 -92.38 34.01 -93.81 33.56 -94.35 curveto
33.1 -94.9 32.4 -95.11 31.19 -94.56 curveto
29.99 -94.02 26.99 -92.77 26.61 -92.59 curveto
26.23 -92.41 23.78 -91.62 23.36 -91.01 curveto
22.95 -90.39 20.14 -89.63 18.71 -89.83 curveto
17.28 -90.03 15.9 -90.81 15.1 -90.73 curveto
14.29 -90.66 13.07 -90.78 12.82 -89.64 curveto
12.57 -88.51 12.71 -84.52 12.58 -83.88 curveto
12.45 -83.24 12.34 -77.25 12.27 -76.46 curveto
12.2 -75.68 12.88 -71.21 12.8 -70.27 curveto
12.71 -69.34 11.96 -61.1 12.06 -59 curveto
12.16 -56.89 11.45 -55.44 13.44 -52.66 curveto
15.43 -49.87 18.3 -43.98 18.53 -43.38 curveto
18.77 -42.78 21.4 -31.04 21.4 -31.04 curveto
21.4 -31.04 22.93 -25.63 23.38 -25.01 curveto
23.83 -24.39 26.92 -17.02 27.11 -15.92 curveto
27.3 -14.82 30.67 -9.67 31.15 -8.68 curveto
31.64 -7.7 31.62 -6.62 31.53 -5.68 curveto
31.45 -4.75 32.09 -3.83 33.13 -3.37 curveto
34.18 -2.91 38.6 -1.43 39.94 -1.02 curveto
41.27 -0.61 44.2 0.6 45.08 1.26 curveto
45.96 1.91 49.43 2.73 50.28 2.96 curveto
51.13 3.18 53.53 3.83 52.12 5.8 curveto
50.71 7.77 50.21 10.9 50.12 11.83 curveto
50.04 12.77 48.76 17.28 48.01 18.29 curveto
47.27 19.31 42.15 31.06 41.53 33.1 curveto
40.91 35.14 38.15 41.68 37.63 42.65 curveto
37.11 43.61 34.67 49.83 34.27 51.02 curveto
33.88 52.21 29.78 60.01 27.54 62.34 curveto
25.31 64.67 24.89 66.94 23.96 68.38 curveto
23.04 69.81 22.59 71.58 20.37 72.18 curveto
18.14 72.77 15.47 72.67 13.82 72.52 curveto
12.17 72.37 8.91 72.5 7.51 72.81 curveto
6.1 73.11 6.64 74.39 4.38 72.96 curveto
2.13 71.52 -0.53 70.49 -2.67 70.15 curveto
-4.81 69.82 -6.6 68.86 -8.13 69.74 curveto
-9.65 70.61 -10.15 72.08 -9.92 73.55 curveto
-9.69 75.02 -10.49 78.27 -10.58 79.2 curveto
-10.66 80.14 -12.11 89.76 -13.92 91.41 curveto
-15.73 93.05 -19.01 94.2 -19.7 95.43 curveto
-20.39 96.67 -22.9 98.04 -23.23 98.44 curveto
-23.55 98.84 -26.11 100.78 -26.66 101.31 curveto
-27.22 101.84 -28.93 103.27 -29.68 103.56 curveto
-30.43 103.86 -31.23 104.73 -31.81 103.88 curveto
-32.38 103.03 -33.41 101.56 -33.96 101.23 curveto
-34.51 100.89 -35.28 99.8 -36.18 100.15 curveto
-37.08 100.5 -38.39 101.33 -38.71 101.73 curveto
-39.04 102.14 -41.18 104.26 -41.56 104.44 curveto
-41.94 104.62 -42.32 106.54 -42.37 107.05 curveto
-42.41 107.55 -42.33 109.95 -42.37 110.38 curveto
-42.41 110.81 -41.97 112.37 -41.75 113.04 curveto
-41.52 113.71 -40.73 114.51 -40.42 115.11 curveto
-40.12 115.72 -39.87 116.18 -39.46 116.43 curveto
-39.05 116.68 -38.35 116.96 -38.05 116.85 curveto
-37.75 116.73 -36.8 116.67 -36.8 116.67 curveto
-36.86 118.04 lineto stroke
 0 0.24501 dtransform truncate idtransform setlinewidth pop
newpath -44.73997 111.59 moveto
-41.94002 111.59 lineto stroke
 0.24501 0 dtransform exch truncate exch idtransform pop setlinewidth
newpath -43.34 110.19002 moveto
-43.34 112.98997 lineto stroke
 0.00002 0.00018 0.00114 setrgbcolor
newpath -42.77998 111.59 moveto
-42.77998 111.73853 -42.83899 111.88095 -42.94402 111.98598 curveto
-43.04904 112.091 -43.19147 112.15001 -43.34 112.15001 curveto
-43.48853 112.15001 -43.63095 112.091 -43.73598 111.98598 curveto
-43.841 111.88095 -43.90001 111.73853 -43.90001 111.59 curveto
-43.90001 111.44147 -43.841 111.29904 -43.73598 111.19402 curveto
-43.63095 111.08899 -43.48853 111.02998 -43.34 111.02998 curveto
-43.19147 111.02998 -43.04904 111.08899 -42.94402 111.19402 curveto
-42.83899 111.29904 -42.77998 111.44147 -42.77998 111.59 curveto closepath fill
 0 0 0 setrgbcolor 0 0.35 dtransform truncate idtransform setlinewidth pop
newpath -43.34 111.59 moveto 0 0 rlineto stroke
 0 0.24501 dtransform truncate idtransform setlinewidth pop
newpath -36.63998 97.53 moveto
-33.84003 97.53 lineto stroke
 0.24501 0 dtransform exch truncate exch idtransform pop setlinewidth
newpath -35.24 96.13002 moveto
-35.24 98.92998 lineto stroke
 0.00002 0.00018 0.00114 setrgbcolor
newpath -34.68 97.53 moveto
-34.68 97.67853 -34.739 97.82095 -34.84402 97.92598 curveto
-34.94905 98.031 -35.09148 98.09001 -35.24 98.09001 curveto
-35.38853 98.09001 -35.53096 98.031 -35.63599 97.92598 curveto
-35.74101 97.82095 -35.80002 97.67853 -35.80002 97.53 curveto
-35.80002 97.38147 -35.74101 97.23904 -35.63599 97.13402 curveto
-35.53096 97.02899 -35.38853 96.96999 -35.24 96.96999 curveto
-35.09148 96.96999 -34.94905 97.02899 -34.84402 97.13402 curveto
-34.739 97.23904 -34.68 97.38147 -34.68 97.53 curveto closepath fill
 0 0 0 setrgbcolor 0 0.35 dtransform truncate idtransform setlinewidth pop
newpath -35.24 97.53 moveto 0 0 rlineto stroke
 0 0.24501 dtransform truncate idtransform setlinewidth pop
newpath -16.19998 90.25 moveto
-13.40002 90.25 lineto stroke
 0.24501 0 dtransform exch truncate exch idtransform pop setlinewidth
newpath -14.8 88.85002 moveto
-14.8 91.64998 lineto stroke
 0.00002 0.00018 0.00114 setrgbcolor
newpath -14.23999 90.25 moveto
-14.23999 90.39853 -14.299 90.54095 -14.40402 90.64598 curveto
-14.50905 90.751 -14.65147 90.81001 -14.8 90.81001 curveto
-14.94853 90.81001 -15.09096 90.751 -15.19598 90.64598 curveto
-15.30101 90.54095 -15.36002 90.39853 -15.36002 90.25 curveto
-15.36002 90.10147 -15.30101 89.95905 -15.19598 89.85402 curveto
-15.09096 89.749 -14.94853 89.68999 -14.8 89.68999 curveto
-14.65147 89.68999 -14.50905 89.749 -14.40402 89.85402 curveto
-14.299 89.95905 -14.23999 90.10147 -14.23999 90.25 curveto closepath fill
 0 0 0 setrgbcolor 0 0.35 dtransform truncate idtransform setlinewidth pop
newpath -14.8 90.25 moveto 0 0 rlineto stroke
 0 0.24501 dtransform truncate idtransform setlinewidth pop
newpath 3.65002 64.15 moveto
6.44998 64.15 lineto stroke
 0.24501 0 dtransform exch truncate exch idtransform pop setlinewidth
newpath 5.05 62.75002 moveto
5.05 65.54997 lineto stroke
 0.00002 0.00018 0.00114 setrgbcolor
newpath 5.61002 64.15 moveto
5.61002 64.29852 5.55101 64.44095 5.44598 64.54597 curveto
5.34096 64.651 5.19853 64.71 5.05 64.71 curveto
4.90147 64.71 4.75905 64.651 4.65402 64.54597 curveto
4.549 64.44095 4.48999 64.29852 4.48999 64.15 curveto
4.48999 64.00146 4.549 63.85904 4.65402 63.75401 curveto
4.75905 63.64899 4.90147 63.58998 5.05 63.58998 curveto
5.19853 63.58998 5.34096 63.64899 5.44598 63.75401 curveto
5.55101 63.85904 5.61002 64.00146 5.61002 64.15 curveto closepath fill
 0 0 0 setrgbcolor 0 0.35 dtransform truncate idtransform setlinewidth pop
newpath 5.05 64.15 moveto 0 0 rlineto stroke
 0 0.24501 dtransform truncate idtransform setlinewidth pop
newpath 38.25002 35.8 moveto
41.04997 35.8 lineto stroke
 0.24501 0 dtransform exch truncate exch idtransform pop setlinewidth
newpath 39.65 34.40002 moveto
39.65 37.19998 lineto stroke
 0.00002 0.00018 0.00114 setrgbcolor
newpath 40.21 35.8 moveto
40.21 35.94853 40.151 36.09096 40.04597 36.19598 curveto
39.94095 36.30101 39.79852 36.36002 39.65 36.36002 curveto
39.50146 36.36002 39.35904 36.30101 39.25401 36.19598 curveto
39.14899 36.09096 39.08998 35.94853 39.08998 35.8 curveto
39.08998 35.65147 39.14899 35.50905 39.25401 35.40402 curveto
39.35904 35.299 39.50146 35.23999 39.65 35.23999 curveto
39.79852 35.23999 39.94095 35.299 40.04597 35.40402 curveto
40.151 35.50905 40.21 35.65147 40.21 35.8 curveto closepath fill
 0 0 0 setrgbcolor 0 0.35 dtransform truncate idtransform setlinewidth pop
newpath 39.65 35.8 moveto 0 0 rlineto stroke
 0 0.24501 dtransform truncate idtransform setlinewidth pop
newpath 24.74002 -3.56 moveto
27.53998 -3.56 lineto stroke
 0.24501 0 dtransform exch truncate exch idtransform pop setlinewidth
newpath 26.14 -4.95998 moveto
26.14 -2.16002 lineto stroke
 0.00002 0.00018 0.00114 setrgbcolor
newpath 26.70001 -3.56 moveto
26.70001 -3.41147 26.641 -3.26904 26.53598 -3.16402 curveto
26.43095 -3.05899 26.28853 -2.99998 26.14 -2.99998 curveto
25.99147 -2.99998 25.84904 -3.05899 25.74402 -3.16402 curveto
25.63899 -3.26904 25.57999 -3.41147 25.57999 -3.56 curveto
25.57999 -3.70853 25.63899 -3.85095 25.74402 -3.95598 curveto
25.84904 -4.061 25.99147 -4.12001 26.14 -4.12001 curveto
26.28853 -4.12001 26.43095 -4.061 26.53598 -3.95598 curveto
26.641 -3.85095 26.70001 -3.70853 26.70001 -3.56 curveto closepath fill
 0 0 0 setrgbcolor 0 0.35 dtransform truncate idtransform setlinewidth pop
newpath 26.14 -3.56 moveto 0 0 rlineto stroke
 0 0.24501 dtransform truncate idtransform setlinewidth pop
newpath 7.50002 -54.64 moveto
10.29997 -54.64 lineto stroke
 0.24501 0 dtransform exch truncate exch idtransform pop setlinewidth
newpath 8.9 -56.03998 moveto
8.9 -53.24002 lineto stroke
 0.00002 0.00018 0.00114 setrgbcolor
newpath 9.46 -54.64 moveto
9.46 -54.49147 9.401 -54.34904 9.29597 -54.24402 curveto
9.19095 -54.13899 9.04852 -54.07999 8.9 -54.07999 curveto
8.75146 -54.07999 8.60904 -54.13899 8.50401 -54.24402 curveto
8.39899 -54.34904 8.33998 -54.49147 8.33998 -54.64 curveto
8.33998 -54.78853 8.39899 -54.93095 8.50401 -55.03598 curveto
8.60904 -55.141 8.75146 -55.20001 8.9 -55.20001 curveto
9.04852 -55.20001 9.19095 -55.141 9.29597 -55.03598 curveto
9.401 -54.93095 9.46 -54.78853 9.46 -54.64 curveto closepath fill
 0 0 0 setrgbcolor 0 0.35 dtransform truncate idtransform setlinewidth pop
newpath 8.9 -54.64 moveto 0 0 rlineto stroke
 0 0.24501 dtransform truncate idtransform setlinewidth pop
newpath 15.46002 -91.94 moveto
18.25998 -91.94 lineto stroke
 0.24501 0 dtransform exch truncate exch idtransform pop setlinewidth
newpath 16.86 -93.33998 moveto
16.86 -90.54002 lineto stroke
 0.00002 0.00018 0.00114 setrgbcolor
newpath 17.42001 -91.94 moveto
17.42001 -91.79147 17.36101 -91.64905 17.25598 -91.54402 curveto
17.15096 -91.439 17.00853 -91.37999 16.86 -91.37999 curveto
16.71147 -91.37999 16.56905 -91.439 16.46402 -91.54402 curveto
16.359 -91.64905 16.29999 -91.79147 16.29999 -91.94 curveto
16.29999 -92.08853 16.359 -92.23096 16.46402 -92.33598 curveto
16.56905 -92.44101 16.71147 -92.50002 16.86 -92.50002 curveto
17.00853 -92.50002 17.15096 -92.44101 17.25598 -92.33598 curveto
17.36101 -92.23096 17.42001 -92.08853 17.42001 -91.94 curveto closepath fill
 0 0 0 setrgbcolor 0 0.35 dtransform truncate idtransform setlinewidth pop
newpath 16.86 -91.94 moveto 0 0 rlineto stroke
 0 0.24501 dtransform truncate idtransform setlinewidth pop
newpath -44.04997 121.98 moveto
-41.25002 121.98 lineto stroke
 0.24501 0 dtransform exch truncate exch idtransform pop setlinewidth
newpath -42.65 120.58002 moveto
-42.65 123.37997 lineto stroke
 0.00002 0.00018 0.00114 setrgbcolor
newpath -42.08998 121.98 moveto
-42.08998 122.12852 -42.14899 122.27095 -42.25401 122.37598 curveto
-42.35904 122.481 -42.50146 122.54001 -42.65 122.54001 curveto
-42.79852 122.54001 -42.94095 122.481 -43.04597 122.37598 curveto
-43.151 122.27095 -43.21 122.12852 -43.21 121.98 curveto
-43.21 121.83147 -43.151 121.68904 -43.04597 121.58401 curveto
-42.94095 121.47899 -42.79852 121.41998 -42.65 121.41998 curveto
-42.50146 121.41998 -42.35904 121.47899 -42.25401 121.58401 curveto
-42.14899 121.68904 -42.08998 121.83147 -42.08998 121.98 curveto closepath fill
 0 0 0 setrgbcolor 0 0.35 dtransform truncate idtransform setlinewidth pop
newpath -42.65 121.98 moveto 0 0 rlineto stroke
 0 0.24501 dtransform truncate idtransform setlinewidth pop
newpath -44.27998 104.94 moveto
-41.48003 104.94 lineto stroke
 0.24501 0 dtransform exch truncate exch idtransform pop setlinewidth
newpath -42.88 103.54002 moveto
-42.88 106.33998 lineto stroke
 0.00002 0.00018 0.00114 setrgbcolor
newpath -42.31999 104.94 moveto
-42.31999 105.08853 -42.379 105.23096 -42.48402 105.33598 curveto
-42.58905 105.44101 -42.73148 105.50002 -42.88 105.50002 curveto
-43.02853 105.50002 -43.17096 105.44101 -43.27599 105.33598 curveto
-43.38101 105.23096 -43.44002 105.08853 -43.44002 104.94 curveto
-43.44002 104.79147 -43.38101 104.64905 -43.27599 104.54402 curveto
-43.17096 104.439 -43.02853 104.37999 -42.88 104.37999 curveto
-42.73148 104.37999 -42.58905 104.439 -42.48402 104.54402 curveto
-42.379 104.64905 -42.31999 104.79147 -42.31999 104.94 curveto closepath fill
 0 0 0 setrgbcolor 0 0.35 dtransform truncate idtransform setlinewidth pop
newpath -42.88 104.94 moveto 0 0 rlineto stroke
 0 0.24501 dtransform truncate idtransform setlinewidth pop
newpath -31.65997 102.67 moveto
-28.86002 102.67 lineto stroke
 0.24501 0 dtransform exch truncate exch idtransform pop setlinewidth
newpath -30.26 101.27002 moveto
-30.26 104.06998 lineto stroke
 0.00002 0.00018 0.00114 setrgbcolor
newpath -29.69998 102.67 moveto
-29.69998 102.81853 -29.75899 102.96095 -29.86401 103.06598 curveto
-29.96904 103.171 -30.11147 103.23001 -30.26 103.23001 curveto
-30.40852 103.23001 -30.55095 103.171 -30.65598 103.06598 curveto
-30.761 102.96095 -30.82 102.81853 -30.82 102.67 curveto
-30.82 102.52147 -30.761 102.37904 -30.65598 102.27402 curveto
-30.55095 102.16899 -30.40852 102.10999 -30.26 102.10999 curveto
-30.11147 102.10999 -29.96904 102.16899 -29.86401 102.27402 curveto
-29.75899 102.37904 -29.69998 102.52147 -29.69998 102.67 curveto closepath fill
 0 0 0 setrgbcolor 0 0.35 dtransform truncate idtransform setlinewidth pop
newpath -30.26 102.67 moveto 0 0 rlineto stroke
 0 0.24501 dtransform truncate idtransform setlinewidth pop
newpath -12.45998 68.17 moveto
-9.66002 68.17 lineto stroke
 0.24501 0 dtransform exch truncate exch idtransform pop setlinewidth
newpath -11.06 66.77002 moveto
-11.06 69.56998 lineto stroke
 0.00002 0.00018 0.00114 setrgbcolor
newpath -10.49998 68.17 moveto
-10.49998 68.31853 -10.55899 68.46095 -10.66402 68.56598 curveto
-10.76904 68.671 -10.91147 68.73001 -11.06 68.73001 curveto
-11.20853 68.73001 -11.35095 68.671 -11.45598 68.56598 curveto
-11.561 68.46095 -11.62001 68.31853 -11.62001 68.17 curveto
-11.62001 68.02147 -11.561 67.87904 -11.45598 67.77402 curveto
-11.35095 67.66899 -11.20853 67.60999 -11.06 67.60999 curveto
-10.91147 67.60999 -10.76904 67.66899 -10.66402 67.77402 curveto
-10.55899 67.87904 -10.49998 68.02147 -10.49998 68.17 curveto closepath fill
 0 0 0 setrgbcolor 0 0.35 dtransform truncate idtransform setlinewidth pop
newpath -11.06 68.17 moveto 0 0 rlineto stroke
 0 0.24501 dtransform truncate idtransform setlinewidth pop
newpath 19.54002 70.63 moveto
22.33998 70.63 lineto stroke
 0.24501 0 dtransform exch truncate exch idtransform pop setlinewidth
newpath 20.94 69.23003 moveto
20.94 72.02998 lineto stroke
 0.00002 0.00018 0.00114 setrgbcolor
newpath 21.50002 70.63 moveto
21.50002 70.77853 21.44101 70.92096 21.33598 71.02599 curveto
21.23096 71.13101 21.08853 71.19002 20.94 71.19002 curveto
20.79147 71.19002 20.64905 71.13101 20.54402 71.02599 curveto
20.439 70.92096 20.37999 70.77853 20.37999 70.63 curveto
20.37999 70.48148 20.439 70.33905 20.54402 70.23402 curveto
20.64905 70.129 20.79147 70.06999 20.94 70.06999 curveto
21.08853 70.06999 21.23096 70.129 21.33598 70.23402 curveto
21.44101 70.33905 21.50002 70.48148 21.50002 70.63 curveto closepath fill
 0 0 0 setrgbcolor 0 0.35 dtransform truncate idtransform setlinewidth pop
newpath 20.94 70.63 moveto 0 0 rlineto stroke
 0 0.24501 dtransform truncate idtransform setlinewidth pop
newpath 49.80002 4.51 moveto
52.59998 4.51 lineto stroke
 0.24501 0 dtransform exch truncate exch idtransform pop setlinewidth
newpath 51.2 3.11002 moveto
51.2 5.90997 lineto stroke
 0.00002 0.00018 0.00114 setrgbcolor
newpath 51.76001 4.51 moveto
51.76001 4.65852 51.701 4.80095 51.59598 4.90598 curveto
51.49095 5.011 51.34853 5.07 51.2 5.07 curveto
51.05147 5.07 50.90904 5.011 50.80402 4.90598 curveto
50.69899 4.80095 50.63998 4.65852 50.63998 4.51 curveto
50.63998 4.36147 50.69899 4.21904 50.80402 4.11401 curveto
50.90904 4.00899 51.05147 3.94998 51.2 3.94998 curveto
51.34853 3.94998 51.49095 4.00899 51.59598 4.11401 curveto
51.701 4.21904 51.76001 4.36147 51.76001 4.51 curveto closepath fill
 0 0 0 setrgbcolor 0 0.35 dtransform truncate idtransform setlinewidth pop
newpath 51.2 4.51 moveto 0 0 rlineto stroke
 0 0.24501 dtransform truncate idtransform setlinewidth pop
newpath 16.08002 -32.98 moveto
18.87997 -32.98 lineto stroke
 0.24501 0 dtransform exch truncate exch idtransform pop setlinewidth
newpath 17.48 -34.37997 moveto
17.48 -31.58002 lineto stroke
 0.00002 0.00018 0.00114 setrgbcolor
newpath 18.04001 -32.98 moveto
18.04001 -32.83147 17.981 -32.68904 17.87598 -32.58401 curveto
17.77095 -32.47899 17.62852 -32.41998 17.48 -32.41998 curveto
17.33147 -32.41998 17.18904 -32.47899 17.08401 -32.58401 curveto
16.97899 -32.68904 16.91998 -32.83147 16.91998 -32.98 curveto
16.91998 -33.12852 16.97899 -33.27095 17.08401 -33.37598 curveto
17.18904 -33.481 17.33147 -33.54001 17.48 -33.54001 curveto
17.62852 -33.54001 17.77095 -33.481 17.87598 -33.37598 curveto
17.981 -33.27095 18.04001 -33.12852 18.04001 -32.98 curveto closepath fill
 0 0 0 setrgbcolor 0 0.35 dtransform truncate idtransform setlinewidth pop
newpath 17.48 -32.98 moveto 0 0 rlineto stroke
 0 0.24501 dtransform truncate idtransform setlinewidth pop
newpath 10.61002 -93.66 moveto
13.40997 -93.66 lineto stroke
 0.24501 0 dtransform exch truncate exch idtransform pop setlinewidth
newpath 12.01 -95.05998 moveto
12.01 -92.26003 lineto stroke
 0.00002 0.00018 0.00114 setrgbcolor
newpath 12.57 -93.66 moveto
12.57 -93.51147 12.511 -93.36905 12.40598 -93.26402 curveto
12.30095 -93.159 12.15852 -93.09999 12.01 -93.09999 curveto
11.86147 -93.09999 11.71904 -93.159 11.61401 -93.26402 curveto
11.50899 -93.36905 11.44998 -93.51147 11.44998 -93.66 curveto
11.44998 -93.80853 11.50899 -93.95096 11.61401 -94.05598 curveto
11.71904 -94.16101 11.86147 -94.22002 12.01 -94.22002 curveto
12.15852 -94.22002 12.30095 -94.16101 12.40598 -94.05598 curveto
12.511 -93.95096 12.57 -93.80853 12.57 -93.66 curveto closepath fill
 0 0 0 setrgbcolor 0 0.35 dtransform truncate idtransform setlinewidth pop
newpath 12.01 -93.66 moveto 0 0 rlineto stroke
 0 0.24501 dtransform truncate idtransform setlinewidth pop
newpath 34.09003 -99.08 moveto
36.88998 -99.08 lineto stroke
 0.24501 0 dtransform exch truncate exch idtransform pop setlinewidth
newpath 35.49 -100.47998 moveto
35.49 -97.68002 lineto stroke
 0.00002 0.00018 0.00114 setrgbcolor
newpath 36.05002 -99.08 moveto
36.05002 -98.93147 35.99101 -98.78905 35.88599 -98.68402 curveto
35.78096 -98.579 35.63853 -98.51999 35.49 -98.51999 curveto
35.34148 -98.51999 35.19905 -98.579 35.09402 -98.68402 curveto
34.989 -98.78905 34.93 -98.93147 34.93 -99.08 curveto
34.93 -99.22853 34.989 -99.37096 35.09402 -99.47598 curveto
35.19905 -99.58101 35.34148 -99.64001 35.49 -99.64001 curveto
35.63853 -99.64001 35.78096 -99.58101 35.88599 -99.47598 curveto
35.99101 -99.37096 36.05002 -99.22853 36.05002 -99.08 curveto closepath fill
 0 0 0 setrgbcolor 0 0.35 dtransform truncate idtransform setlinewidth pop
newpath 35.49 -99.08 moveto 0 0 rlineto stroke
showpage
%%EOF
