%!PS
%%BoundingBox: -87 -70 84 69 
%%HiResBoundingBox: -86.21251 -69.52124 83.63472 68.81464 
%%Creator: MetaPost 1.209
%%CreationDate: 2019.09.26:1811
%%Pages: 1
%%BeginProlog
%%EndProlog
%%Page: 1 1
 0 0 0 setrgbcolor 0 0.24501 dtransform truncate idtransform setlinewidth pop
 [] 0 setdash 1 setlinecap 1 setlinejoin 10 setmiterlimit
newpath -16.65 10.6 moveto
-16.65 10.6 -18.36 9.54 -18.44 10.44 curveto
-18.52 11.34 -19.22 13.98 -18.13 15.29 curveto
-17.04 16.59 -15.75 18.97 -14 19.58 curveto
-12.25 20.19 -9.59 22.39 -8.45 23.09 curveto
-7.3 23.8 -4.94 25.97 -3.51 26.85 curveto
-2.09 27.74 0.97 30.57 2.09 31.43 curveto
3.22 32.28 7.92 33.61 9.67 34.22 curveto
11.42 34.83 13.86 36.26 15.89 37.05 curveto
17.93 37.83 18.77 38.51 18.87 37.47 curveto
18.96 36.42 16.9 35.93 17.7 35.4 curveto
18.5 34.87 21.85 31.11 22.71 29.98 curveto
23.56 28.86 28.56 25.24 30.81 25.3 curveto
33.07 25.35 34.21 24.4 35.29 24.05 curveto
36.38 23.69 40.82 24.55 43.44 25.54 curveto
46.06 26.53 65.04 33.22 66.72 34.58 curveto stroke
newpath 44.98 35.17 moveto
44.98 35.17 41.42 34.54 40.13 33.82 curveto
38.84 33.1 34.56 30.46 33.19 30.63 curveto
31.82 30.81 26.67 34.41 26.43 35.44 curveto
26.19 36.47 25.26 38.35 25.86 40.06 curveto
25.96 40.34 24.1 39.6 24.1 39.6 curveto
24.1 39.6 22.93 39.06 22.33 39.99 curveto
21.54 41.17 21.23 41.3 22.21 42.14 curveto
23.19 42.98 23.4 43.9 23.06 44.32 curveto
22.72 44.75 19.57 44.61 18.88 43.94 curveto
18.19 43.28 13.3 40.73 12.28 40.33 curveto
12 40.23 10.56 41.08 11.22 42.05 curveto
11.89 43.01 14.92 44.49 16.17 45.66 curveto
17.42 46.82 19.28 51.21 19.52 53.49 curveto
19.77 55.77 19.85 61.5 18.6 63.65 curveto
17.35 65.79 16.28 67.66 14.41 68.39 curveto
12.53 69.12 8.06 68.57 4.36 66.27 curveto stroke
newpath 4.36 66.27 moveto
0.65 63.98 -6.68 60.15 -9.78 54.45 curveto
-12.88 48.75 -18.15 40.44 -19.6 38.2 curveto
-21.06 35.96 -22.27 31.03 -24.2 29.04 curveto
-26.12 27.06 -26.22 24.79 -27.33 23.79 curveto stroke
newpath -27.33 23.79 moveto
-27.33 23.79 -32.28 23.49 -37.68 24.96 curveto
-42.47 26.26 -47.12 34.35 -50.42 32.54 curveto
-53.72 30.73 -61.44 31.24 -64.39 30.52 curveto
-67.34 29.8 -74.05 29.04 -77.2 28.91 curveto stroke
newpath -82.1 -15.81 moveto
-82.1 -15.81 -80.73 -16.55 -81.28 -18.48 curveto
-81.83 -20.41 -81.95 -22.3 -86.09 -24.41 curveto stroke
newpath -84.54 -28.75 moveto
-84.54 -28.75 -83.24 -25.6 -79.68 -31.35 curveto
-76.12 -37.1 -74.71 -38.27 -73.62 -40.78 curveto
-72.52 -43.28 -70.71 -45.72 -71.08 -46.47 curveto
-71.44 -47.23 -73.58 -47.57 -73.15 -49.12 curveto
-72.72 -50.67 -72.33 -51.79 -73.83 -52.8 curveto
-75.33 -53.8 -79.23 -55.45 -78.97 -56.73 curveto
-78.71 -58.01 -73.66 -56.25 -72.7 -55.73 curveto
-71.73 -55.21 -69.45 -54.86 -70.34 -56.24 curveto
-71.22 -57.62 -77.24 -64.67 -77.38 -66.28 curveto
-77.52 -67.88 -78.58 -68.99 -77.97 -69.36 curveto
-77.35 -69.74 -73.53 -67.23 -72.35 -65.96 curveto
-71.16 -64.7 -69.48 -59.34 -68.49 -59.11 curveto
-67.5 -58.87 -63.72 -59.11 -62.61 -58.57 curveto
-61.5 -58.04 -59.24 -55.81 -57.38 -55.64 curveto
-55.51 -55.47 -48.41 -49.33 -46.52 -47.86 curveto
-44.63 -46.39 -36.84 -41.35 -33.74 -38.9 curveto
-30.64 -36.45 -20.22 -30.15 -17.47 -28.6 curveto
-14.72 -27.05 -0.73 -18.7 2.32 -17.26 curveto
5.37 -15.83 9.4 -12.43 13.29 -10.63 curveto
17.17 -8.83 26.95 -6.64 30.2 -5.77 curveto
33.44 -4.9 37.68 -3.79 40.12 -3.57 curveto
42.56 -3.35 45.19 -2.1 47.13 -1.2 curveto
49.08 -0.3 52.73 2.49 55.13 3.14 curveto
57.52 3.79 65.18 7.09 67.84 8.05 curveto
70.5 9.02 75.76 11.52 77.33 11.8 curveto
78.89 12.09 78.77 10.2 79.31 10.68 curveto
79.84 11.16 79.18 13.71 80.33 13.81 curveto
81.47 13.92 83.59 14.54 83.51 15.4 curveto
83.43 16.26 83.68 18.31 82.09 18.31 curveto
80.5 18.31 79.47 18.5 78.96 17.74 curveto
78.45 16.97 77.02 16.84 75.2 16.09 curveto
73.39 15.35 67.02 12.31 65.05 11.7 curveto
63.08 11.09 61.12 10.33 61.03 11.34 curveto
60.94 12.34 63.38 14.15 64.45 15.12 curveto
65.52 16.08 69.52 19.77 70.76 20.46 curveto
72 21.15 72.91 22.25 72.43 22.78 curveto
71.95 23.32 66.74 21.69 65.13 20.38 curveto
63.51 19.08 61.23 17.14 60.37 17.06 curveto
59.51 16.98 56.44 17.28 55.99 15.94 curveto
55.53 14.6 56.13 12.77 54.8 13.09 curveto
53.47 13.4 52.94 14.51 49.08 12.42 curveto
45.22 10.34 40.86 8.93 39.63 8.24 curveto
38.39 7.55 36.08 5.84 35.01 8.06 curveto
34.76 8.58 30.89 10.48 29.39 9.48 curveto
27.89 8.48 23.84 8.54 22.4 8.41 curveto
20.97 8.28 18.72 7.65 17.93 6.71 curveto
17.15 5.77 14.73 5.4 13.75 5.03 curveto
12.77 4.65 9.86 3.23 8.86 3.14 curveto
7.86 3.05 6.68 4.29 5.24 4.49 curveto
3.8 4.7 -2.13 1.56 -3.11 1.18 curveto
-4.09 0.81 -4.8 2.33 -4.8 2.33 curveto stroke
newpath -5.72 1.24 moveto
-5.72 1.24 -4.67 -0.69 -6.49 -1.44 curveto
-8.3 -2.18 -11.58 -4.21 -13.33 -4.08 curveto
-15.08 -3.95 -19.67 -2.77 -20.32 -1.97 curveto
-20.97 -1.16 -20.77 -0.13 -21.69 0.37 curveto stroke
newpath -2.28 -0.76 moveto
-2.28 -0.76 0.61 -1.51 1.34 -1.59 curveto
2.07 -1.67 3.7 -1.38 4.11 -1.05 curveto
4.51 -0.73 6.01 0.28 6.34 0.67 curveto
6.66 1.06 7.01 2.03 6.34 2.26 curveto
5.66 2.49 5.36 2.68 4.45 2.38 curveto
3.53 2.08 1.3 1.22 0.46 0.86 curveto
-0.37 0.49 -2.28 -0.76 -2.28 -0.76 curveto closepath stroke
newpath -71.24 -20.75 moveto
-71.24 -20.75 -70.64 -20.19 -68.94 -19.03 curveto
-67.24 -17.86 -60.28 -17.3 -56.73 -15.75 curveto
-53.19 -14.2 -42.35 -14.88 -41.07 -14.69 curveto
-39.78 -14.5 -37.34 -11.97 -35.55 -10.94 curveto
-33.77 -9.91 -27.57 -4.94 -26.23 -3.73 curveto
-24.89 -2.53 -23.73 -1.77 -23.73 -2.64 curveto
-23.72 -3.5 -19.75 -5.02 -18.63 -5.43 curveto
-17.51 -5.83 -13.72 -7.8 -12.3 -7.46 curveto
-10.89 -7.11 -5.17 -2.4 -4.07 -1.79 curveto
-2.97 -1.19 -2.61 -1.88 -2.3 -2.14 curveto
-1.99 -2.4 0.93 -2.64 2.2 -2.38 curveto
3.48 -2.12 6.19 -0.86 7.31 0.25 curveto
8.44 1.36 9.86 0.84 10.66 0.84 curveto
11.45 0.84 11.85 2.04 13.43 2.97 curveto
15.01 3.91 16.09 3.07 17.41 3.62 curveto
18.72 4.16 19.06 4.64 19.62 5.63 curveto
20.18 6.62 21.77 6.69 23.19 6.97 curveto
24.61 7.24 26.37 6.97 28.65 7.32 curveto
30.93 7.67 32.75 6.75 34.08 5.64 curveto
35.41 4.53 31.2 3.86 28.79 3.35 curveto
26.38 2.85 23.77 2.9 23.15 3.42 curveto
22.52 3.94 20.79 2.34 19.42 1.49 curveto
18.05 0.65 13.76 -3.07 11.11 -4.18 curveto
8.47 -5.28 -2.02 -10.86 -4.6 -12.69 curveto
-7.18 -14.51 -14 -17.44 -15.85 -19.34 curveto
-17.7 -21.25 -24.14 -23.57 -26.81 -24.39 curveto
-29.49 -25.21 -34.22 -28.82 -36.96 -32.1 curveto
-39.7 -35.39 -46.41 -39.47 -49.15 -41.16 curveto
-51.89 -42.85 -56.92 -46.35 -59.02 -48.71 curveto
-61.12 -51.07 -63.19 -52.12 -63.28 -51.12 curveto
-63.37 -50.11 -63.53 -46.8 -64.34 -44.27 curveto
-65.15 -41.74 -64.4 -36.26 -66.89 -32.07 curveto
-70.47 -26.03 -74.25 -25.8 -74.25 -25.8 curveto
-75.69 -24.34 lineto
-74.51 -22.93 lineto
-72.59 -23.48 lineto
 closepath stroke
newpath 26.91 -3.03 moveto
26.91 -3.03 39.06 0.09 40.45 0.8 curveto
41.83 1.5 49.32 4.93 50.43 5.46 curveto
51.54 6 54.83 8.03 55.97 8.13 curveto
57.12 8.24 60.57 11.32 58.77 11.44 curveto
56.97 11.55 54.48 11.9 52.78 11.46 curveto
51.09 11.01 38.5 3.08 36.56 2.18 curveto
34.62 1.28 26.91 -3.03 26.91 -3.03 curveto closepath stroke
newpath -11.77 24.9 moveto
-11.3 24.72 -10.01 25.36 -9.25 26.11 curveto
-8.48 26.85 -5.81 28.9 -4.95 29.43 curveto
-4.1 29.96 -0.4 32.41 0.6 32.95 curveto
1.61 33.49 3.94 35.21 5 35.91 curveto
6.07 36.61 5.82 36.89 4.77 36.79 curveto
3.73 36.7 2.12 36.17 1.79 35.62 curveto
1.46 35.06 -0.89 33.57 -1.95 32.87 curveto
-3.02 32.17 -5.64 30.35 -6.79 29.79 curveto
-7.95 29.24 -10.7 27.18 -11.18 26.69 curveto
-11.66 26.19 -12.24 25.08 -11.77 24.9 curveto closepath stroke
showpage
%%EOF
