%!PS
%%BoundingBox: -128 -204 129 203 
%%HiResBoundingBox: -127.76001 -203.47 128.0925 202.05 
%%Creator: MetaPost 1.209
%%CreationDate: 2019.09.26:1811
%%Pages: 1
%%BeginProlog
%%EndProlog
%%Page: 1 1
 0 0 0 setrgbcolor 0 0.7 dtransform truncate idtransform setlinewidth pop
 [] 0 setdash 1 setlinecap 1 setlinejoin 10 setmiterlimit
newpath 126.25 -203.12 moveto
126.25 -203.12 123.71 -203.06 122.38 -202.68 curveto
121.04 -202.29 119.96 -200.8 119.03 -200.01 curveto
118.09 -199.23 114.98 -195.98 113.83 -195.21 curveto
112.67 -194.45 110.41 -191.84 105.48 -191.63 curveto
100.53 -191.43 97.33 -188.09 97.31 -187.08 curveto
97.29 -186.07 97.25 -181.44 96.99 -180.16 curveto
96.74 -178.88 94.93 -174.72 93.21 -173.29 curveto
92.54 -172.73 91.49 -171.06 90.53 -170.93 curveto
89.58 -170.8 86.41 -170.15 85.35 -169.67 curveto
84.29 -169.19 80.26 -167.89 79.53 -167.81 curveto
78.8 -167.73 74.92 -163.1 74.09 -161.87 curveto
73.25 -160.65 71.25 -155.4 71.14 -154.17 curveto
71.03 -152.96 70.67 -152.26 70.67 -152.26 curveto
70.35 -152.65 lineto
70.35 -152.65 70.57 -151.05 70.2 -151.01 curveto
69.84 -150.97 68.39 -151.03 67.86 -151.58 curveto
67.34 -152.13 66.74 -152.76 66.74 -152.76 curveto
66.98 -155.42 lineto stroke
newpath 59.46 -154.59 moveto
58.88 -153.77 58.54 -152.43 58.85 -151.82 curveto
59.16 -151.22 60.63 -150.26 60.73 -150.28 curveto
61.91 -150.53 63.23 -150.16 63.34 -150.33 curveto
63.67 -150.81 65.44 -151.94 65.08 -151.98 curveto
64.72 -152.01 64.52 -154.63 64.52 -154.63 curveto stroke
newpath 54.27 -123.45 moveto
54.94 -122.88 55.98 -122.35 57.79 -121.68 curveto
59.61 -121.01 61.25 -120.72 62.31 -121.28 curveto
63.38 -121.84 63.01 -122.59 63.01 -122.59 curveto
63.01 -122.59 63.61 -122.83 63.73 -123.4 curveto
63.85 -123.96 65.96 -127.25 66.84 -128.98 curveto
67.72 -130.71 68.41 -134.34 68.47 -135.05 curveto
68.54 -135.77 66.91 -137 66.91 -137 curveto
66.91 -137 67.39 -138.32 67.32 -138.34 curveto
66.47 -138.56 63.81 -137.07 62.2 -136.85 curveto
60.59 -136.63 57.74 -137.9 56.91 -138.34 curveto
56.08 -138.77 55.79 -140.39 55.55 -140.92 curveto
55.31 -141.45 55.63 -142.65 55.63 -142.65 curveto
54.25 -143.28 lineto
53.53 -143.41 lineto
53.29 -143.87 lineto
53.87 -143.96 lineto
53.59 -144.78 lineto
53.59 -144.78 54.21 -145.31 54.57 -145.27 curveto
54.93 -145.24 56.42 -144.17 56.45 -144.45 curveto
56.47 -144.74 57.22 -146.55 57.69 -146.94 curveto
58.16 -147.33 59.48 -148.37 59.82 -148.99 curveto
60.17 -149.61 59.46 -149.82 58.63 -150.18 curveto
57.79 -150.55 57.36 -151.31 57.22 -152.98 curveto
57.08 -154.66 57.95 -154.65 57.95 -154.65 curveto stroke
newpath 33.26 -100.65 moveto
33.72 -100.18 35.51 -97.63 36.13 -97.28 curveto
36.75 -96.94 37.11 -96.18 37.11 -96.18 curveto
37.11 -96.18 38.24 -96.58 39.07 -96.94 curveto
39.9 -97.3 43.04 -98.31 43.88 -98.81 curveto
44.72 -99.32 48.31 -102.97 49.3 -103.6 curveto
50.3 -104.23 53.2 -105.92 53.85 -106.65 curveto
54.49 -107.39 55.76 -110.23 56.14 -111.28 curveto
56.53 -112.33 57.74 -113.81 58.42 -114.91 curveto
59.09 -116 58.1 -117.03 57.38 -117.82 curveto
56.65 -118.6 53.22 -119.85 53.22 -119.85 curveto stroke
newpath 8.76 -64.75 moveto
9.51 -64.97 11.3 -66.4 12.01 -67.13 curveto
12.73 -67.86 15.27 -71.25 16.09 -72.26 curveto
16.9 -73.27 19.12 -76.26 19.82 -76.77 curveto
20.51 -77.29 22.23 -78.65 22.92 -79.89 curveto
23.61 -81.13 27.33 -84.77 28.17 -85.2 curveto
29 -85.63 34.06 -90.45 34.34 -91.15 curveto
34.62 -91.85 34.26 -92.68 34.15 -93.05 curveto
34.04 -93.42 33.27 -94.5 33.27 -94.5 curveto
33.77 -94.46 lineto
33.77 -94.46 33.14 -95.46 32.77 -96.14 curveto
32.4 -96.83 28.95 -100.97 28.95 -100.97 curveto stroke
newpath -28.28 22.54 moveto
-28.28 22.54 -27.18 21.62 -26.56 21.17 curveto
-25.94 20.73 -24.22 18.5 -23.48 17.48 curveto
-22.73 16.46 -23.18 15.77 -23.1 14.91 curveto
-23.02 14.05 -22.24 13.47 -21.65 12.51 curveto
-21.06 11.56 -19.59 8.94 -19.37 8.09 curveto
-19.15 7.25 -18.78 2.36 -18.78 2.36 curveto
-18.25 2.12 lineto
-18.25 2.12 -20.7 -1.21 -21.02 -1.74 curveto
-21.33 -2.28 -25.4 -6.12 -26.27 -6.92 curveto
-27.13 -7.73 -28.63 -8.27 -28.96 -10.78 curveto
-29.04 -11.44 -29.04 -12.24 -29.04 -12.24 curveto
-30 -12.04 lineto
-30.98 -10.75 lineto
-31.11 -10.11 lineto
-31.11 -10.11 -31.66 -9.73 -32.29 -9.13 curveto
-32.92 -8.54 -34.13 -7.2 -34.13 -7.2 curveto
-34.13 -7.2 -36.97 -6.09 -37.69 -6.15 curveto
-38.41 -6.22 -39.94 -6.86 -39.49 -7.9 curveto
-39.03 -8.95 -36.54 -14.15 -35.64 -15.3 curveto
-34.74 -16.44 -24.34 -22.66 -22.45 -24.37 curveto
-20.56 -26.08 -19.18 -28.55 -18.01 -30.25 curveto
-16.84 -31.96 -14.98 -36.55 -14.42 -37.95 curveto
-13.86 -39.34 -9.52 -42.49 -8.42 -43.48 curveto
-7.32 -44.46 -3.13 -46.76 -3.13 -46.76 curveto
-3.12 -46.03 lineto
-3.12 -46.03 -2.68 -46.93 -2.12 -47.53 curveto
-1.56 -48.13 2.98 -51.11 3.36 -51.37 curveto
3.75 -51.62 5.2 -52.5 5.24 -52.93 curveto
5.28 -53.36 5.53 -53.77 5.53 -53.77 curveto
5.53 -53.77 4.57 -53.57 3.26 -53.4 curveto
1.94 -53.23 -0.83 -53.7 -0.83 -53.7 curveto stroke
newpath -45.54 44.61 moveto
-45.76 46.26 lineto
-46.14 46.44 lineto
-45.78 48.06 lineto
-45.91 48.7 lineto
-45.91 48.7 -45.09 49.28 -43.81 50.26 curveto
-42.52 51.25 -39.24 54.07 -37.58 55.73 curveto
-35.92 57.4 -35.35 59.42 -31.82 58.5 curveto
-30.19 58.08 -27.23 55.62 -25.92 54.66 curveto
-24.6 53.69 -22.61 50.82 -22.36 49.68 curveto
-22.12 48.54 -22.5 47.28 -23.77 46.07 curveto
-25.03 44.87 -23.64 42.25 -23.12 41.36 curveto
-22.6 40.47 -19.87 36.6 -18.94 35.17 curveto
-18.02 33.73 -13.17 30.49 -13.17 30.49 curveto
-13.64 30.01 lineto
-13.64 30.01 -11.39 29.13 -11.18 28.43 curveto
-10.97 27.73 -13.32 24.91 -13.32 24.91 curveto
-12.56 25.34 lineto
-12.56 25.34 -12.77 24.46 -13.62 23.44 curveto
-14.47 22.42 -15.91 23.95 -17.74 25.01 curveto
-19.56 26.08 -20.54 24.11 -20.54 24.11 curveto
-20.54 24.11 -18.22 22.37 -17.57 21.56 curveto
-16.91 20.75 -17.2 19.93 -17.9 19.72 curveto
-18.6 19.51 -18.51 16.92 -18.51 16.92 curveto
-18.51 16.92 -19.32 17.86 -19.81 18.46 curveto
-20.3 19.07 -21.46 19.18 -22.62 20.02 curveto
-23.78 20.85 -27.15 24.45 -27.15 24.45 curveto stroke
newpath -76.41 43.83 moveto
-76.41 43.83 -73.04 44.14 -71.66 44.92 curveto
-70.29 45.7 -69.39 46.21 -69.39 46.21 curveto
-69.43 46.64 lineto
-68.72 46.78 lineto
-68.72 46.78 -67.12 47.5 -66.39 48.22 curveto
-65.66 48.94 -64.85 49.52 -64.85 49.52 curveto
-64.98 50.16 lineto
-64.98 50.16 -63.97 50.97 -63.58 51.44 curveto
-63.19 51.91 -62.51 52.41 -62.51 52.41 curveto
-62.51 52.41 -60.63 51.57 -59.64 51 curveto
-58.65 50.44 -54.43 49.38 -53.4 49.18 curveto
-52.37 48.98 -51.12 48.74 -50.53 48.72 curveto
-49.95 48.7 -51.94 48.23 -52.16 47.49 curveto stroke
newpath -50.74 47.03 moveto
-50.74 47.03 -49.95 47.9 -49.92 48.34 curveto
-49.89 48.77 -47.99 47.79 -47.95 47.36 curveto
-47.91 46.93 -47.94 46.42 -47.8 45.71 curveto stroke
newpath -110.14 103.41 moveto
-109.58 102.81 -106.34 98.91 -104.58 97.91 curveto
-102.83 96.91 -97.46 92.7 -97.16 91.79 curveto
-96.87 90.87 -95.65 86.14 -95.37 84.72 curveto
-95.1 83.29 -93.44 81.78 -93.44 81.78 curveto stroke
newpath -127.41 153.52 moveto
-127.38 153.23 -126.41 151.22 -126.05 150.46 curveto
-125.69 149.69 -122.07 144.81 -121.47 143.86 curveto
-120.88 142.9 -118.01 137.52 -117.21 136.65 curveto
-116.41 135.79 -115.27 132.78 -115.27 132.78 curveto
-115.27 132.78 -114.89 133.55 -114.82 133.47 curveto
-114.18 132.74 -112.24 128.14 -111.99 126.94 curveto
-111.73 125.73 -111.32 118.04 -111.1 115.6 curveto
-110.88 113.16 -112.45 111.36 -113.47 109.9 curveto
-114.5 108.43 -117.78 107.99 -117.78 107.99 curveto stroke
newpath -67.57 195.1 moveto
-66.97 194.8 -64.73 194.06 -64.09 193.4 curveto
-63.45 192.73 -60.8 191.45 -60.49 190.47 curveto
-60.18 189.48 -61.37 188.14 -61.57 187.25 curveto
-61.78 186.36 -62.29 184 -62.54 182.82 curveto
-62.79 181.63 -63.69 181.19 -64.65 180.53 curveto
-65.6 179.86 -68.22 179.27 -69.14 179.04 curveto
-70.07 178.81 -72.92 177.62 -73.87 177.68 curveto
-74.82 177.74 -75.94 178.94 -76.62 179.24 curveto
-77.29 179.54 -79.97 179.58 -81.27 179.54 curveto
-82.57 179.49 -90.37 178.78 -90.37 178.78 curveto
-90.37 178.78 -92.75 178.78 -94.22 178.21 curveto
-95.68 177.65 -95.86 175.68 -96.17 175.08 curveto
-96.48 174.47 -98.79 168.05 -99.31 166.63 curveto
-99.84 165.21 -102.88 165.58 -103.69 162.18 curveto
-104 160.85 -102.72 157.06 -102.24 155.73 curveto
-101.76 154.4 -101.25 148.73 -101.25 148.73 curveto
-100.37 148.59 lineto
-100.37 148.59 -102.38 145.3 -103.18 143.78 curveto
-103.98 142.26 -105.26 142 -105.26 142 curveto
-105.26 142 -105.37 142.49 -105.51 142.41 curveto
-106.13 142.06 -106.39 141.68 -106.9 140.98 curveto
-107.42 140.28 -108.99 139.28 -110.03 139.62 curveto
-111.07 139.95 -113 142.82 -113.58 143.63 curveto
-114.16 144.45 -116.42 148.72 -116.95 149.69 curveto
-117.47 150.66 -119.89 155.07 -119.89 155.07 curveto stroke
newpath -57.17 201.7 moveto
-57.84 201.06 -58.8 197.29 -58.99 197.85 curveto
-59.19 198.41 -62.75 200.18 -62.75 200.18 curveto stroke
newpath -36.7 186.9 moveto
-36.7 186.9 -37.05 187.52 -37.93 188.46 curveto
-38.81 189.39 -43.43 191.66 -44.49 192.14 curveto
-45.55 192.63 -48.2 193.11 -49.54 193.5 curveto
-50.88 193.88 -52.12 195.58 -52.12 195.58 curveto
-50.65 199.26 lineto stroke
newpath -92.9 125.34 moveto
-92.9 125.34 -94.27 127.6 -94.74 128.86 curveto
-95.22 130.11 -95.24 133.58 -95.92 136.34 curveto
-96.61 139.1 -95.49 141.88 -95.01 142.93 curveto
-94.53 143.99 -94.25 147.34 -94.25 147.34 curveto
-94.25 147.34 -95.11 146.54 -95.07 146.76 curveto
-94.82 148.01 -94.87 152.63 -94.83 153.79 curveto
-94.79 154.96 -94.94 157.47 -95.26 158.53 curveto
-95.57 159.59 -94.48 161.21 -92.62 161.37 curveto
-90.75 161.54 -88.51 160.73 -87.53 160.24 curveto
-86.54 159.75 -83.1 160.14 -82.11 160.31 curveto
-81.11 160.47 -79.05 160.81 -77.8 161.28 curveto
-76.55 161.76 -74.84 165.23 -74.66 166.41 curveto
-74.47 167.58 -73.64 172.71 -73.31 173.9 curveto
-72.99 175.08 -71.35 175.37 -71.35 175.37 curveto
-71.12 176.04 lineto
-71.12 176.04 -70.68 175.94 -69.95 175.86 curveto
-69.21 175.78 -63.03 177.85 -61.64 178.48 curveto
-60.25 179.11 -58.2 182.85 -57.71 183.84 curveto
-57.22 184.83 -54.97 185.61 -54.23 186.19 curveto
-53.49 186.76 -50.75 185.42 -50.75 185.42 curveto
-47.01 183.22 lineto stroke
newpath -93.4 165.21 moveto
-93.4 165.21 -94.16 166.37 -93.76 167.63 curveto
-93.37 168.9 -92.66 173.87 -91.87 174.74 curveto
-91.09 175.6 -88.78 176.39 -85.42 176.77 curveto
-82.07 177.15 -78.6 177.97 -78.37 176.26 curveto
-78.14 174.54 -77.72 170.68 -77.95 169.29 curveto
-78.19 167.89 -78.57 164.96 -80.31 164.37 curveto
-82.06 163.77 -87.7 164.57 -89.07 164.51 curveto
-92.33 164.39 -93.4 165.21 -93.4 165.21 curveto closepath stroke
newpath 21.35 -56.82 moveto
21.35 -56.82 22.4 -59.69 22.53 -60.33 curveto
22.66 -60.97 24.43 -64.57 24.07 -65.4 curveto
23.71 -66.23 22.99 -65.42 22.38 -65.12 curveto
21.78 -64.81 19.16 -61.43 18.52 -59.97 curveto
17.89 -58.51 14.8 -56.4 14.8 -56.4 curveto
15.63 -55.96 lineto
15.63 -55.96 13.65 -53.25 10.96 -48.29 curveto
8.26 -43.33 8.92 -38.65 9.16 -37.4 curveto
9.41 -36.15 9.32 -34.35 8.21 -34.02 curveto
7.09 -33.69 5.3 -34.58 4.85 -35.19 curveto
4.4 -35.81 5 -36.84 5 -36.84 curveto
5 -36.84 4.66 -36.29 3.83 -35.94 curveto
3.01 -35.58 2.84 -34.51 2.45 -33.46 curveto
2.07 -32.41 -0.37 -30.09 -1.76 -28.4 curveto
-3.14 -26.72 -7.83 -25.35 -8.63 -24.48 curveto
-9.43 -23.61 -10.13 -22.3 -10.13 -22.3 curveto
-9.04 -22.35 lineto
-9.04 -22.35 -9.09 -21.84 -9.37 -21.87 curveto
-9.66 -21.9 -11.8 -21.44 -12.77 -21.17 curveto
-13.73 -20.9 -15.6 -20.2 -15.6 -20.2 curveto
-16.35 -20.71 lineto
-18.6 -19.76 lineto
-18.6 -19.76 -18.67 -18.97 -19.41 -17.15 curveto
-20.16 -15.34 -19.68 -13.35 -19.25 -10.92 curveto
-18.82 -8.49 -17.13 -6.39 -16.68 -4.9 curveto
-16.24 -3.41 -15.13 -1.28 -15.13 -1.28 curveto
-15.13 -1.28 -13.48 -1.86 -13.14 -0.82 curveto
-12.8 0.23 -13.6 1.02 -14.39 0.95 curveto
-15.18 0.88 -15.07 1.25 -15.05 1.9 curveto
-15.04 2.56 -15.66 6.98 -15.57 8.37 curveto
-15.47 9.75 -15.41 13.08 -15.08 14.2 curveto
-14.75 15.31 -11.57 16.83 -11.57 16.83 curveto
-11.57 16.83 -10.99 13.63 -11.15 12.24 curveto
-11.32 10.85 -8.85 11.44 -8.85 11.44 curveto
-8.85 11.44 -8.2 12.22 -8.29 13.23 curveto
-8.38 14.23 -9.01 17.21 -8.98 18.52 curveto
-8.96 19.82 -8.69 23.24 -8.3 24.5 curveto
-7.9 25.76 -6.46 29.72 -6.8 30.34 curveto
-7.15 30.96 -8.59 30.9 -8.59 30.9 curveto
-7.45 31.08 lineto
-7.45 31.08 -11.54 34.83 -12.04 35.5 curveto
-12.53 36.18 -17.06 39.89 -17.71 40.7 curveto
-18.36 41.5 -20.61 42.61 -20.61 42.61 curveto
-20.61 42.61 -19.36 43.73 -18.84 44.36 curveto
-18.32 44.98 -16.78 47.22 -16.06 49.53 curveto
-15.33 51.84 -13.89 52.7 -13.29 53.26 curveto
-12.69 53.82 -11.45 54.59 -11.45 54.59 curveto
-11.45 54.59 -11.6 55.37 -12.07 55.76 curveto
-12.54 56.15 -14.09 54.92 -15.03 54.91 curveto
-15.97 54.9 -15.88 56.35 -16.6 56.29 curveto
-17.32 56.22 -20.34 59.28 -22.43 60.82 curveto
-24.52 62.35 -25.82 65.63 -26.54 66.43 curveto
-27.26 67.23 -31.14 70.86 -32.49 71.32 curveto
-33.84 71.78 -37.54 72.59 -37.7 72.07 curveto
-37.87 71.55 -37.93 70.6 -38.47 69.39 curveto
-39.01 68.18 -41.3 64.87 -42.03 63.43 curveto
-42.77 61.99 -44.58 59.66 -45.48 57.62 curveto
-46.38 55.59 -49 54.93 -50.58 54.79 curveto
-52.16 54.65 -55.25 54.51 -56.87 54.8 curveto
-58.49 55.09 -62.35 55.39 -63.05 55.98 curveto
-63.76 56.57 -64.47 58.74 -64.6 60.18 curveto
-64.73 61.61 -66.54 61.59 -67.09 62.91 curveto
-67.65 64.23 -70.38 64.85 -71.5 65.25 curveto
-72.62 65.65 -72.36 67.7 -72.24 68.72 curveto
-72.11 69.74 -72.73 73.52 -73.1 74.43 curveto
-73.47 75.34 -74.32 78.37 -74.02 79.85 curveto
-73.72 81.32 -73.94 84.48 -74.06 85.05 curveto
-74.18 85.62 -76.24 85.14 -77.07 85.5 curveto
-77.9 85.86 -80.16 87.6 -81.47 88.57 curveto
-82.79 89.53 -85.81 90.91 -85.7 91.36 curveto
-85.6 91.8 -87.34 97.57 -88.16 97.78 curveto
-88.97 98 -89.83 99.51 -90.11 100.28 curveto
-90.4 101.05 -92.44 102.82 -92.38 102.18 curveto
-92.32 101.53 -91.73 99.78 -91.43 98.79 curveto
-91.12 97.81 -92.22 97.14 -92.61 96.67 curveto
-93 96.2 -95.67 95.32 -95.33 95.56 curveto
-94.99 95.81 -96.38 97.49 -97.14 98.73 curveto
-97.9 99.96 -100.94 105.54 -101.69 106.7 curveto
-102.45 107.86 -102.51 108.51 -102.02 109.49 curveto
-101.53 110.47 -101.3 113.53 -101.06 115.57 curveto
-100.81 117.62 -102.95 122.84 -102.98 124 curveto
-103.01 125.15 -104.13 127.94 -104.13 127.94 curveto
-104.13 127.94 -103.36 128.22 -103.81 128.4 curveto
-104.26 128.58 -104.42 129.57 -104.21 130.39 curveto
-103.99 131.2 -101.14 129.22 -100.79 128.53 curveto
-100.44 127.84 -96.49 123.43 -96.49 123.43 curveto stroke
newpath 107.64 -160.26 moveto
106.93 -160.4 100.87 -160.59 100.87 -160.59 curveto
100.87 -160.59 99.59 -159.26 98.26 -158.15 curveto
96.93 -157.04 96.27 -156.15 95.72 -154.18 curveto
95.18 -152.2 94.12 -150.06 92.39 -147.68 curveto
90.66 -145.31 84.84 -144.9 82.4 -144.33 curveto
79.96 -143.77 77.44 -140.68 76.09 -138.56 curveto
74.74 -136.44 75.62 -133.32 76.12 -131.69 curveto
76.62 -130.05 74.69 -125.45 73.75 -124.67 curveto
72.82 -123.89 67.61 -119.07 66.7 -116.98 curveto
65.79 -114.89 66.36 -107.54 66.51 -106.01 curveto
66.66 -104.48 65.2 -98.76 63.88 -97.72 curveto
62.56 -96.68 62.48 -97.41 61.66 -98.79 curveto
60.99 -99.92 61.5 -105.64 60.29 -105.8 curveto
59.8 -105.87 58.97 -103.71 56.26 -102.24 curveto
55.12 -101.62 46.39 -94.67 45.32 -93.98 curveto
44.24 -93.28 40.35 -92.84 40.11 -91.78 curveto
39.87 -90.72 38.7 -88.94 38.05 -88.14 curveto
37.39 -87.33 35.61 -83.59 35.61 -83.59 curveto
33.59 -79.58 lineto
34.28 -80.09 lineto
34.28 -80.09 32.86 -74.73 32.99 -72.19 curveto
33.13 -69.65 31.36 -68.43 30.22 -67.81 curveto
29.08 -67.19 27.27 -65.55 26.67 -64.52 curveto
26.07 -63.49 25.24 -61.46 24.96 -59.97 curveto
24.68 -58.48 23.4 -56.28 23.4 -56.28 curveto stroke
newpath 123.14 -191.9 moveto
123.14 -191.9 126.21 -193.86 125.52 -194.22 curveto
124.83 -194.57 122.86 -194.46 121.66 -193.92 curveto
120.45 -193.38 116.17 -190.74 115.13 -189.68 curveto
114.1 -188.61 112.2 -183.58 111.57 -182.26 curveto
110.95 -180.94 108.32 -174.31 107.66 -173.36 curveto
107 -172.41 104.52 -169.81 104.34 -169.46 curveto
104.17 -169.12 103.52 -166.72 103.34 -166.37 curveto
103.16 -166.02 102.12 -164.82 102.12 -164.82 curveto
103.24 -164.5 lineto
108.17 -165.36 lineto stroke
newpath 100.69 -186.85 moveto
101.88 -187.98 lineto
103.52 -188.41 lineto
106.37 -189.46 lineto
107.94 -189.31 lineto
108.46 -188.62 lineto
107.73 -187.74 lineto
105.7 -186.05 lineto
101.84 -185.09 lineto
100.93 -185.46 lineto
 closepath stroke
newpath 110.88 -187.46 moveto
110.32 -186.06 lineto
108.42 -183.34 lineto
107.95 -182.15 lineto
104.97 -178.01 lineto
105.38 -177.69 lineto
104.03 -177.16 lineto
102.73 -177.92 lineto
102.84 -179.21 lineto
103.52 -179.51 lineto
103.16 -180.34 lineto
103.16 -180.34 103.4 -182.2 104.24 -182.7 curveto
105.08 -183.21 107.2 -185.11 107.2 -185.11 curveto
110.26 -186.93 lineto
 closepath stroke
newpath 75.48 -151.77 moveto
75.48 -151.77 76.51 -151.1 77.12 -150.68 curveto
77.74 -150.26 78.15 -150.01 78.94 -150 curveto
79.74 -150 82.72 -150.96 83.56 -151.46 curveto
84.4 -151.95 85.53 -152.43 86.32 -153.22 curveto
87.11 -154.02 90.02 -155.06 90.6 -155.95 curveto
91.19 -156.83 90.48 -158.9 90.8 -158.9 curveto
91.74 -158.88 93.85 -162.23 93.85 -162.23 curveto
93.85 -162.23 95.96 -166.31 96.26 -167.23 curveto
96.57 -168.14 98.32 -169.21 98.32 -169.21 curveto
97.38 -169.15 lineto
97.38 -169.15 97.85 -169.54 98.3 -169.79 curveto
98.76 -170.04 99.8 -172.69 100.22 -173.37 curveto
100.65 -174.06 102.03 -174.95 102.03 -174.95 curveto
101.33 -175.22 lineto
100.3 -175.02 lineto
99.13 -174.84 lineto
99.13 -174.84 98.05 -174.14 97.3 -173.78 curveto
96.54 -173.42 96.13 -172.8 95.7 -172.05 curveto
95.27 -171.29 92.73 -169.65 91.85 -169.44 curveto
90.96 -169.23 87.81 -168.14 86.45 -167.47 curveto
85.08 -166.8 81.96 -165.93 81.11 -165.35 curveto
80.27 -164.78 77.06 -160.38 77.06 -160.38 curveto
76.66 -160.77 lineto
76.66 -160.77 75.88 -158.45 75.53 -157.04 curveto
75.18 -155.62 74.95 -153.9 74.95 -153.9 curveto
74.64 -152.85 lineto
74.76 -151.83 lineto
 closepath stroke
newpath 86.56 -148.72 moveto
86.27 -147.95 lineto
82.18 -145.94 lineto
82.18 -145.94 80.83 -145.35 80.18 -145.41 curveto
79.54 -145.47 79.2 -144.99 79.2 -144.99 curveto
78.53 -145.56 lineto
78.96 -146.24 lineto
78.96 -146.24 79.37 -145.99 80.19 -146.35 curveto
81.02 -146.7 81.5 -147.16 81.6 -147.44 curveto
81.7 -147.72 83.57 -148.49 84.22 -148.43 curveto
84.87 -148.37 86.56 -148.72 86.56 -148.72 curveto closepath stroke
newpath 76.34 -144.46 moveto
76.34 -144.46 75.58 -144.1 75.23 -143.41 curveto
74.88 -142.71 73.66 -142.03 73.85 -141.8 curveto
74.05 -141.56 75.38 -141.95 75.96 -141.97 curveto
76.54 -141.99 77.03 -142.52 77.58 -143.05 curveto
78.13 -143.57 78.2 -144.29 78.2 -144.29 curveto
 closepath stroke
newpath 63.13 -147.1 moveto
62.51 -145.93 lineto
63 -144.94 lineto
63.89 -144.36 lineto
63.41 -143.82 lineto
63.79 -143.28 lineto
62.32 -142.98 lineto
61.34 -142.49 lineto
60.62 -142.63 lineto
60.21 -142.09 lineto
59.63 -141.27 lineto
61.69 -141.59 lineto
62.58 -141.88 lineto
63.73 -141.77 lineto
64.13 -142.24 lineto
65.59 -142.4 lineto
65.61 -143.34 lineto
64.66 -144.07 lineto
64.31 -145.04 lineto
64.01 -145.65 lineto
64.07 -146.36 lineto
 closepath stroke
newpath 64.4 -146.84 moveto
65.38 -145.67 lineto
65.93 -145.33 lineto
66.14 -146.03 lineto
65.54 -146.59 lineto
 closepath stroke
newpath 67.14 -147.46 moveto
67.83 -146.31 lineto
68.97 -145.34 lineto
69.82 -145.99 lineto
69.82 -145.99 69.31 -147.55 69.09 -148.29 curveto
68.87 -149.03 67.4 -149.6 67.28 -149.03 curveto
67.15 -148.47 67.14 -147.46 67.14 -147.46 curveto closepath stroke
newpath 73.42 -147.33 moveto
73.42 -147.33 75 -147.26 75.06 -147.91 curveto
75.12 -148.55 74.64 -148.82 73.93 -149.02 curveto
73.22 -149.23 71.96 -148.9 72.21 -148.44 curveto
73 -147.01 73.42 -147.33 73.42 -147.33 curveto closepath stroke
newpath 72.91 -132.92 moveto
72.91 -132.92 72.87 -130.9 72.66 -130.19 curveto
72.45 -129.49 71.52 -126.32 71.33 -125.9 curveto
71.15 -125.48 71.02 -124.84 71.02 -124.84 curveto
71.02 -124.84 72.92 -127.42 73.5 -128.31 curveto
74.09 -129.2 73.88 -131.74 73.58 -132.35 curveto
73.27 -132.96 72.91 -132.92 72.91 -132.92 curveto closepath stroke
newpath 29.51 -82.4 moveto
29.51 -82.4 28.31 -81.14 27.7 -80.76 curveto
27.08 -80.38 26.61 -79.99 26.61 -79.99 curveto
26.61 -79.99 26.56 -79.42 26.3 -78.93 curveto
26.04 -78.45 27.24 -78.05 27.24 -78.05 curveto
27.24 -78.05 27.63 -78.38 27.95 -78.71 curveto
28.26 -79.05 29.17 -80.26 29.35 -80.68 curveto
29.53 -81.1 29.51 -82.4 29.51 -82.4 curveto closepath stroke
newpath 24.64 -78.14 moveto
24.64 -78.14 23.99 -77.34 23.6 -77.08 curveto
23.22 -76.83 22.13 -75.19 22.13 -75.19 curveto
21.32 -74.97 lineto
20.43 -73.17 lineto
21.57 -73 lineto
21.57 -73 23.39 -73.92 23.73 -74.47 curveto
24.07 -75.01 25.31 -75.99 25.31 -75.99 curveto
25.31 -75.99 25.38 -76.78 25.28 -77.22 curveto
25.18 -77.66 24.58 -77.5 24.58 -77.5 curveto
 closepath stroke
newpath 9.74 -62.71 moveto
9.25 -62.18 7.59 -61.32 6.9 -60.94 curveto
6.22 -60.57 4.53 -58.63 3.97 -58.03 curveto
3.41 -57.43 2.87 -56.25 2.87 -56.25 curveto
2.87 -56.25 5.07 -55.83 5.71 -55.78 curveto
6.36 -55.72 7.11 -56.08 7.36 -56.42 curveto
7.61 -56.76 9.35 -58.48 9.69 -59.03 curveto
10.03 -59.58 13.37 -62.17 13.62 -62.51 curveto
13.87 -62.85 15.63 -64.78 15.67 -65.21 curveto
15.71 -65.65 17.87 -67.19 17.87 -67.19 curveto
17.87 -67.19 19.29 -68.5 19.55 -68.99 curveto
19.81 -69.47 20.68 -70.33 20.68 -70.33 curveto
20.01 -70.9 lineto
18.58 -70.3 lineto
18.58 -70.3 17.77 -69.29 17.14 -68.7 curveto
16.51 -68.1 15.49 -66.46 15.49 -66.46 curveto stroke
 [6 6 ] 0 setdash
newpath 15.49 -66.46 moveto
14.53 -65.46 9.74 -62.71 9.74 -62.71 curveto stroke
 [] 0 setdash
newpath 9.29 -53.79 moveto
9.29 -53.79 7.54 -52 7.08 -51.75 curveto
6.63 -51.5 4.59 -48.94 3.74 -48.44 curveto
2.9 -47.94 -0.81 -45.25 -1.4 -45.15 curveto
-1.98 -45.06 -3.77 -44.5 -3.08 -43.36 curveto
-2.39 -42.21 -1.66 -41.49 -0.78 -41.63 curveto
0.1 -41.77 1.63 -41.12 2.23 -42.15 curveto
2.83 -43.18 2.9 -43.9 2.9 -43.9 curveto
3.36 -43.42 lineto
3.36 -43.42 3.5 -44.2 4.09 -45.09 curveto
4.67 -45.97 5.91 -46.87 6.49 -47.69 curveto
7.07 -48.5 8.09 -50.14 8.66 -50.88 curveto
9.24 -51.63 9.92 -52.79 9.74 -53.17 curveto
9.56 -53.55 9.29 -53.79 9.29 -53.79 curveto closepath stroke
newpath -41.03 61.93 moveto
-40.87 62.59 lineto
-39.58 63.51 lineto
-38.4 64.77 lineto
-37.74 65.41 lineto
-37.06 66.63 lineto
-35.86 65.43 lineto
-34.26 63.05 lineto
-34.26 63.05 -35.98 62.1 -36.45 62.42 curveto
-36.91 62.74 -38.26 63.27 -38.26 63.27 curveto
-39.55 62.35 lineto
-40.5 61.62 lineto
 closepath stroke
newpath -74.44 61.88 moveto
-74.44 61.88 -72.94 61.29 -72.18 60.85 curveto
-71.42 60.42 -68.26 59.91 -67.67 59.75 curveto
-67.08 59.59 -66.72 58.83 -66.39 58.42 curveto
-66.07 58.02 -66.43 57.26 -66.43 57.26 curveto
-65.65 57.48 lineto
-65.65 57.48 -65.6 56.9 -65.55 56.4 curveto
-65.51 55.9 -66.39 54.51 -66.95 54.32 curveto
-67.51 54.12 -69.08 51.52 -69.39 50.91 curveto
-69.7 50.31 -71.46 48.19 -71.81 48.16 curveto
-72.17 48.13 -74.14 49.03 -74.14 49.03 curveto stroke
newpath -88.1 90.71 moveto
-88.1 90.71 -89.78 90.92 -90.21 90.88 curveto
-90.65 90.84 -92.47 91.77 -91.98 91.96 curveto
-91.49 92.14 -90.42 93.18 -90.42 93.18 curveto
-89.48 93.19 lineto
-88.82 92.23 lineto
 closepath stroke
newpath -91.61 83.09 moveto
-92.57 84.89 lineto
-91.74 84.6 lineto
-91.74 84.6 -92.87 86.67 -92.77 87.12 curveto
-92.67 87.56 -92.33 87.8 -91.68 87.86 curveto
-91.03 87.92 -90.33 88.12 -90.33 88.12 curveto
-89.71 86.95 lineto
-89.71 86.95 -88.98 85.21 -88.55 84.52 curveto stroke
newpath -86.98 86.26 moveto
-86.98 86.26 -87.69 86.99 -87.74 87.56 curveto
-87.8 88.13 -87.47 88.52 -87.47 88.52 curveto
-86.57 88.17 lineto
-86.57 88.17 -85.89 87.01 -85.31 86.26 curveto
-84.74 85.52 -83.6 84.18 -82.81 83.45 curveto
-82.02 82.73 -81.23 82.01 -80.82 81.47 curveto
-80.41 80.93 -79.68 80.06 -79.68 80.06 curveto
-80.5 80.34 lineto
-80.5 80.34 -79.63 78.69 -79.9 78.45 curveto
-80.17 78.21 -80.1 77.49 -80.1 77.49 curveto
-80.1 77.49 -81.32 79.83 -81.79 80.15 curveto
-82.25 80.47 -83.03 81.05 -83.03 81.05 curveto
-82.52 81.1 lineto
-83.89 82.63 lineto stroke
 [6 6 ] 0 setdash
newpath -83.89 82.63 moveto
-86.98 86.26 lineto stroke
newpath -88.55 84.52 moveto
-88.55 84.52 -87.45 82.67 -86.02 81.28 curveto
-84.59 79.9 -83.68 79.47 -83.42 78.99 curveto stroke
 [] 0 setdash
newpath -85.8258 76.41681 moveto
-84.13335 77.42168 -83.2169 77.78113 -83.17259 78.48071 curveto
-82.0452 77.81363 -82.79887 76.34148 -82.71504 75.89433 curveto
-83.08226 76.20511 -85.03539 75.6513 -85.61198 74.91168 curveto
-85.59897 74.68298 -86.59807 73.80293 -86.86035 72.40907 curveto
-87.544 72.33356 -88.88713 73.10309 -89.19574 73.49202 curveto stroke
newpath -90.97571 70.45995 moveto
-90.10654 70.62975 -88.14989 69.83488 -88.12665 69.77255 curveto
-88.76913 68.69286 -89.26358 64.06018 -89.55374 62.24347 curveto
-89.78325 61.8693 -89.45065 62.35603 -88.85316 60.92218 curveto
-89.73987 61.3931 -90.92273 60.74109 -92.38414 60.70844 curveto stroke
newpath -91.37932 59.14888 moveto
-90.44238 59.09236 -89.88939 58.50256 -88.77246 59.40396 curveto
-88.22292 58.25432 -88.25354 55.5389 -87.91608 54.72546 curveto
-87.74586 54.83792 -86.58844 52.5967 -85.41388 50.90015 curveto
-85.98573 51.27838 -87.28226 50.23888 -87.97098 49.12183 curveto stroke
newpath -86.58398 48.00557 moveto
-85.24355 49.02975 -84.73743 49.02805 -83.70567 49.59254 curveto
-82.75542 48.79158 -82.73216 47.87181 -82.12523 47.6687 curveto
-81.09418 46.47856 -79.48094 45.42355 -78.41753 45.66003 curveto
-78.04572 45.29616 -77.57896 45.13354 -77.52242 43.843 curveto
-77.67392 43.8922 -78.1803 42.5872 -78.62434 41.36618 curveto stroke
newpath -72.56973 51.83725 moveto
-73.81122 50.56342 -73.77692 50.39706 -75.09724 50.00232 curveto
-75.18755 51.1147 -78.1003 52.86664 -77.79497 54.5042 curveto
-77.47191 54.52826 -77.51694 54.27184 -77.05 54.1669 curveto
-76.03362 53.586 -75.77805 53.56647 -75.22743 53.06052 curveto stroke
newpath -73.59854 53.83073 moveto
-74.38098 55.21701 -75.2425 55.04846 -76.82697 55.73674 curveto
-75.67528 56.00226 -75.33058 57.3352 -74.82263 58.1274 curveto
-74.4661 58.30522 -73.428 59.98546 -74.21504 60.90353 curveto
-72.71898 61.80756 -72.35127 61.95644 -71.60867 61.79205 curveto stroke
 0 0.24501 dtransform truncate idtransform setlinewidth pop
newpath -107.75 123.2 moveto
-109.75739 123.65404 -109.83035 126.27922 -108.12651 126.75642 curveto
-106.31021 127.26514 -108.65399 129.42134 -107.88 130.27 curveto
-107.88 130.27 lineto stroke
newpath -107.2486 126.32013 moveto
-107.14594 126.54567 -106.98619 126.75438 -106.76312 126.92957 curveto
-105.27979 128.09462 -108.27031 129.18974 -107.88 130.27 curveto
-107.88 130.27 lineto
-107.88 130.27 lineto
-108.91985 129.78215 -107.57965 126.89314 -109.45236 127.11823 curveto
-109.73396 127.15208 -109.9945 127.11748 -110.22656 127.03058 curveto
 closepath stroke
newpath -107.2486 126.32013 moveto
-107.14594 126.54567 -106.98619 126.75438 -106.76312 126.92957 curveto
-105.27979 128.09462 -108.27031 129.18974 -107.88 130.27 curveto
-107.88 130.27 lineto
-107.88 130.27 lineto
-108.91985 129.78215 -107.57965 126.89314 -109.45236 127.11823 curveto
-109.73396 127.15208 -109.9945 127.11748 -110.22656 127.03058 curveto
 closepath fill
newpath -104 133.65 moveto
-103.15836 134.57385 -101.6578 134.39511 -100.91504 133.33307 curveto
-100.30714 132.46387 -99.04323 132.37971 -98.38 131.56 curveto
-98.38 131.56 lineto stroke
newpath -102.25627 132.54718 moveto
-101.96295 132.50496 -101.67072 132.40024 -101.4006 132.22795 curveto
-100.50635 131.65756 -99.30644 132.06349 -98.38 131.56 curveto
-98.38 131.56 lineto
-98.38 131.56 lineto
-98.67903 132.57112 -99.81454 133.13257 -100.04352 134.16823 curveto
-100.1127 134.48105 -100.2453 134.76173 -100.42284 134.99902 curveto
 closepath stroke
newpath -102.25627 132.54718 moveto
-101.96295 132.50496 -101.67072 132.40024 -101.4006 132.22795 curveto
-100.50635 131.65756 -99.30644 132.06349 -98.38 131.56 curveto
-98.38 131.56 lineto
-98.38 131.56 lineto
-98.67903 132.57112 -99.81454 133.13257 -100.04352 134.16823 curveto
-100.1127 134.48105 -100.2453 134.76173 -100.42284 134.99902 curveto
 closepath fill
newpath -95.85 127.53 moveto
-95.1954 127.48732 -94.79704 126.81609 -94.85083 126.11667 curveto
-94.89873 125.49388 -94.20029 125.20134 -93.79 124.75 curveto
-93.79 124.75 lineto stroke
newpath -93.79 124.75 moveto
 closepath stroke
newpath -93.79 124.75 moveto
 closepath fill
 0 0.7 dtransform truncate idtransform setlinewidth pop
newpath -117.64624 105.14471 moveto
-117.85017 106.35574 -117.69423 107.52518 -117.45793 107.70543 curveto
-117.13194 107.10008 -114.9901 106.73262 -113.90948 106.5392 curveto
-114.62178 106.03366 -114.5562 104.70268 -115.37973 104.02142 curveto stroke
newpath -114.67322 103.07297 moveto
-114.06305 104.99538 -113.29169 105.65788 -113.73845 105.73509 curveto
-112.56032 105.28333 -110.89462 104.37779 -110.13689 104.36005 curveto
-111.61574 103.24522 -112.3234 103.05075 -112.22252 102.32047 curveto stroke
 0 0.24501 dtransform truncate idtransform setlinewidth pop
newpath 125.17003 -194.18 moveto
127.96999 -194.18 lineto stroke
 0.24501 0 dtransform exch truncate exch idtransform pop setlinewidth
newpath 126.57 -195.57997 moveto
126.57 -192.78001 lineto stroke
 0.00002 0.00018 0.00145 setrgbcolor
newpath 127.13002 -194.18 moveto
127.13002 -194.03146 127.07101 -193.88904 126.96599 -193.78401 curveto
126.86096 -193.67899 126.71854 -193.61998 126.57 -193.61998 curveto
126.42148 -193.61998 126.27905 -193.67899 126.17403 -193.78401 curveto
126.069 -193.88904 126.01 -194.03146 126.01 -194.18 curveto
126.01 -194.32852 126.069 -194.47095 126.17403 -194.57597 curveto
126.27905 -194.681 126.42148 -194.74 126.57 -194.74 curveto
126.71854 -194.74 126.86096 -194.681 126.96599 -194.57597 curveto
127.07101 -194.47095 127.13002 -194.32852 127.13002 -194.18 curveto closepath
 fill
 0 0 0 setrgbcolor 0 0.35 dtransform truncate idtransform setlinewidth pop
newpath 126.57 -194.18 moveto 0 0 rlineto stroke
 0 0.24501 dtransform truncate idtransform setlinewidth pop
newpath 123.05002 -196.77 moveto
125.84998 -196.77 lineto stroke
 0.24501 0 dtransform exch truncate exch idtransform pop setlinewidth
newpath 124.45 -198.16998 moveto
124.45 -195.37003 lineto stroke
 0.00002 0.00018 0.00145 setrgbcolor
newpath 125.01001 -196.77 moveto
125.01001 -196.62148 124.951 -196.47905 124.84598 -196.37402 curveto
124.74095 -196.269 124.59853 -196.20999 124.45 -196.20999 curveto
124.30147 -196.20999 124.15904 -196.269 124.05402 -196.37402 curveto
123.94899 -196.47905 123.88998 -196.62148 123.88998 -196.77 curveto
123.88998 -196.91853 123.94899 -197.06096 124.05402 -197.16599 curveto
124.15904 -197.27101 124.30147 -197.33002 124.45 -197.33002 curveto
124.59853 -197.33002 124.74095 -197.27101 124.84598 -197.16599 curveto
124.951 -197.06096 125.01001 -196.91853 125.01001 -196.77 curveto closepath
 fill
 0 0 0 setrgbcolor 0 0.35 dtransform truncate idtransform setlinewidth pop
newpath 124.45 -196.77 moveto 0 0 rlineto stroke
 0 0.24501 dtransform truncate idtransform setlinewidth pop
newpath 113.02002 -190.81 moveto
115.81998 -190.81 lineto stroke
 0.24501 0 dtransform exch truncate exch idtransform pop setlinewidth
newpath 114.42 -192.20998 moveto
114.42 -189.41002 lineto stroke
 0.00002 0.00018 0.00145 setrgbcolor
newpath 114.98001 -190.81 moveto
114.98001 -190.66147 114.921 -190.51904 114.81598 -190.41402 curveto
114.71095 -190.30899 114.56853 -190.24998 114.42 -190.24998 curveto
114.27147 -190.24998 114.12904 -190.30899 114.02402 -190.41402 curveto
113.91899 -190.51904 113.85999 -190.66147 113.85999 -190.81 curveto
113.85999 -190.95853 113.91899 -191.10095 114.02402 -191.20598 curveto
114.12904 -191.311 114.27147 -191.37001 114.42 -191.37001 curveto
114.56853 -191.37001 114.71095 -191.311 114.81598 -191.20598 curveto
114.921 -191.10095 114.98001 -190.95853 114.98001 -190.81 curveto closepath
 fill
 0 0 0 setrgbcolor 0 0.35 dtransform truncate idtransform setlinewidth pop
newpath 114.42 -190.81 moveto 0 0 rlineto stroke
 0 0.24501 dtransform truncate idtransform setlinewidth pop
newpath 96.57002 -181.48 moveto
99.36998 -181.48 lineto stroke
 0.24501 0 dtransform exch truncate exch idtransform pop setlinewidth
newpath 97.97 -182.87997 moveto
97.97 -180.08002 lineto stroke
 0.00002 0.00018 0.00145 setrgbcolor
newpath 98.53001 -181.48 moveto
98.53001 -181.33147 98.47101 -181.18904 98.36598 -181.08401 curveto
98.26096 -180.97899 98.11853 -180.91998 97.97 -180.91998 curveto
97.82147 -180.91998 97.67905 -180.97899 97.57402 -181.08401 curveto
97.469 -181.18904 97.40999 -181.33147 97.40999 -181.48 curveto
97.40999 -181.62852 97.469 -181.77095 97.57402 -181.87598 curveto
97.67905 -181.981 97.82147 -182.04001 97.97 -182.04001 curveto
98.11853 -182.04001 98.26096 -181.981 98.36598 -181.87598 curveto
98.47101 -181.77095 98.53001 -181.62852 98.53001 -181.48 curveto closepath fill
 0 0 0 setrgbcolor 0 0.35 dtransform truncate idtransform setlinewidth pop
newpath 97.97 -181.48 moveto 0 0 rlineto stroke
 0 0.24501 dtransform truncate idtransform setlinewidth pop
newpath 97.74002 -177.08 moveto
100.53998 -177.08 lineto stroke
 0.24501 0 dtransform exch truncate exch idtransform pop setlinewidth
newpath 99.14 -178.47998 moveto
99.14 -175.68002 lineto stroke
 0.00002 0.00018 0.00145 setrgbcolor
newpath 99.70001 -177.08 moveto
99.70001 -176.93147 99.641 -176.78905 99.53598 -176.68402 curveto
99.43095 -176.579 99.28853 -176.51999 99.14 -176.51999 curveto
98.99147 -176.51999 98.84904 -176.579 98.74402 -176.68402 curveto
98.63899 -176.78905 98.57999 -176.93147 98.57999 -177.08 curveto
98.57999 -177.22853 98.63899 -177.37096 98.74402 -177.47598 curveto
98.84904 -177.58101 98.99147 -177.64001 99.14 -177.64001 curveto
99.28853 -177.64001 99.43095 -177.58101 99.53598 -177.47598 curveto
99.641 -177.37096 99.70001 -177.22853 99.70001 -177.08 curveto closepath fill
 0 0 0 setrgbcolor 0 0.35 dtransform truncate idtransform setlinewidth pop
newpath 99.14 -177.08 moveto 0 0 rlineto stroke
 0 0.24501 dtransform truncate idtransform setlinewidth pop
newpath 104.16002 -173.9 moveto
106.95998 -173.9 lineto stroke
 0.24501 0 dtransform exch truncate exch idtransform pop setlinewidth
newpath 105.56 -175.29997 moveto
105.56 -172.50002 lineto stroke
 0.00002 0.00018 0.00145 setrgbcolor
newpath 106.12001 -173.9 moveto
106.12001 -173.75146 106.061 -173.60904 105.95598 -173.50401 curveto
105.85095 -173.39899 105.70853 -173.33998 105.56 -173.33998 curveto
105.41147 -173.33998 105.26904 -173.39899 105.16402 -173.50401 curveto
105.05899 -173.60904 104.99998 -173.75146 104.99998 -173.9 curveto
104.99998 -174.04852 105.05899 -174.19095 105.16402 -174.29597 curveto
105.26904 -174.401 105.41147 -174.46 105.56 -174.46 curveto
105.70853 -174.46 105.85095 -174.401 105.95598 -174.29597 curveto
106.061 -174.19095 106.12001 -174.04852 106.12001 -173.9 curveto closepath fill
 0 0 0 setrgbcolor 0 0.35 dtransform truncate idtransform setlinewidth pop
newpath 105.56 -173.9 moveto 0 0 rlineto stroke
 0 0.24501 dtransform truncate idtransform setlinewidth pop
newpath 90.74002 -169.82 moveto
93.53998 -169.82 lineto stroke
 0.24501 0 dtransform exch truncate exch idtransform pop setlinewidth
newpath 92.14 -171.21999 moveto
92.14 -168.42003 lineto stroke
 0.00002 0.00018 0.00145 setrgbcolor
newpath 92.70001 -169.82 moveto
92.70001 -169.67148 92.641 -169.52905 92.53598 -169.42403 curveto
92.43095 -169.319 92.28853 -169.26 92.14 -169.26 curveto
91.99147 -169.26 91.84904 -169.319 91.74402 -169.42403 curveto
91.63899 -169.52905 91.57999 -169.67148 91.57999 -169.82 curveto
91.57999 -169.96854 91.63899 -170.11096 91.74402 -170.21599 curveto
91.84904 -170.32101 91.99147 -170.38002 92.14 -170.38002 curveto
92.28853 -170.38002 92.43095 -170.32101 92.53598 -170.21599 curveto
92.641 -170.11096 92.70001 -169.96854 92.70001 -169.82 curveto closepath fill
 0 0 0 setrgbcolor 0 0.35 dtransform truncate idtransform setlinewidth pop
newpath 92.14 -169.82 moveto 0 0 rlineto stroke
 0 0.24501 dtransform truncate idtransform setlinewidth pop
newpath 79.25002 -166.5 moveto
82.04997 -166.5 lineto stroke
 0.24501 0 dtransform exch truncate exch idtransform pop setlinewidth
newpath 80.65 -167.89998 moveto
80.65 -165.10002 lineto stroke
 0.00002 0.00018 0.00145 setrgbcolor
newpath 81.21 -166.5 moveto
81.21 -166.35147 81.151 -166.20905 81.04597 -166.10402 curveto
80.94095 -165.999 80.79852 -165.93999 80.65 -165.93999 curveto
80.50146 -165.93999 80.35904 -165.999 80.25401 -166.10402 curveto
80.14899 -166.20905 80.08998 -166.35147 80.08998 -166.5 curveto
80.08998 -166.64853 80.14899 -166.79095 80.25401 -166.89598 curveto
80.35904 -167.001 80.50146 -167.06001 80.65 -167.06001 curveto
80.79852 -167.06001 80.94095 -167.001 81.04597 -166.89598 curveto
81.151 -166.79095 81.21 -166.64853 81.21 -166.5 curveto closepath fill
 0 0 0 setrgbcolor 0 0.35 dtransform truncate idtransform setlinewidth pop
newpath 80.65 -166.5 moveto 0 0 rlineto stroke
 0 0.24501 dtransform truncate idtransform setlinewidth pop
newpath 74.60002 -160.56 moveto
77.39998 -160.56 lineto stroke
 0.24501 0 dtransform exch truncate exch idtransform pop setlinewidth
newpath 76 -161.95998 moveto
76 -159.16002 lineto stroke
 0.00002 0.00018 0.00145 setrgbcolor
newpath 76.56001 -160.56 moveto
76.56001 -160.41147 76.501 -160.26904 76.39598 -160.16402 curveto
76.29095 -160.05899 76.14853 -159.99998 76 -159.99998 curveto
75.85147 -159.99998 75.70905 -160.05899 75.60402 -160.16402 curveto
75.499 -160.26904 75.43999 -160.41147 75.43999 -160.56 curveto
75.43999 -160.70853 75.499 -160.85095 75.60402 -160.95598 curveto
75.70905 -161.061 75.85147 -161.12001 76 -161.12001 curveto
76.14853 -161.12001 76.29095 -161.061 76.39598 -160.95598 curveto
76.501 -160.85095 76.56001 -160.70853 76.56001 -160.56 curveto closepath fill
 0 0 0 setrgbcolor 0 0.35 dtransform truncate idtransform setlinewidth pop
newpath 76 -160.56 moveto 0 0 rlineto stroke
 0 0.24501 dtransform truncate idtransform setlinewidth pop
newpath 70.06003 -154.12 moveto
72.85999 -154.12 lineto stroke
 0.24501 0 dtransform exch truncate exch idtransform pop setlinewidth
newpath 71.46 -155.51997 moveto
71.46 -152.72002 lineto stroke
 0.00002 0.00018 0.00145 setrgbcolor
newpath 72.02002 -154.12 moveto
72.02002 -153.97147 71.96101 -153.82904 71.85599 -153.72401 curveto
71.75096 -153.61899 71.60854 -153.55998 71.46 -153.55998 curveto
71.31148 -153.55998 71.16905 -153.61899 71.06403 -153.72401 curveto
70.959 -153.82904 70.9 -153.97147 70.9 -154.12 curveto
70.9 -154.26852 70.959 -154.41095 71.06403 -154.51598 curveto
71.16905 -154.621 71.31148 -154.68001 71.46 -154.68001 curveto
71.60854 -154.68001 71.75096 -154.621 71.85599 -154.51598 curveto
71.96101 -154.41095 72.02002 -154.26852 72.02002 -154.12 curveto closepath fill
 0 0 0 setrgbcolor 0 0.35 dtransform truncate idtransform setlinewidth pop
newpath 71.46 -154.12 moveto 0 0 rlineto stroke
 0 0.24501 dtransform truncate idtransform setlinewidth pop
newpath 92.65002 -157.19 moveto
95.44998 -157.19 lineto stroke
 0.24501 0 dtransform exch truncate exch idtransform pop setlinewidth
newpath 94.05 -158.58998 moveto
94.05 -155.79002 lineto stroke
 0.00002 0.00018 0.00145 setrgbcolor
newpath 94.61002 -157.19 moveto
94.61002 -157.04147 94.55101 -156.89905 94.44598 -156.79402 curveto
94.34096 -156.689 94.19853 -156.62999 94.05 -156.62999 curveto
93.90147 -156.62999 93.75905 -156.689 93.65402 -156.79402 curveto
93.549 -156.89905 93.48999 -157.04147 93.48999 -157.19 curveto
93.48999 -157.33853 93.549 -157.48096 93.65402 -157.58598 curveto
93.75905 -157.69101 93.90147 -157.75002 94.05 -157.75002 curveto
94.19853 -157.75002 94.34096 -157.69101 94.44598 -157.58598 curveto
94.55101 -157.48096 94.61002 -157.33853 94.61002 -157.19 curveto closepath fill
 0 0 0 setrgbcolor 0 0.35 dtransform truncate idtransform setlinewidth pop
newpath 94.05 -157.19 moveto 0 0 rlineto stroke
 0 0.24501 dtransform truncate idtransform setlinewidth pop
newpath 91.44002 -152.43 moveto
94.23997 -152.43 lineto stroke
 0.24501 0 dtransform exch truncate exch idtransform pop setlinewidth
newpath 92.84 -153.82997 moveto
92.84 -151.03001 lineto stroke
 0.00002 0.00018 0.00145 setrgbcolor
newpath 93.40001 -152.43 moveto
93.40001 -152.28146 93.341 -152.13904 93.23598 -152.03401 curveto
93.13095 -151.92899 92.98853 -151.86998 92.84 -151.86998 curveto
92.69147 -151.86998 92.54904 -151.92899 92.44402 -152.03401 curveto
92.33899 -152.13904 92.27998 -152.28146 92.27998 -152.43 curveto
92.27998 -152.57852 92.33899 -152.72095 92.44402 -152.82597 curveto
92.54904 -152.931 92.69147 -152.99 92.84 -152.99 curveto
92.98853 -152.99 93.13095 -152.931 93.23598 -152.82597 curveto
93.341 -152.72095 93.40001 -152.57852 93.40001 -152.43 curveto closepath fill
 0 0 0 setrgbcolor 0 0.35 dtransform truncate idtransform setlinewidth pop
newpath 92.84 -152.43 moveto 0 0 rlineto stroke
 0 0.24501 dtransform truncate idtransform setlinewidth pop
newpath 85.79002 -149.02 moveto
88.58998 -149.02 lineto stroke
 0.24501 0 dtransform exch truncate exch idtransform pop setlinewidth
newpath 87.19 -150.41998 moveto
87.19 -147.62003 lineto stroke
 0.00002 0.00018 0.00145 setrgbcolor
newpath 87.75002 -149.02 moveto
87.75002 -148.87148 87.69101 -148.72905 87.58598 -148.62402 curveto
87.48096 -148.519 87.33853 -148.45999 87.19 -148.45999 curveto
87.04147 -148.45999 86.89905 -148.519 86.79402 -148.62402 curveto
86.689 -148.72905 86.62999 -148.87148 86.62999 -149.02 curveto
86.62999 -149.16853 86.689 -149.31096 86.79402 -149.41599 curveto
86.89905 -149.52101 87.04147 -149.58002 87.19 -149.58002 curveto
87.33853 -149.58002 87.48096 -149.52101 87.58598 -149.41599 curveto
87.69101 -149.31096 87.75002 -149.16853 87.75002 -149.02 curveto closepath fill
 0 0 0 setrgbcolor 0 0.35 dtransform truncate idtransform setlinewidth pop
newpath 87.19 -149.02 moveto 0 0 rlineto stroke
 0 0.24501 dtransform truncate idtransform setlinewidth pop
newpath 74.25002 -148.67 moveto
77.04997 -148.67 lineto stroke
 0.24501 0 dtransform exch truncate exch idtransform pop setlinewidth
newpath 75.65 -150.06998 moveto
75.65 -147.27002 lineto stroke
 0.00002 0.00018 0.00145 setrgbcolor
newpath 76.21 -148.67 moveto
76.21 -148.52147 76.151 -148.37904 76.04597 -148.27402 curveto
75.94095 -148.16899 75.79852 -148.10999 75.65 -148.10999 curveto
75.50146 -148.10999 75.35904 -148.16899 75.25401 -148.27402 curveto
75.14899 -148.37904 75.08998 -148.52147 75.08998 -148.67 curveto
75.08998 -148.81853 75.14899 -148.96095 75.25401 -149.06598 curveto
75.35904 -149.171 75.50146 -149.23001 75.65 -149.23001 curveto
75.79852 -149.23001 75.94095 -149.171 76.04597 -149.06598 curveto
76.151 -148.96095 76.21 -148.81853 76.21 -148.67 curveto closepath fill
 0 0 0 setrgbcolor 0 0.35 dtransform truncate idtransform setlinewidth pop
newpath 75.65 -148.67 moveto 0 0 rlineto stroke
 0 0.24501 dtransform truncate idtransform setlinewidth pop
newpath 70.11002 -141.73 moveto
72.90997 -141.73 lineto stroke
 0.24501 0 dtransform exch truncate exch idtransform pop setlinewidth
newpath 71.51 -143.12997 moveto
71.51 -140.33002 lineto stroke
 0.00002 0.00018 0.00145 setrgbcolor
newpath 72.07 -141.73 moveto
72.07 -141.58147 72.011 -141.43904 71.90598 -141.33401 curveto
71.80095 -141.22899 71.65852 -141.16998 71.51 -141.16998 curveto
71.36147 -141.16998 71.21904 -141.22899 71.11401 -141.33401 curveto
71.00899 -141.43904 70.94998 -141.58147 70.94998 -141.73 curveto
70.94998 -141.87852 71.00899 -142.02095 71.11401 -142.12598 curveto
71.21904 -142.231 71.36147 -142.29001 71.51 -142.29001 curveto
71.65852 -142.29001 71.80095 -142.231 71.90598 -142.12598 curveto
72.011 -142.02095 72.07 -141.87852 72.07 -141.73 curveto closepath fill
 0 0 0 setrgbcolor 0 0.35 dtransform truncate idtransform setlinewidth pop
newpath 71.51 -141.73 moveto 0 0 rlineto stroke
 0 0.24501 dtransform truncate idtransform setlinewidth pop
newpath 68.23003 -126.97 moveto
71.02998 -126.97 lineto stroke
 0.24501 0 dtransform exch truncate exch idtransform pop setlinewidth
newpath 69.63 -128.36998 moveto
69.63 -125.57002 lineto stroke
 0.00002 0.00018 0.00145 setrgbcolor
newpath 70.19002 -126.97 moveto
70.19002 -126.82147 70.13101 -126.67905 70.02599 -126.57402 curveto
69.92096 -126.469 69.77853 -126.40999 69.63 -126.40999 curveto
69.48148 -126.40999 69.33905 -126.469 69.23402 -126.57402 curveto
69.129 -126.67905 69.06999 -126.82147 69.06999 -126.97 curveto
69.06999 -127.11853 69.129 -127.26096 69.23402 -127.36598 curveto
69.33905 -127.47101 69.48148 -127.53001 69.63 -127.53001 curveto
69.77853 -127.53001 69.92096 -127.47101 70.02599 -127.36598 curveto
70.13101 -127.26096 70.19002 -127.11853 70.19002 -126.97 curveto closepath fill
 0 0 0 setrgbcolor 0 0.35 dtransform truncate idtransform setlinewidth pop
newpath 69.63 -126.97 moveto 0 0 rlineto stroke
 0 0.24501 dtransform truncate idtransform setlinewidth pop
newpath 61.67003 -118.02 moveto
64.46999 -118.02 lineto stroke
 0.24501 0 dtransform exch truncate exch idtransform pop setlinewidth
newpath 63.07 -119.41998 moveto
63.07 -116.62003 lineto stroke
 0.00002 0.00018 0.00145 setrgbcolor
newpath 63.63002 -118.02 moveto
63.63002 -117.87148 63.57101 -117.72905 63.46599 -117.62402 curveto
63.36096 -117.519 63.21854 -117.45999 63.07 -117.45999 curveto
62.92148 -117.45999 62.77905 -117.519 62.67403 -117.62402 curveto
62.569 -117.72905 62.51 -117.87148 62.51 -118.02 curveto
62.51 -118.16853 62.569 -118.31096 62.67403 -118.41599 curveto
62.77905 -118.52101 62.92148 -118.58002 63.07 -118.58002 curveto
63.21854 -118.58002 63.36096 -118.52101 63.46599 -118.41599 curveto
63.57101 -118.31096 63.63002 -118.16853 63.63002 -118.02 curveto closepath fill
 0 0 0 setrgbcolor 0 0.35 dtransform truncate idtransform setlinewidth pop
newpath 63.07 -118.02 moveto 0 0 rlineto stroke
 0 0.24501 dtransform truncate idtransform setlinewidth pop
newpath 58.89001 -105.8 moveto
61.68997 -105.8 lineto stroke
 0.24501 0 dtransform exch truncate exch idtransform pop setlinewidth
newpath 60.29 -107.19998 moveto
60.29 -104.40002 lineto stroke
 0.00002 0.00018 0.00145 setrgbcolor
newpath 60.85 -105.8 moveto
60.85 -105.65147 60.791 -105.50905 60.68597 -105.40402 curveto
60.58095 -105.299 60.43852 -105.23999 60.29 -105.23999 curveto
60.14146 -105.23999 59.99904 -105.299 59.89401 -105.40402 curveto
59.78899 -105.50905 59.72998 -105.65147 59.72998 -105.8 curveto
59.72998 -105.94853 59.78899 -106.09096 59.89401 -106.19598 curveto
59.99904 -106.30101 60.14146 -106.36002 60.29 -106.36002 curveto
60.43852 -106.36002 60.58095 -106.30101 60.68597 -106.19598 curveto
60.791 -106.09096 60.85 -105.94853 60.85 -105.8 curveto closepath fill
 0 0 0 setrgbcolor 0 0.35 dtransform truncate idtransform setlinewidth pop
newpath 60.29 -105.8 moveto 0 0 rlineto stroke
 0 0.24501 dtransform truncate idtransform setlinewidth pop
newpath 42.95003 -98.92 moveto
45.74998 -98.92 lineto stroke
 0.24501 0 dtransform exch truncate exch idtransform pop setlinewidth
newpath 44.35 -100.31998 moveto
44.35 -97.52002 lineto stroke
 0.00002 0.00018 0.00145 setrgbcolor
newpath 44.91002 -98.92 moveto
44.91002 -98.77147 44.85101 -98.62904 44.74599 -98.52402 curveto
44.64096 -98.41899 44.49854 -98.35999 44.35 -98.35999 curveto
44.20148 -98.35999 44.05905 -98.41899 43.95403 -98.52402 curveto
43.849 -98.62904 43.79 -98.77147 43.79 -98.92 curveto
43.79 -99.06853 43.849 -99.21095 43.95403 -99.31598 curveto
44.05905 -99.421 44.20148 -99.48001 44.35 -99.48001 curveto
44.49854 -99.48001 44.64096 -99.421 44.74599 -99.31598 curveto
44.85101 -99.21095 44.91002 -99.06853 44.91002 -98.92 curveto closepath fill
 0 0 0 setrgbcolor 0 0.35 dtransform truncate idtransform setlinewidth pop
newpath 44.35 -98.92 moveto 0 0 rlineto stroke
 0 0.24501 dtransform truncate idtransform setlinewidth pop
newpath 37.06003 -91.91 moveto
39.85999 -91.91 lineto stroke
 0.24501 0 dtransform exch truncate exch idtransform pop setlinewidth
newpath 38.46 -93.30998 moveto
38.46 -90.51003 lineto stroke
 0.00002 0.00018 0.00145 setrgbcolor
newpath 39.02002 -91.91 moveto
39.02002 -91.76147 38.96101 -91.61905 38.85599 -91.51402 curveto
38.75096 -91.409 38.60854 -91.34999 38.46 -91.34999 curveto
38.31148 -91.34999 38.16905 -91.409 38.06403 -91.51402 curveto
37.959 -91.61905 37.9 -91.76147 37.9 -91.91 curveto
37.9 -92.05853 37.959 -92.20096 38.06403 -92.30598 curveto
38.16905 -92.41101 38.31148 -92.47002 38.46 -92.47002 curveto
38.60854 -92.47002 38.75096 -92.41101 38.85599 -92.30598 curveto
38.96101 -92.20096 39.02002 -92.05853 39.02002 -91.91 curveto closepath fill
 0 0 0 setrgbcolor 0 0.35 dtransform truncate idtransform setlinewidth pop
newpath 38.46 -91.91 moveto 0 0 rlineto stroke
 0 0.24501 dtransform truncate idtransform setlinewidth pop
newpath 26.52002 -72.25 moveto
29.31998 -72.25 lineto stroke
 0.24501 0 dtransform exch truncate exch idtransform pop setlinewidth
newpath 27.92 -73.64998 moveto
27.92 -70.85002 lineto stroke
 0.00002 0.00018 0.00145 setrgbcolor
newpath 28.48001 -72.25 moveto
28.48001 -72.10147 28.421 -71.95905 28.31598 -71.85402 curveto
28.21095 -71.749 28.06853 -71.68999 27.92 -71.68999 curveto
27.77147 -71.68999 27.62904 -71.749 27.52402 -71.85402 curveto
27.41899 -71.95905 27.35999 -72.10147 27.35999 -72.25 curveto
27.35999 -72.39853 27.41899 -72.54095 27.52402 -72.64598 curveto
27.62904 -72.751 27.77147 -72.81001 27.92 -72.81001 curveto
28.06853 -72.81001 28.21095 -72.751 28.31598 -72.64598 curveto
28.421 -72.54095 28.48001 -72.39853 28.48001 -72.25 curveto closepath fill
 0 0 0 setrgbcolor 0 0.35 dtransform truncate idtransform setlinewidth pop
newpath 27.92 -72.25 moveto 0 0 rlineto stroke
 0 0.24501 dtransform truncate idtransform setlinewidth pop
newpath 9.10002 -54.93 moveto
11.89998 -54.93 lineto stroke
 0.24501 0 dtransform exch truncate exch idtransform pop setlinewidth
newpath 10.5 -56.32997 moveto
10.5 -53.53001 lineto stroke
 0.00002 0.00018 0.00145 setrgbcolor
newpath 11.06001 -54.93 moveto
11.06001 -54.78146 11.001 -54.63904 10.89598 -54.53401 curveto
10.79095 -54.42899 10.64853 -54.36998 10.5 -54.36998 curveto
10.35147 -54.36998 10.20905 -54.42899 10.10402 -54.53401 curveto
9.999 -54.63904 9.93999 -54.78146 9.93999 -54.93 curveto
9.93999 -55.07852 9.999 -55.22095 10.10402 -55.32597 curveto
10.20905 -55.431 10.35147 -55.49 10.5 -55.49 curveto
10.64853 -55.49 10.79095 -55.431 10.89598 -55.32597 curveto
11.001 -55.22095 11.06001 -55.07852 11.06001 -54.93 curveto closepath fill
 0 0 0 setrgbcolor 0 0.35 dtransform truncate idtransform setlinewidth pop
newpath 10.5 -54.93 moveto 0 0 rlineto stroke
 0 0.24501 dtransform truncate idtransform setlinewidth pop
newpath 3.30002 -37.43 moveto
6.09998 -37.43 lineto stroke
 0.24501 0 dtransform exch truncate exch idtransform pop setlinewidth
newpath 4.7 -38.82997 moveto
4.7 -36.03001 lineto stroke
 0.00002 0.00018 0.00145 setrgbcolor
newpath 5.26001 -37.43 moveto
5.26001 -37.28146 5.201 -37.13904 5.09598 -37.03401 curveto
4.99095 -36.92899 4.84853 -36.86998 4.7 -36.86998 curveto
4.55147 -36.86998 4.40904 -36.92899 4.30402 -37.03401 curveto
4.19899 -37.13904 4.13998 -37.28146 4.13998 -37.43 curveto
4.13998 -37.57852 4.19899 -37.72095 4.30402 -37.82597 curveto
4.40904 -37.931 4.55147 -37.99 4.7 -37.99 curveto
4.84853 -37.99 4.99095 -37.931 5.09598 -37.82597 curveto
5.201 -37.72095 5.26001 -37.57852 5.26001 -37.43 curveto closepath fill
 0 0 0 setrgbcolor 0 0.35 dtransform truncate idtransform setlinewidth pop
newpath 4.7 -37.43 moveto 0 0 rlineto stroke
 0 0.24501 dtransform truncate idtransform setlinewidth pop
newpath -5.25998 -32.04 moveto
-2.46002 -32.04 lineto stroke
 0.24501 0 dtransform exch truncate exch idtransform pop setlinewidth
newpath -3.86 -33.43997 moveto
-3.86 -30.64001 lineto stroke
 0.00002 0.00018 0.00145 setrgbcolor
newpath -3.29999 -32.04 moveto
-3.29999 -31.89146 -3.359 -31.74904 -3.46402 -31.64401 curveto
-3.56905 -31.53899 -3.71147 -31.47998 -3.86 -31.47998 curveto
-4.00853 -31.47998 -4.15096 -31.53899 -4.25598 -31.64401 curveto
-4.36101 -31.74904 -4.42001 -31.89146 -4.42001 -32.04 curveto
-4.42001 -32.18852 -4.36101 -32.33095 -4.25598 -32.43597 curveto
-4.15096 -32.541 -4.00853 -32.6 -3.86 -32.6 curveto
-3.71147 -32.6 -3.56905 -32.541 -3.46402 -32.43597 curveto
-3.359 -32.33095 -3.29999 -32.18852 -3.29999 -32.04 curveto closepath fill
 0 0 0 setrgbcolor 0 0.35 dtransform truncate idtransform setlinewidth pop
newpath -3.86 -32.04 moveto 0 0 rlineto stroke
 0 0.24501 dtransform truncate idtransform setlinewidth pop
newpath -18.75998 -49.97 moveto
-15.96002 -49.97 lineto stroke
 0.24501 0 dtransform exch truncate exch idtransform pop setlinewidth
newpath -17.36 -51.36998 moveto
-17.36 -48.57002 lineto stroke
 0.00002 0.00018 0.00145 setrgbcolor
newpath -16.79999 -49.97 moveto
-16.79999 -49.82147 -16.859 -49.67905 -16.96402 -49.57402 curveto
-17.06905 -49.469 -17.21147 -49.40999 -17.36 -49.40999 curveto
-17.50853 -49.40999 -17.65096 -49.469 -17.75598 -49.57402 curveto
-17.86101 -49.67905 -17.92001 -49.82147 -17.92001 -49.97 curveto
-17.92001 -50.11853 -17.86101 -50.26096 -17.75598 -50.36598 curveto
-17.65096 -50.47101 -17.50853 -50.53001 -17.36 -50.53001 curveto
-17.21147 -50.53001 -17.06905 -50.47101 -16.96402 -50.36598 curveto
-16.859 -50.26096 -16.79999 -50.11853 -16.79999 -49.97 curveto closepath fill
 0 0 0 setrgbcolor 0 0.35 dtransform truncate idtransform setlinewidth pop
newpath -17.36 -49.97 moveto 0 0 rlineto stroke
 0 0.24501 dtransform truncate idtransform setlinewidth pop
newpath -3.72998 -29.52 moveto
-0.93002 -29.52 lineto stroke
 0.24501 0 dtransform exch truncate exch idtransform pop setlinewidth
newpath -2.33 -30.91998 moveto
-2.33 -28.12003 lineto stroke
 0.00002 0.00018 0.00145 setrgbcolor
newpath -1.76999 -29.52 moveto
-1.76999 -29.37148 -1.829 -29.22905 -1.93402 -29.12402 curveto
-2.03905 -29.019 -2.18147 -28.95999 -2.33 -28.95999 curveto
-2.47853 -28.95999 -2.62096 -29.019 -2.72598 -29.12402 curveto
-2.83101 -29.22905 -2.89001 -29.37148 -2.89001 -29.52 curveto
-2.89001 -29.66853 -2.83101 -29.81096 -2.72598 -29.91599 curveto
-2.62096 -30.02101 -2.47853 -30.08002 -2.33 -30.08002 curveto
-2.18147 -30.08002 -2.03905 -30.02101 -1.93402 -29.91599 curveto
-1.829 -29.81096 -1.76999 -29.66853 -1.76999 -29.52 curveto closepath fill
 0 0 0 setrgbcolor 0 0.35 dtransform truncate idtransform setlinewidth pop
newpath -2.33 -29.52 moveto 0 0 rlineto stroke
 0 0.24501 dtransform truncate idtransform setlinewidth pop
newpath -12.66998 -26.79 moveto
-9.87003 -26.79 lineto stroke
 0.24501 0 dtransform exch truncate exch idtransform pop setlinewidth
newpath -11.27 -28.18997 moveto
-11.27 -25.39001 lineto stroke
 0.00002 0.00018 0.00145 setrgbcolor
newpath -10.70999 -26.79 moveto
-10.70999 -26.64146 -10.769 -26.49904 -10.87402 -26.39401 curveto
-10.97905 -26.28899 -11.12148 -26.22998 -11.27 -26.22998 curveto
-11.41853 -26.22998 -11.56096 -26.28899 -11.66599 -26.39401 curveto
-11.77101 -26.49904 -11.83002 -26.64146 -11.83002 -26.79 curveto
-11.83002 -26.93852 -11.77101 -27.08095 -11.66599 -27.18597 curveto
-11.56096 -27.291 -11.41853 -27.35 -11.27 -27.35 curveto
-11.12148 -27.35 -10.97905 -27.291 -10.87402 -27.18597 curveto
-10.769 -27.08095 -10.70999 -26.93852 -10.70999 -26.79 curveto closepath fill
 0 0 0 setrgbcolor 0 0.35 dtransform truncate idtransform setlinewidth pop
newpath -11.27 -26.79 moveto 0 0 rlineto stroke
 0 0.24501 dtransform truncate idtransform setlinewidth pop
newpath -23.16998 -23.51 moveto
-20.37003 -23.51 lineto stroke
 0.24501 0 dtransform exch truncate exch idtransform pop setlinewidth
newpath -21.77 -24.90997 moveto
-21.77 -22.11002 lineto stroke
 0.00002 0.00018 0.00145 setrgbcolor
newpath -21.20999 -23.51 moveto
-21.20999 -23.36147 -21.269 -23.21904 -21.37402 -23.11401 curveto
-21.47905 -23.00899 -21.62148 -22.94998 -21.77 -22.94998 curveto
-21.91853 -22.94998 -22.06096 -23.00899 -22.16599 -23.11401 curveto
-22.27101 -23.21904 -22.33002 -23.36147 -22.33002 -23.51 curveto
-22.33002 -23.65852 -22.27101 -23.80095 -22.16599 -23.90598 curveto
-22.06096 -24.011 -21.91853 -24.07 -21.77 -24.07 curveto
-21.62148 -24.07 -21.47905 -24.011 -21.37402 -23.90598 curveto
-21.269 -23.80095 -21.20999 -23.65852 -21.20999 -23.51 curveto closepath fill
 0 0 0 setrgbcolor 0 0.35 dtransform truncate idtransform setlinewidth pop
newpath -21.77 -23.51 moveto 0 0 rlineto stroke
 0 0.24501 dtransform truncate idtransform setlinewidth pop
newpath -26.65997 -12.52 moveto
-23.86002 -12.52 lineto stroke
 0.24501 0 dtransform exch truncate exch idtransform pop setlinewidth
newpath -25.26 -13.91998 moveto
-25.26 -11.12003 lineto stroke
 0.00002 0.00018 0.00145 setrgbcolor
newpath -24.69998 -12.52 moveto
-24.69998 -12.37148 -24.75899 -12.22905 -24.86401 -12.12402 curveto
-24.96904 -12.019 -25.11147 -11.95999 -25.26 -11.95999 curveto
-25.40852 -11.95999 -25.55095 -12.019 -25.65598 -12.12402 curveto
-25.761 -12.22905 -25.82 -12.37148 -25.82 -12.52 curveto
-25.82 -12.66853 -25.761 -12.81096 -25.65598 -12.91599 curveto
-25.55095 -13.02101 -25.40852 -13.08002 -25.26 -13.08002 curveto
-25.11147 -13.08002 -24.96904 -13.02101 -24.86401 -12.91599 curveto
-24.75899 -12.81096 -24.69998 -12.66853 -24.69998 -12.52 curveto closepath fill
 0 0 0 setrgbcolor 0 0.35 dtransform truncate idtransform setlinewidth pop
newpath -25.26 -12.52 moveto 0 0 rlineto stroke
 0 0.24501 dtransform truncate idtransform setlinewidth pop
newpath -10.23997 -8.32 moveto
-7.44002 -8.32 lineto stroke
 0.24501 0 dtransform exch truncate exch idtransform pop setlinewidth
newpath -8.84 -9.71999 moveto
-8.84 -6.92003 lineto stroke
 0.00002 0.00018 0.00145 setrgbcolor
newpath -8.27998 -8.32 moveto
-8.27998 -8.17148 -8.33899 -8.02905 -8.44402 -7.92403 curveto
-8.54904 -7.819 -8.69147 -7.76 -8.84 -7.76 curveto
-8.98853 -7.76 -9.13095 -7.819 -9.23598 -7.92403 curveto
-9.341 -8.02905 -9.40001 -8.17148 -9.40001 -8.32 curveto
-9.40001 -8.46854 -9.341 -8.61096 -9.23598 -8.71599 curveto
-9.13095 -8.82101 -8.98853 -8.88002 -8.84 -8.88002 curveto
-8.69147 -8.88002 -8.54904 -8.82101 -8.44402 -8.71599 curveto
-8.33899 -8.61096 -8.27998 -8.46854 -8.27998 -8.32 curveto closepath fill
 0 0 0 setrgbcolor 0 0.35 dtransform truncate idtransform setlinewidth pop
newpath -8.84 -8.32 moveto 0 0 rlineto stroke
 0 0.24501 dtransform truncate idtransform setlinewidth pop
newpath -5.01997 16.86 moveto
-2.22002 16.86 lineto stroke
 0.24501 0 dtransform exch truncate exch idtransform pop setlinewidth
newpath -3.62 15.46002 moveto
-3.62 18.25998 lineto stroke
 0.00002 0.00018 0.00145 setrgbcolor
newpath -3.05998 16.86 moveto
-3.05998 17.00853 -3.11899 17.15096 -3.22401 17.25598 curveto
-3.32904 17.36101 -3.47147 17.42001 -3.62 17.42001 curveto
-3.76852 17.42001 -3.91095 17.36101 -4.01598 17.25598 curveto
-4.121 17.15096 -4.18001 17.00853 -4.18001 16.86 curveto
-4.18001 16.71147 -4.121 16.56905 -4.01598 16.46402 curveto
-3.91095 16.359 -3.76852 16.29999 -3.62 16.29999 curveto
-3.47147 16.29999 -3.32904 16.359 -3.22401 16.46402 curveto
-3.11899 16.56905 -3.05998 16.71147 -3.05998 16.86 curveto closepath fill
 0 0 0 setrgbcolor 0 0.35 dtransform truncate idtransform setlinewidth pop
newpath -3.62 16.86 moveto 0 0 rlineto stroke
 0 0.24501 dtransform truncate idtransform setlinewidth pop
newpath -0.74998 39.99 moveto
2.04997 39.99 lineto stroke
 0.24501 0 dtransform exch truncate exch idtransform pop setlinewidth
newpath 0.65 38.59003 moveto
0.65 41.38998 lineto stroke
 0.00002 0.00018 0.00145 setrgbcolor
newpath 1.21 39.99 moveto
1.21 40.13853 1.151 40.28096 1.04597 40.38599 curveto
0.94095 40.49101 0.79852 40.55002 0.65 40.55002 curveto
0.50146 40.55002 0.35904 40.49101 0.25401 40.38599 curveto
0.14899 40.28096 0.08998 40.13853 0.08998 39.99 curveto
0.08998 39.84148 0.14899 39.69905 0.25401 39.59402 curveto
0.35904 39.489 0.50146 39.43 0.65 39.43 curveto
0.79852 39.43 0.94095 39.489 1.04597 39.59402 curveto
1.151 39.69905 1.21 39.84148 1.21 39.99 curveto closepath fill
 0 0 0 setrgbcolor 0 0.35 dtransform truncate idtransform setlinewidth pop
newpath 0.65 39.99 moveto 0 0 rlineto stroke
 0 0.24501 dtransform truncate idtransform setlinewidth pop
newpath 4.95003 49.46 moveto
7.74998 49.46 lineto stroke
 0.24501 0 dtransform exch truncate exch idtransform pop setlinewidth
newpath 6.35 48.06003 moveto
6.35 50.85999 lineto stroke
 0.00002 0.00018 0.00145 setrgbcolor
newpath 6.91002 49.46 moveto
6.91002 49.60854 6.85101 49.75096 6.74599 49.85599 curveto
6.64096 49.96101 6.49854 50.02002 6.35 50.02002 curveto
6.20148 50.02002 6.05905 49.96101 5.95403 49.85599 curveto
5.849 49.75096 5.79 49.60854 5.79 49.46 curveto
5.79 49.31148 5.849 49.16905 5.95403 49.06403 curveto
6.05905 48.959 6.20148 48.9 6.35 48.9 curveto
6.49854 48.9 6.64096 48.959 6.74599 49.06403 curveto
6.85101 49.16905 6.91002 49.31148 6.91002 49.46 curveto closepath fill
 0 0 0 setrgbcolor 0 0.35 dtransform truncate idtransform setlinewidth pop
newpath 6.35 49.46 moveto 0 0 rlineto stroke
 0 0.24501 dtransform truncate idtransform setlinewidth pop
newpath -17.20998 0.24 moveto
-14.41002 0.24 lineto stroke
 0.24501 0 dtransform exch truncate exch idtransform pop setlinewidth
newpath -15.81 -1.15997 moveto
-15.81 1.63998 lineto stroke
 0.00002 0.00018 0.00145 setrgbcolor
newpath -15.24998 0.24 moveto
-15.24998 0.38853 -15.30899 0.53096 -15.41402 0.63599 curveto
-15.51904 0.74101 -15.66147 0.80002 -15.81 0.80002 curveto
-15.95853 0.80002 -16.10095 0.74101 -16.20598 0.63599 curveto
-16.311 0.53096 -16.37001 0.38853 -16.37001 0.24 curveto
-16.37001 0.09148 -16.311 -0.05095 -16.20598 -0.15598 curveto
-16.10095 -0.261 -15.95853 -0.32 -15.81 -0.32 curveto
-15.66147 -0.32 -15.51904 -0.261 -15.41402 -0.15598 curveto
-15.30899 -0.05095 -15.24998 0.09148 -15.24998 0.24 curveto closepath fill
 0 0 0 setrgbcolor 0 0.35 dtransform truncate idtransform setlinewidth pop
newpath -15.81 0.24 moveto 0 0 rlineto stroke
 0 0.24501 dtransform truncate idtransform setlinewidth pop
newpath -19.19998 13.86 moveto
-16.40002 13.86 lineto stroke
 0.24501 0 dtransform exch truncate exch idtransform pop setlinewidth
newpath -17.8 12.46002 moveto
-17.8 15.25998 lineto stroke
 0.00002 0.00018 0.00145 setrgbcolor
newpath -17.23999 13.86 moveto
-17.23999 14.00853 -17.299 14.15096 -17.40402 14.25598 curveto
-17.50905 14.36101 -17.65147 14.42001 -17.8 14.42001 curveto
-17.94853 14.42001 -18.09096 14.36101 -18.19598 14.25598 curveto
-18.30101 14.15096 -18.36002 14.00853 -18.36002 13.86 curveto
-18.36002 13.71147 -18.30101 13.56905 -18.19598 13.46402 curveto
-18.09096 13.359 -17.94853 13.29999 -17.8 13.29999 curveto
-17.65147 13.29999 -17.50905 13.359 -17.40402 13.46402 curveto
-17.299 13.56905 -17.23999 13.71147 -17.23999 13.86 curveto closepath fill
 0 0 0 setrgbcolor 0 0.35 dtransform truncate idtransform setlinewidth pop
newpath -17.8 13.86 moveto 0 0 rlineto stroke
 0 0.24501 dtransform truncate idtransform setlinewidth pop
newpath -12.11998 20.21 moveto
-9.32002 20.21 lineto stroke
 0.24501 0 dtransform exch truncate exch idtransform pop setlinewidth
newpath -10.72 18.81003 moveto
-10.72 21.60999 lineto stroke
 0.00002 0.00018 0.00145 setrgbcolor
newpath -10.15999 20.21 moveto
-10.15999 20.35854 -10.219 20.50096 -10.32402 20.60599 curveto
-10.42905 20.71101 -10.57147 20.77002 -10.72 20.77002 curveto
-10.86853 20.77002 -11.01096 20.71101 -11.11598 20.60599 curveto
-11.22101 20.50096 -11.28001 20.35854 -11.28001 20.21 curveto
-11.28001 20.06148 -11.22101 19.91905 -11.11598 19.81403 curveto
-11.01096 19.709 -10.86853 19.65 -10.72 19.65 curveto
-10.57147 19.65 -10.42905 19.709 -10.32402 19.81403 curveto
-10.219 19.91905 -10.15999 20.06148 -10.15999 20.21 curveto closepath fill
 0 0 0 setrgbcolor 0 0.35 dtransform truncate idtransform setlinewidth pop
newpath -10.72 20.21 moveto 0 0 rlineto stroke
 0 0.24501 dtransform truncate idtransform setlinewidth pop
newpath -8.16998 29.15 moveto
-5.37003 29.15 lineto stroke
 0.24501 0 dtransform exch truncate exch idtransform pop setlinewidth
newpath -6.77 27.75002 moveto
-6.77 30.54997 lineto stroke
 0.00002 0.00018 0.00145 setrgbcolor
newpath -6.20999 29.15 moveto
-6.20999 29.29852 -6.269 29.44095 -6.37402 29.54597 curveto
-6.47905 29.651 -6.62148 29.71 -6.77 29.71 curveto
-6.91853 29.71 -7.06096 29.651 -7.16599 29.54597 curveto
-7.27101 29.44095 -7.33002 29.29852 -7.33002 29.15 curveto
-7.33002 29.00146 -7.27101 28.85904 -7.16599 28.75401 curveto
-7.06096 28.64899 -6.91853 28.58998 -6.77 28.58998 curveto
-6.62148 28.58998 -6.47905 28.64899 -6.37402 28.75401 curveto
-6.269 28.85904 -6.20999 29.00146 -6.20999 29.15 curveto closepath fill
 0 0 0 setrgbcolor 0 0.35 dtransform truncate idtransform setlinewidth pop
newpath -6.77 29.15 moveto 0 0 rlineto stroke
 0 0.24501 dtransform truncate idtransform setlinewidth pop
newpath -22.00998 42.61 moveto
-19.21002 42.61 lineto stroke
 0.24501 0 dtransform exch truncate exch idtransform pop setlinewidth
newpath -20.61 41.21002 moveto
-20.61 44.00998 lineto stroke
 0.00002 0.00018 0.00145 setrgbcolor
newpath -20.04999 42.61 moveto
-20.04999 42.75853 -20.109 42.90096 -20.21402 43.00598 curveto
-20.31905 43.11101 -20.46147 43.17001 -20.61 43.17001 curveto
-20.75853 43.17001 -20.90096 43.11101 -21.00598 43.00598 curveto
-21.11101 42.90096 -21.17001 42.75853 -21.17001 42.61 curveto
-21.17001 42.46147 -21.11101 42.31905 -21.00598 42.21402 curveto
-20.90096 42.109 -20.75853 42.04999 -20.61 42.04999 curveto
-20.46147 42.04999 -20.31905 42.109 -20.21402 42.21402 curveto
-20.109 42.31905 -20.04999 42.46147 -20.04999 42.61 curveto closepath fill
 0 0 0 setrgbcolor 0 0.35 dtransform truncate idtransform setlinewidth pop
newpath -20.61 42.61 moveto 0 0 rlineto stroke
 0 0.24501 dtransform truncate idtransform setlinewidth pop
newpath -15.95998 54.23 moveto
-13.16002 54.23 lineto stroke
 0.24501 0 dtransform exch truncate exch idtransform pop setlinewidth
newpath -14.56 52.83002 moveto
-14.56 55.62997 lineto stroke
 0.00002 0.00018 0.00145 setrgbcolor
newpath -13.99998 54.23 moveto
-13.99998 54.37852 -14.05899 54.52095 -14.16402 54.62598 curveto
-14.26904 54.731 -14.41147 54.79001 -14.56 54.79001 curveto
-14.70853 54.79001 -14.85095 54.731 -14.95598 54.62598 curveto
-15.061 54.52095 -15.12001 54.37852 -15.12001 54.23 curveto
-15.12001 54.08147 -15.061 53.93904 -14.95598 53.83401 curveto
-14.85095 53.72899 -14.70853 53.66998 -14.56 53.66998 curveto
-14.41147 53.66998 -14.26904 53.72899 -14.16402 53.83401 curveto
-14.05899 53.93904 -13.99998 54.08147 -13.99998 54.23 curveto closepath fill
 0 0 0 setrgbcolor 0 0.35 dtransform truncate idtransform setlinewidth pop
newpath -14.56 54.23 moveto 0 0 rlineto stroke
 0 0.24501 dtransform truncate idtransform setlinewidth pop
newpath -25.71999 58 moveto
-22.92003 58 lineto stroke
 0.24501 0 dtransform exch truncate exch idtransform pop setlinewidth
newpath -24.32 56.60002 moveto
-24.32 59.39998 lineto stroke
 0.00002 0.00018 0.00145 setrgbcolor
newpath -23.76 58 moveto
-23.76 58.14853 -23.819 58.29095 -23.92403 58.39598 curveto
-24.02905 58.501 -24.17148 58.56001 -24.32 58.56001 curveto
-24.46854 58.56001 -24.61096 58.501 -24.71599 58.39598 curveto
-24.82101 58.29095 -24.88002 58.14853 -24.88002 58 curveto
-24.88002 57.85147 -24.82101 57.70905 -24.71599 57.60402 curveto
-24.61096 57.499 -24.46854 57.43999 -24.32 57.43999 curveto
-24.17148 57.43999 -24.02905 57.499 -23.92403 57.60402 curveto
-23.819 57.70905 -23.76 57.85147 -23.76 58 curveto closepath fill
 0 0 0 setrgbcolor 0 0.35 dtransform truncate idtransform setlinewidth pop
newpath -24.32 58 moveto 0 0 rlineto stroke
 0 0.24501 dtransform truncate idtransform setlinewidth pop
newpath -31.42998 63.22 moveto
-28.63002 63.22 lineto stroke
 0.24501 0 dtransform exch truncate exch idtransform pop setlinewidth
newpath -30.03 61.82002 moveto
-30.03 64.61998 lineto stroke
 0.00002 0.00018 0.00145 setrgbcolor
newpath -29.46999 63.22 moveto
-29.46999 63.36853 -29.52899 63.51096 -29.63402 63.61598 curveto
-29.73904 63.72101 -29.88147 63.78001 -30.03 63.78001 curveto
-30.17853 63.78001 -30.32095 63.72101 -30.42598 63.61598 curveto
-30.531 63.51096 -30.59001 63.36853 -30.59001 63.22 curveto
-30.59001 63.07147 -30.531 62.92905 -30.42598 62.82402 curveto
-30.32095 62.719 -30.17853 62.65999 -30.03 62.65999 curveto
-29.88147 62.65999 -29.73904 62.719 -29.63402 62.82402 curveto
-29.52899 62.92905 -29.46999 63.07147 -29.46999 63.22 curveto closepath fill
 0 0 0 setrgbcolor 0 0.35 dtransform truncate idtransform setlinewidth pop
newpath -30.03 63.22 moveto 0 0 rlineto stroke
 0 0.24501 dtransform truncate idtransform setlinewidth pop
newpath -38.66998 69.58 moveto
-35.87003 69.58 lineto stroke
 0.24501 0 dtransform exch truncate exch idtransform pop setlinewidth
newpath -37.27 68.18002 moveto
-37.27 70.97998 lineto stroke
 0.00002 0.00018 0.00145 setrgbcolor
newpath -36.70999 69.58 moveto
-36.70999 69.72853 -36.769 69.87096 -36.87402 69.97598 curveto
-36.97905 70.08101 -37.12148 70.14001 -37.27 70.14001 curveto
-37.41853 70.14001 -37.56096 70.08101 -37.66599 69.97598 curveto
-37.77101 69.87096 -37.83002 69.72853 -37.83002 69.58 curveto
-37.83002 69.43147 -37.77101 69.28905 -37.66599 69.18402 curveto
-37.56096 69.079 -37.41853 69.01999 -37.27 69.01999 curveto
-37.12148 69.01999 -36.97905 69.079 -36.87402 69.18402 curveto
-36.769 69.28905 -36.70999 69.43147 -36.70999 69.58 curveto closepath fill
 0 0 0 setrgbcolor 0 0.35 dtransform truncate idtransform setlinewidth pop
newpath -37.27 69.58 moveto 0 0 rlineto stroke
 0 0.24501 dtransform truncate idtransform setlinewidth pop
newpath -41.13998 59.65 moveto
-38.34003 59.65 lineto stroke
 0.24501 0 dtransform exch truncate exch idtransform pop setlinewidth
newpath -39.74 58.25002 moveto
-39.74 61.04997 lineto stroke
 0.00002 0.00018 0.00145 setrgbcolor
newpath -39.18 59.65 moveto
-39.18 59.79852 -39.239 59.94095 -39.34402 60.04597 curveto
-39.44905 60.151 -39.59148 60.21 -39.74 60.21 curveto
-39.88853 60.21 -40.03096 60.151 -40.13599 60.04597 curveto
-40.24101 59.94095 -40.30002 59.79852 -40.30002 59.65 curveto
-40.30002 59.50146 -40.24101 59.35904 -40.13599 59.25401 curveto
-40.03096 59.14899 -39.88853 59.08998 -39.74 59.08998 curveto
-39.59148 59.08998 -39.44905 59.14899 -39.34402 59.25401 curveto
-39.239 59.35904 -39.18 59.50146 -39.18 59.65 curveto closepath fill
 0 0 0 setrgbcolor 0 0.35 dtransform truncate idtransform setlinewidth pop
newpath -39.74 59.65 moveto 0 0 rlineto stroke
 0 0.24501 dtransform truncate idtransform setlinewidth pop
newpath -49.00998 49.27 moveto
-46.21002 49.27 lineto stroke
 0.24501 0 dtransform exch truncate exch idtransform pop setlinewidth
newpath -47.61 47.87003 moveto
-47.61 50.66998 lineto stroke
 0.00002 0.00018 0.00145 setrgbcolor
newpath -47.04999 49.27 moveto
-47.04999 49.41853 -47.109 49.56096 -47.21402 49.66599 curveto
-47.31905 49.77101 -47.46147 49.83002 -47.61 49.83002 curveto
-47.75853 49.83002 -47.90096 49.77101 -48.00598 49.66599 curveto
-48.11101 49.56096 -48.17001 49.41853 -48.17001 49.27 curveto
-48.17001 49.12148 -48.11101 48.97905 -48.00598 48.87402 curveto
-47.90096 48.769 -47.75853 48.70999 -47.61 48.70999 curveto
-47.46147 48.70999 -47.31905 48.769 -47.21402 48.87402 curveto
-47.109 48.97905 -47.04999 49.12148 -47.04999 49.27 curveto closepath fill
 0 0 0 setrgbcolor 0 0.35 dtransform truncate idtransform setlinewidth pop
newpath -47.61 49.27 moveto 0 0 rlineto stroke
 0 0.24501 dtransform truncate idtransform setlinewidth pop
newpath -66.82997 55.36 moveto
-64.03001 55.36 lineto stroke
 0.24501 0 dtransform exch truncate exch idtransform pop setlinewidth
newpath -65.43 53.96002 moveto
-65.43 56.75998 lineto stroke
 0.00002 0.00018 0.00145 setrgbcolor
newpath -64.86998 55.36 moveto
-64.86998 55.50853 -64.92899 55.65096 -65.03401 55.75598 curveto
-65.13904 55.86101 -65.28146 55.92001 -65.43 55.92001 curveto
-65.57852 55.92001 -65.72095 55.86101 -65.82597 55.75598 curveto
-65.931 55.65096 -65.99 55.50853 -65.99 55.36 curveto
-65.99 55.21147 -65.931 55.06905 -65.82597 54.96402 curveto
-65.72095 54.859 -65.57852 54.79999 -65.43 54.79999 curveto
-65.28146 54.79999 -65.13904 54.859 -65.03401 54.96402 curveto
-64.92899 55.06905 -64.86998 55.21147 -64.86998 55.36 curveto closepath fill
 0 0 0 setrgbcolor 0 0.35 dtransform truncate idtransform setlinewidth pop
newpath -65.43 55.36 moveto 0 0 rlineto stroke
 0 0.24501 dtransform truncate idtransform setlinewidth pop
newpath -66.49998 59.18 moveto
-63.70003 59.18 lineto stroke
 0.24501 0 dtransform exch truncate exch idtransform pop setlinewidth
newpath -65.1 57.78001 moveto
-65.1 60.57997 lineto stroke
 0.00002 0.00018 0.00145 setrgbcolor
newpath -64.54 59.18 moveto
-64.54 59.32852 -64.599 59.47095 -64.70403 59.57597 curveto
-64.80905 59.681 -64.95148 59.74 -65.1 59.74 curveto
-65.24854 59.74 -65.39096 59.681 -65.49599 59.57597 curveto
-65.60101 59.47095 -65.66002 59.32852 -65.66002 59.18 curveto
-65.66002 59.03146 -65.60101 58.88904 -65.49599 58.78401 curveto
-65.39096 58.67899 -65.24854 58.61998 -65.1 58.61998 curveto
-64.95148 58.61998 -64.80905 58.67899 -64.70403 58.78401 curveto
-64.599 58.88904 -64.54 59.03146 -64.54 59.18 curveto closepath fill
 0 0 0 setrgbcolor 0 0.35 dtransform truncate idtransform setlinewidth pop
newpath -65.1 59.18 moveto 0 0 rlineto stroke
 0 0.24501 dtransform truncate idtransform setlinewidth pop
newpath -77.95998 64.55 moveto
-75.16002 64.55 lineto stroke
 0.24501 0 dtransform exch truncate exch idtransform pop setlinewidth
newpath -76.56 63.15002 moveto
-76.56 65.94998 lineto stroke
 0.00002 0.00018 0.00145 setrgbcolor
newpath -75.99998 64.55 moveto
-75.99998 64.69853 -76.05899 64.84096 -76.16402 64.94598 curveto
-76.26904 65.05101 -76.41147 65.11002 -76.56 65.11002 curveto
-76.70853 65.11002 -76.85095 65.05101 -76.95598 64.94598 curveto
-77.061 64.84096 -77.12001 64.69853 -77.12001 64.55 curveto
-77.12001 64.40147 -77.061 64.25905 -76.95598 64.15402 curveto
-76.85095 64.049 -76.70853 63.98999 -76.56 63.98999 curveto
-76.41147 63.98999 -76.26904 64.049 -76.16402 64.15402 curveto
-76.05899 64.25905 -75.99998 64.40147 -75.99998 64.55 curveto closepath fill
 0 0 0 setrgbcolor 0 0.35 dtransform truncate idtransform setlinewidth pop
newpath -76.56 64.55 moveto 0 0 rlineto stroke
 0 0.24501 dtransform truncate idtransform setlinewidth pop
newpath -78.01997 80.51 moveto
-75.22002 80.51 lineto stroke
 0.24501 0 dtransform exch truncate exch idtransform pop setlinewidth
newpath -76.62 79.11002 moveto
-76.62 81.90997 lineto stroke
 0.00002 0.00018 0.00145 setrgbcolor
newpath -76.05998 80.51 moveto
-76.05998 80.65852 -76.11899 80.80095 -76.22401 80.90598 curveto
-76.32904 81.011 -76.47147 81.07 -76.62 81.07 curveto
-76.76852 81.07 -76.91095 81.011 -77.01598 80.90598 curveto
-77.121 80.80095 -77.18001 80.65852 -77.18001 80.51 curveto
-77.18001 80.36147 -77.121 80.21904 -77.01598 80.11401 curveto
-76.91095 80.00899 -76.76852 79.94998 -76.62 79.94998 curveto
-76.47147 79.94998 -76.32904 80.00899 -76.22401 80.11401 curveto
-76.11899 80.21904 -76.05998 80.36147 -76.05998 80.51 curveto closepath fill
 0 0 0 setrgbcolor 0 0.35 dtransform truncate idtransform setlinewidth pop
newpath -76.62 80.51 moveto 0 0 rlineto stroke
 0 0.24501 dtransform truncate idtransform setlinewidth pop
newpath -87.03998 88.75 moveto
-84.24002 88.75 lineto stroke
 0.24501 0 dtransform exch truncate exch idtransform pop setlinewidth
newpath -85.64 87.35002 moveto
-85.64 90.14998 lineto stroke
 0.00002 0.00018 0.00145 setrgbcolor
newpath -85.07999 88.75 moveto
-85.07999 88.89853 -85.13899 89.04095 -85.24402 89.14598 curveto
-85.34904 89.251 -85.49147 89.31001 -85.64 89.31001 curveto
-85.78853 89.31001 -85.93095 89.251 -86.03598 89.14598 curveto
-86.141 89.04095 -86.20001 88.89853 -86.20001 88.75 curveto
-86.20001 88.60147 -86.141 88.45905 -86.03598 88.35402 curveto
-85.93095 88.249 -85.78853 88.18999 -85.64 88.18999 curveto
-85.49147 88.18999 -85.34904 88.249 -85.24402 88.35402 curveto
-85.13899 88.45905 -85.07999 88.60147 -85.07999 88.75 curveto closepath fill
 0 0 0 setrgbcolor 0 0.35 dtransform truncate idtransform setlinewidth pop
newpath -85.64 88.75 moveto 0 0 rlineto stroke
 0 0.24501 dtransform truncate idtransform setlinewidth pop
newpath -90.29997 97.24 moveto
-87.50002 97.24 lineto stroke
 0.24501 0 dtransform exch truncate exch idtransform pop setlinewidth
newpath -88.9 95.84003 moveto
-88.9 98.63998 lineto stroke
 0.00002 0.00018 0.00145 setrgbcolor
newpath -88.33998 97.24 moveto
-88.33998 97.38853 -88.39899 97.53096 -88.50401 97.63599 curveto
-88.60904 97.74101 -88.75146 97.80002 -88.9 97.80002 curveto
-89.04852 97.80002 -89.19095 97.74101 -89.29597 97.63599 curveto
-89.401 97.53096 -89.46 97.38853 -89.46 97.24 curveto
-89.46 97.09148 -89.401 96.94905 -89.29597 96.84402 curveto
-89.19095 96.739 -89.04852 96.68 -88.9 96.68 curveto
-88.75146 96.68 -88.60904 96.739 -88.50401 96.84402 curveto
-88.39899 96.94905 -88.33998 97.09148 -88.33998 97.24 curveto closepath fill
 0 0 0 setrgbcolor 0 0.35 dtransform truncate idtransform setlinewidth pop
newpath -88.9 97.24 moveto 0 0 rlineto stroke
 0 0.24501 dtransform truncate idtransform setlinewidth pop
newpath -97.74998 92.11 moveto
-94.95003 92.11 lineto stroke
 0.24501 0 dtransform exch truncate exch idtransform pop setlinewidth
newpath -96.35 90.71002 moveto
-96.35 93.50998 lineto stroke
 0.00002 0.00018 0.00145 setrgbcolor
newpath -95.79 92.11 moveto
-95.79 92.25853 -95.849 92.40096 -95.95403 92.50598 curveto
-96.05905 92.61101 -96.20148 92.67001 -96.35 92.67001 curveto
-96.49854 92.67001 -96.64096 92.61101 -96.74599 92.50598 curveto
-96.85101 92.40096 -96.91002 92.25853 -96.91002 92.11 curveto
-96.91002 91.96147 -96.85101 91.81905 -96.74599 91.71402 curveto
-96.64096 91.609 -96.49854 91.54999 -96.35 91.54999 curveto
-96.20148 91.54999 -96.05905 91.609 -95.95403 91.71402 curveto
-95.849 91.81905 -95.79 91.96147 -95.79 92.11 curveto closepath fill
 0 0 0 setrgbcolor 0 0.35 dtransform truncate idtransform setlinewidth pop
newpath -96.35 92.11 moveto 0 0 rlineto stroke
 0 0.24501 dtransform truncate idtransform setlinewidth pop
newpath -109.17998 106.98 moveto
-106.38002 106.98 lineto stroke
 0.24501 0 dtransform exch truncate exch idtransform pop setlinewidth
newpath -107.78 105.58002 moveto
-107.78 108.37997 lineto stroke
 0.00002 0.00018 0.00145 setrgbcolor
newpath -107.21999 106.98 moveto
-107.21999 107.12852 -107.27899 107.27095 -107.38402 107.37598 curveto
-107.48904 107.481 -107.63147 107.54001 -107.78 107.54001 curveto
-107.92853 107.54001 -108.07095 107.481 -108.17598 107.37598 curveto
-108.281 107.27095 -108.34001 107.12852 -108.34001 106.98 curveto
-108.34001 106.83147 -108.281 106.68904 -108.17598 106.58401 curveto
-108.07095 106.47899 -107.92853 106.41998 -107.78 106.41998 curveto
-107.63147 106.41998 -107.48904 106.47899 -107.38402 106.58401 curveto
-107.27899 106.68904 -107.21999 106.83147 -107.21999 106.98 curveto closepath
 fill
 0 0 0 setrgbcolor 0 0.35 dtransform truncate idtransform setlinewidth pop
newpath -107.78 106.98 moveto 0 0 rlineto stroke
 0 0.24501 dtransform truncate idtransform setlinewidth pop
newpath -110.53998 134.34 moveto
-107.74002 134.34 lineto stroke
 0.24501 0 dtransform exch truncate exch idtransform pop setlinewidth
newpath -109.14 132.94002 moveto
-109.14 135.73997 lineto stroke
 0.00002 0.00018 0.00145 setrgbcolor
newpath -108.57999 134.34 moveto
-108.57999 134.48853 -108.63899 134.63095 -108.74402 134.73598 curveto
-108.84904 134.841 -108.99147 134.90001 -109.14 134.90001 curveto
-109.28853 134.90001 -109.43095 134.841 -109.53598 134.73598 curveto
-109.641 134.63095 -109.70001 134.48853 -109.70001 134.34 curveto
-109.70001 134.19147 -109.641 134.04904 -109.53598 133.94402 curveto
-109.43095 133.83899 -109.28853 133.77998 -109.14 133.77998 curveto
-108.99147 133.77998 -108.84904 133.83899 -108.74402 133.94402 curveto
-108.63899 134.04904 -108.57999 134.19147 -108.57999 134.34 curveto closepath
 fill
 0 0 0 setrgbcolor 0 0.35 dtransform truncate idtransform setlinewidth pop
newpath -109.14 134.34 moveto 0 0 rlineto stroke
 0 0.24501 dtransform truncate idtransform setlinewidth pop
newpath -103.77998 139.02 moveto
-100.98003 139.02 lineto stroke
 0.24501 0 dtransform exch truncate exch idtransform pop setlinewidth
newpath -102.38 137.62003 moveto
-102.38 140.41998 lineto stroke
 0.00002 0.00018 0.00145 setrgbcolor
newpath -101.81999 139.02 moveto
-101.81999 139.16853 -101.879 139.31096 -101.98402 139.41599 curveto
-102.08905 139.52101 -102.23148 139.58002 -102.38 139.58002 curveto
-102.52853 139.58002 -102.67096 139.52101 -102.77599 139.41599 curveto
-102.88101 139.31096 -102.94002 139.16853 -102.94002 139.02 curveto
-102.94002 138.87148 -102.88101 138.72905 -102.77599 138.62402 curveto
-102.67096 138.519 -102.52853 138.45999 -102.38 138.45999 curveto
-102.23148 138.45999 -102.08905 138.519 -101.98402 138.62402 curveto
-101.879 138.72905 -101.81999 138.87148 -101.81999 139.02 curveto closepath
 fill
 0 0 0 setrgbcolor 0 0.35 dtransform truncate idtransform setlinewidth pop
newpath -102.38 139.02 moveto 0 0 rlineto stroke
 0 0.24501 dtransform truncate idtransform setlinewidth pop
newpath -98.96999 147 moveto
-96.17003 147 lineto stroke
 0.24501 0 dtransform exch truncate exch idtransform pop setlinewidth
newpath -97.57 145.60002 moveto
-97.57 148.39998 lineto stroke
 0.00002 0.00018 0.00145 setrgbcolor
newpath -97.01 147 moveto
-97.01 147.14853 -97.069 147.29095 -97.17403 147.39598 curveto
-97.27905 147.501 -97.42148 147.56001 -97.57 147.56001 curveto
-97.71854 147.56001 -97.86096 147.501 -97.96599 147.39598 curveto
-98.07101 147.29095 -98.13002 147.14853 -98.13002 147 curveto
-98.13002 146.85147 -98.07101 146.70905 -97.96599 146.60402 curveto
-97.86096 146.499 -97.71854 146.43999 -97.57 146.43999 curveto
-97.42148 146.43999 -97.27905 146.499 -97.17403 146.60402 curveto
-97.069 146.70905 -97.01 146.85147 -97.01 147 curveto closepath fill
 0 0 0 setrgbcolor 0 0.35 dtransform truncate idtransform setlinewidth pop
newpath -97.57 147 moveto 0 0 rlineto stroke
 0 0.24501 dtransform truncate idtransform setlinewidth pop
newpath -99.92998 162.45 moveto
-97.13002 162.45 lineto stroke
 0.24501 0 dtransform exch truncate exch idtransform pop setlinewidth
newpath -98.53 161.05002 moveto
-98.53 163.84998 lineto stroke
 0.00002 0.00018 0.00145 setrgbcolor
newpath -97.96999 162.45 moveto
-97.96999 162.59853 -98.02899 162.74095 -98.13402 162.84598 curveto
-98.23904 162.951 -98.38147 163.01001 -98.53 163.01001 curveto
-98.67853 163.01001 -98.82095 162.951 -98.92598 162.84598 curveto
-99.031 162.74095 -99.09001 162.59853 -99.09001 162.45 curveto
-99.09001 162.30147 -99.031 162.15904 -98.92598 162.05402 curveto
-98.82095 161.94899 -98.67853 161.88998 -98.53 161.88998 curveto
-98.38147 161.88998 -98.23904 161.94899 -98.13402 162.05402 curveto
-98.02899 162.15904 -97.96999 162.30147 -97.96999 162.45 curveto closepath fill
 0 0 0 setrgbcolor 0 0.35 dtransform truncate idtransform setlinewidth pop
newpath -98.53 162.45 moveto 0 0 rlineto stroke
 0 0.24501 dtransform truncate idtransform setlinewidth pop
newpath -83.16998 163.83 moveto
-80.37003 163.83 lineto stroke
 0.24501 0 dtransform exch truncate exch idtransform pop setlinewidth
newpath -81.77 162.43002 moveto
-81.77 165.22998 lineto stroke
 0.00002 0.00018 0.00145 setrgbcolor
newpath -81.20999 163.83 moveto
-81.20999 163.97853 -81.269 164.12096 -81.37402 164.22598 curveto
-81.47905 164.33101 -81.62148 164.39001 -81.77 164.39001 curveto
-81.91853 164.39001 -82.06096 164.33101 -82.16599 164.22598 curveto
-82.27101 164.12096 -82.33002 163.97853 -82.33002 163.83 curveto
-82.33002 163.68147 -82.27101 163.53905 -82.16599 163.43402 curveto
-82.06096 163.329 -81.91853 163.26999 -81.77 163.26999 curveto
-81.62148 163.26999 -81.47905 163.329 -81.37402 163.43402 curveto
-81.269 163.53905 -81.20999 163.68147 -81.20999 163.83 curveto closepath fill
 0 0 0 setrgbcolor 0 0.35 dtransform truncate idtransform setlinewidth pop
newpath -81.77 163.83 moveto 0 0 rlineto stroke
 0 0.24501 dtransform truncate idtransform setlinewidth pop
newpath -77.53998 163.35 moveto
-74.74002 163.35 lineto stroke
 0.24501 0 dtransform exch truncate exch idtransform pop setlinewidth
newpath -76.14 161.95003 moveto
-76.14 164.74998 lineto stroke
 0.00002 0.00018 0.00145 setrgbcolor
newpath -75.57999 163.35 moveto
-75.57999 163.49854 -75.63899 163.64096 -75.74402 163.74599 curveto
-75.84904 163.85101 -75.99147 163.91002 -76.14 163.91002 curveto
-76.28853 163.91002 -76.43095 163.85101 -76.53598 163.74599 curveto
-76.641 163.64096 -76.70001 163.49854 -76.70001 163.35 curveto
-76.70001 163.20148 -76.641 163.05905 -76.53598 162.95403 curveto
-76.43095 162.849 -76.28853 162.79 -76.14 162.79 curveto
-75.99147 162.79 -75.84904 162.849 -75.74402 162.95403 curveto
-75.63899 163.05905 -75.57999 163.20148 -75.57999 163.35 curveto closepath fill
 0 0 0 setrgbcolor 0 0.35 dtransform truncate idtransform setlinewidth pop
newpath -76.14 163.35 moveto 0 0 rlineto stroke
 0 0.24501 dtransform truncate idtransform setlinewidth pop
newpath -75.75998 176.98 moveto
-72.96002 176.98 lineto stroke
 0.24501 0 dtransform exch truncate exch idtransform pop setlinewidth
newpath -74.36 175.58002 moveto
-74.36 178.37997 lineto stroke
 0.00002 0.00018 0.00145 setrgbcolor
newpath -73.79999 176.98 moveto
-73.79999 177.12852 -73.859 177.27095 -73.96402 177.37598 curveto
-74.06905 177.481 -74.21147 177.54001 -74.36 177.54001 curveto
-74.50853 177.54001 -74.65096 177.481 -74.75598 177.37598 curveto
-74.86101 177.27095 -74.92001 177.12852 -74.92001 176.98 curveto
-74.92001 176.83147 -74.86101 176.68904 -74.75598 176.58401 curveto
-74.65096 176.47899 -74.50853 176.41998 -74.36 176.41998 curveto
-74.21147 176.41998 -74.06905 176.47899 -73.96402 176.58401 curveto
-73.859 176.68904 -73.79999 176.83147 -73.79999 176.98 curveto closepath fill
 0 0 0 setrgbcolor 0 0.35 dtransform truncate idtransform setlinewidth pop
newpath -74.36 176.98 moveto 0 0 rlineto stroke
 0 0.24501 dtransform truncate idtransform setlinewidth pop
newpath -62.34998 179.62 moveto
-59.55002 179.62 lineto stroke
 0.24501 0 dtransform exch truncate exch idtransform pop setlinewidth
newpath -60.95 178.22002 moveto
-60.95 181.01997 lineto stroke
 0.00002 0.00018 0.00145 setrgbcolor
newpath -60.38998 179.62 moveto
-60.38998 179.76852 -60.44899 179.91095 -60.55402 180.01598 curveto
-60.65904 180.121 -60.80147 180.18001 -60.95 180.18001 curveto
-61.09853 180.18001 -61.24095 180.121 -61.34598 180.01598 curveto
-61.451 179.91095 -61.51001 179.76852 -61.51001 179.62 curveto
-61.51001 179.47147 -61.451 179.32904 -61.34598 179.22401 curveto
-61.24095 179.11899 -61.09853 179.05998 -60.95 179.05998 curveto
-60.80147 179.05998 -60.65904 179.11899 -60.55402 179.22401 curveto
-60.44899 179.32904 -60.38998 179.47147 -60.38998 179.62 curveto closepath fill
 0 0 0 setrgbcolor 0 0.35 dtransform truncate idtransform setlinewidth pop
newpath -60.95 179.62 moveto 0 0 rlineto stroke
 0 0.24501 dtransform truncate idtransform setlinewidth pop
newpath -59.53998 185.49 moveto
-56.74002 185.49 lineto stroke
 0.24501 0 dtransform exch truncate exch idtransform pop setlinewidth
newpath -58.14 184.09003 moveto
-58.14 186.88998 lineto stroke
 0.00002 0.00018 0.00145 setrgbcolor
newpath -57.57999 185.49 moveto
-57.57999 185.63853 -57.63899 185.78096 -57.74402 185.88599 curveto
-57.84904 185.99101 -57.99147 186.05002 -58.14 186.05002 curveto
-58.28853 186.05002 -58.43095 185.99101 -58.53598 185.88599 curveto
-58.641 185.78096 -58.70001 185.63853 -58.70001 185.49 curveto
-58.70001 185.34148 -58.641 185.19905 -58.53598 185.09402 curveto
-58.43095 184.989 -58.28853 184.93 -58.14 184.93 curveto
-57.99147 184.93 -57.84904 184.989 -57.74402 185.09402 curveto
-57.63899 185.19905 -57.57999 185.34148 -57.57999 185.49 curveto closepath fill
 0 0 0 setrgbcolor 0 0.35 dtransform truncate idtransform setlinewidth pop
newpath -58.14 185.49 moveto 0 0 rlineto stroke
showpage
%%EOF
