%!PS
%%BoundingBox: -329 -202 341 200 
%%HiResBoundingBox: -328.3025 -201.12532 340.15086 199.07045 
%%Creator: MetaPost 1.209
%%CreationDate: 2019.09.26:1811
%%Pages: 1
%%BeginProlog
%%EndProlog
%%Page: 1 1
 0 0 0 setrgbcolor 0 0.24501 dtransform truncate idtransform setlinewidth pop
 [] 0 setdash 1 setlinecap 1 setlinejoin 10 setmiterlimit
newpath -24.49 -67.76 moveto
-24.49 -67.76 -26.21 -67.74 -27.34 -68.53 curveto
-28.48 -69.32 -34.94 -72.13 -37.31 -72.52 curveto
-39.69 -72.9 -48.16 -74.35 -50.21 -74.53 curveto
-52.26 -74.71 -59.01 -76.22 -60.1 -77.52 curveto
-61.18 -78.82 -63.27 -81.5 -66.39 -82.17 curveto
-67.98 -82.51 -72.03 -86.46 -74.11 -88.19 curveto
-76.2 -89.93 -80.8 -96.19 -82.19 -98.03 curveto
-83.57 -99.88 -88.11 -104.93 -88.58 -107.38 curveto
-89.05 -109.83 -90.25 -109.94 -91.44 -110.04 curveto
-92.64 -110.15 -102.84 -107.62 -104.77 -107.27 curveto
-106.69 -106.93 -115.01 -104.4 -117.52 -105.14 curveto
-120.04 -105.88 -126.14 -112.79 -128.02 -114.85 curveto
-129.9 -116.91 -140.9 -128.74 -143.65 -130.7 curveto
-146.4 -132.67 -151.22 -136.54 -153.6 -138.26 curveto
-155.98 -139.98 -158.38 -141.14 -158.9 -143.08 curveto
-159.41 -145.02 -159.96 -146.62 -162.97 -147.58 curveto
-165.99 -148.54 -176.73 -149.67 -180.11 -150.31 curveto
-183.5 -150.96 -191.61 -152.71 -193.94 -153.61 curveto
-196.27 -154.51 -202.46 -156.44 -208.27 -156.95 curveto
-214.08 -157.47 -219.2 -157.93 -221.25 -158.11 curveto
-223.3 -158.29 -240.47 -160.52 -242.24 -159.98 curveto
-244.01 -159.45 -254.34 -157.45 -256.35 -156.08 curveto
-258.37 -154.71 -264.38 -150.95 -266.61 -149.08 curveto
-268.84 -147.22 -274.24 -138.75 -275.92 -137.35 curveto
-277.59 -135.95 -286.25 -129.49 -287.73 -128.42 curveto
-289.2 -127.34 -300.02 -121.76 -302.4 -120.25 curveto
-304.77 -118.74 -310 -116.11 -311.92 -115.76 curveto stroke
newpath -328.18 -136.14 moveto
-328.18 -136.14 -324.77 -135.84 -314.61 -143.54 curveto
-312.7 -144.99 -301.09 -150.43 -296.99 -151.96 curveto
-292.9 -153.49 -281.21 -157.1 -278.84 -158.61 curveto
-276.47 -160.12 -273.07 -165.41 -270.66 -167.34 curveto
-268.15 -169.35 -261.25 -172.48 -259.47 -175.07 curveto
-257.69 -177.66 -253.2 -180.06 -252.47 -180.16 curveto
-250.21 -180.48 -248.3 -180.65 -246.94 -180.53 curveto
-245.57 -180.4 -247.33 -181.94 -249.5 -182.65 curveto stroke
newpath -239.04 -200.55 moveto
-239.04 -200.55 -231.95 -200 -228.01 -199.82 curveto
-224.07 -199.64 -218.94 -201.25 -215.7 -200.97 curveto
-212.45 -200.68 -201.14 -198.31 -197.37 -198.15 curveto
-193.59 -197.99 -180.44 -196.82 -176.01 -196.25 curveto
-171.59 -195.69 -163.13 -195.97 -158.61 -196.42 curveto
-154.1 -196.88 -143.7 -199.57 -140.05 -199.93 curveto
-136.4 -200.29 -123.55 -197.76 -119.64 -197.24 curveto
-115.72 -196.71 -107.71 -193.93 -104.79 -193.67 curveto stroke
newpath -91.41 -168.03 moveto
-91.02 -164.68 -90.62 -157.15 -85.16 -153.74 curveto stroke
newpath -85.16 -153.74 moveto
-85.16 -153.74 -81.16 -150.84 -79 -147.99 curveto stroke
newpath -79 -147.99 moveto
-75.14 -143.56 -72.28 -139.63 -69.04 -136.79 curveto
-65.22 -133.43 -56.71 -128.98 -54.82 -126.44 curveto stroke
newpath -54.82 -126.44 moveto
-54.82 -126.44 -53.39 -123.94 -53.06 -123.53 curveto
-52.09 -122.33 -49.86 -119.85 -49.51 -119.43 curveto
-49.16 -119.01 -48.48 -118.44 -48.2 -117.29 curveto stroke
newpath -48.2 -117.29 moveto
-47.51 -114.86 -45.44 -111.42 -44.48 -108.35 curveto
-42.51 -102.02 -37.78 -96.45 -34.67 -94.91 curveto stroke
newpath -30.17 -92.79 moveto
-27.07 -91.27 -23.14 -88.63 -21.21 -87.09 curveto
-19.28 -85.54 -15.86 -81.44 -14.2 -80.78 curveto stroke
newpath -11.32 -78.29 moveto
-9.02 -77.05 -1.1 -73.72 1.49 -71.94 curveto
4.09 -70.16 11.84 -67.79 13.98 -66.74 curveto
16.13 -65.69 21.79 -61.57 25.02 -59.21 curveto
28.25 -56.86 35.34 -53.3 36.3 -52.53 curveto
37.27 -51.75 37.77 -49.54 37.77 -49.54 curveto
37.77 -49.54 37.8 -49.98 37.92 -51.35 curveto
38.04 -52.71 35.98 -60.47 35.31 -62.59 curveto
34.64 -64.72 31.95 -73.05 32.98 -75.02 curveto
34.02 -76.99 35.77 -77.35 38.44 -76.42 curveto
41.11 -75.49 47.85 -71.96 50.13 -70.55 curveto
52.41 -69.14 58.83 -63.91 62.05 -61.56 curveto
65.28 -59.2 73.94 -50.18 76.63 -47.53 curveto
79.32 -44.89 87.7 -36.57 90.4 -32.03 curveto
93.09 -27.49 101.71 -18.45 103.92 -15.84 curveto
105.35 -14.17 112.97 -7.29 115.12 -4.34 curveto
117.26 -1.4 117.63 6.03 119.49 10.33 curveto
121.34 14.62 127.16 22.61 130.35 26.1 curveto
135.01 31.2 137.1 36.68 137.54 39.48 curveto
137.98 42.27 139 48.25 139 48.25 curveto stroke
newpath 139 48.25 moveto
139 48.25 139.26 50.13 139.54 50.37 curveto
139.82 50.61 141.7 51.72 142.07 51.97 curveto
142.43 52.22 143.22 52.54 143.66 52.5 curveto stroke
newpath 143.66 52.5 moveto
143.66 52.5 152.82 58.3 157.77 60.64 curveto
162.73 62.97 178.42 70.39 180.53 71.79 curveto
182.65 73.18 193.41 79.9 195.67 81.48 curveto stroke
newpath 195.67 81.48 moveto
195.67 81.48 199.26 84.25 200.43 85.09 curveto
201.6 85.92 203.29 86.85 203.68 87.27 curveto
203.8 87.4 203.36 87.93 203.45 88.41 curveto stroke
newpath 203.45 88.41 moveto
205.72 89.99 213.72 96.73 213.72 96.73 curveto
213.72 96.73 226.38 105.74 231.23 109.27 curveto
236.08 112.8 241.74 117.78 244.59 118.72 curveto
245.4 118.99 263.99 117.87 271.86 121.28 curveto
276.85 123.45 284.74 129.71 287.11 132.16 curveto
289.47 134.61 292.42 136.68 294.6 138.25 curveto stroke
newpath 294.6 138.25 moveto
294.6 138.25 298.49 136.1 300.27 134.5 curveto
301.54 133.35 305.61 131.06 305.76 129.35 curveto
305.92 127.64 306.2 122.55 308.1 120.48 curveto
309.94 118.49 310.87 116.98 315.15 116.76 curveto
316.53 116.69 324.75 113.32 329.95 118.6 curveto
335.16 123.88 335.57 131.36 336.98 132.87 curveto
337.13 133.02 337.92 135.4 337.21 135.68 curveto
336.49 135.96 333.8 135.29 331.99 136.33 curveto
330.17 137.38 330.49 138.84 328.81 140.05 curveto
327.07 141.32 321.85 141.93 318.1 141.55 curveto
313.41 141.08 311.22 145.32 310.06 146.77 curveto
310.06 146.77 308.28 148.38 307.02 148.95 curveto stroke
newpath 307.02 148.95 moveto
307.02 148.95 318.52 155.57 323.43 160.79 curveto
326.77 164.33 331.35 167.52 334.14 170.04 curveto
336.25 171.96 340.82 182.05 339.91 186.26 curveto
338.74 191.71 328.7 194.73 324.77 196.44 curveto
320.83 198.15 315.13 199.28 312.42 198.86 curveto
309.7 198.45 304.08 198.34 297.52 195.64 curveto
291.92 193.33 291.13 194.25 288.33 193.53 curveto
286.31 193 281.86 189.42 278.44 188.69 curveto
276.18 188.2 268.41 182.02 265.78 180.58 curveto
261.67 178.33 259.19 172.72 257.07 170.73 curveto
255.21 168.97 252.52 162.37 250.41 159.55 curveto
248.41 156.88 241.76 149.4 239.85 147.73 curveto
239.12 147.09 238.27 146.08 237.32 145.69 curveto stroke
newpath 237.32 145.69 moveto
237.32 145.69 236.95 144.97 236.6 144.6 curveto
236.24 144.22 235.52 143.64 235.24 143.44 curveto
234.95 143.25 234.07 142.56 234.07 142.56 curveto
233.27 142.36 lineto
233.27 142.36 232.5 141.82 232.26 141.63 curveto
232.02 141.44 231.46 141.39 231.46 141.39 curveto
231.46 141.39 230.37 139.65 229.97 138.84 curveto
229.57 138.03 228.78 137.23 227.97 136.64 curveto stroke
newpath 227.97 136.64 moveto
227.59 136.34 225.77 134.81 224.65 133.81 curveto
224 133.22 221.21 131.03 218.81 129.37 curveto stroke
newpath 218.81 129.37 moveto
218.81 129.37 217.44 128.86 216.35 127.47 curveto
215.27 126.08 215.29 126.34 214.66 125.73 curveto
214.03 125.11 213.71 124.35 213.15 123.87 curveto stroke
newpath 213.15 123.87 moveto
211.1 121.8 203.41 116.85 199.79 114.98 curveto
196.17 113.11 192.94 109.29 190.51 107.52 curveto
188.09 105.76 176.22 99.88 172.65 97.5 curveto
169.07 95.12 152.1 86.72 149.3 85.27 curveto
146.5 83.82 130.87 73.82 127.76 71.99 curveto
124.66 70.17 119.39 67.46 115.79 67.31 curveto stroke
newpath 115.79 67.31 moveto
113.17 67.77 107.9 66.95 103.14 66.36 curveto
98.37 65.76 96.01 63.31 91.73 59.14 curveto
87.45 54.98 84.22 46.77 82.73 44.23 curveto
81.23 41.68 74.21 27.8 73.94 26.91 curveto
73.68 26.03 75.94 24.29 77.03 23.7 curveto
78.11 23.11 80.18 21.15 80.64 19.9 curveto stroke
newpath 80.64 19.9 moveto
81.11 18.61 81.46 18.03 81.9 16.87 curveto
82.74 14.62 80.89 12.22 78.84 10.14 curveto
76.79 8.06 72.03 -1.75 69.65 -5.92 curveto
68 -8.81 60.59 -21.52 58.43 -24.29 curveto
56.27 -27.07 47.02 -35.9 45.16 -38.13 curveto
43.29 -40.36 35.99 -43.26 34.02 -44.3 curveto
32.05 -45.34 21.53 -50.92 18.33 -51.72 curveto
15.13 -52.52 4.18 -57.11 -3.28 -60.36 curveto
-10.74 -63.6 -24.49 -67.76 -24.49 -67.76 curveto stroke
showpage
%%EOF
