%!PS
%%BoundingBox: -52 -211 48 222 
%%HiResBoundingBox: -51.18939 -210.365 47.13643 221.425 
%%Creator: MetaPost 1.209
%%CreationDate: 2019.09.26:1811
%%Pages: 1
%%BeginProlog
%%EndProlog
%%Page: 1 1
gsave newpath -51.07405 -193.80452 moveto
-50.15068 -193.44269 -49.34383 -192.60399 -49.34001 -192.60002 curveto
-49.34001 -192.60004 lineto
-49.34 -192.6 lineto
-46.74 -196.57 lineto
-46.72 -194.42 lineto
-46.72 -194.42 -45.08 -193.19 -44.73 -192.78 curveto
-44.39 -192.36 -43.53 -192.59 -43.53 -192.59 curveto
-42.3 -193.46 lineto
-42.3 -193.46 -39.12 -191.2 -39.16 -191.1 curveto
-39.37 -190.51 -40.54 -190.24 -41.2 -189.76 curveto
-41.86 -189.29 -42.54 -188.68 -42.55 -188.43 curveto
-42.55008 -188.42987 lineto
-42.5593 -188.41603 -43.36224 -187.20978 -43.75 -187.17 curveto
-44.13 -187.13 -45.13 -188.68 -46.19 -187.93 curveto
-47.26 -187.19 -48.59 -187.17 -48.62 -184.94 curveto
-48.639 -183.47978 -48.88794 -182.51988 -49.18918 -181.89095 curveto
-49.18916 -181.89093 lineto
-50.3601 -185.03838 -50.96597 -190.03134 -51.07399 -193.8045 curveto
 closepath clip
 0 0 0 setrgbcolor 0 0.35 dtransform truncate idtransform setlinewidth pop
 [] 0 setdash 1 setlinecap 1 setlinejoin 10 setmiterlimit
newpath -51.40974 -200.63298 moveto 0 0 rlineto stroke
newpath -50.6818 -189.20201 moveto 0 0 rlineto stroke
newpath -52.85841 -185.46497 moveto 0 0 rlineto stroke
newpath -48.45541 -199.64267 moveto 0 0 rlineto stroke
newpath -47.22215 -191.838 moveto 0 0 rlineto stroke
newpath -44.91092 -183.82803 moveto 0 0 rlineto stroke
newpath -41.40857 -197.57141 moveto 0 0 rlineto stroke
newpath -37.01341 -192.56764 moveto 0 0 rlineto stroke
newpath -37.10011 -186.73361 moveto 0 0 rlineto stroke
grestore
gsave newpath -20.64 -35.71 moveto
-20.92485 -36.81001 -22.52533 -39.30821 -24.4095 -41.97742 curveto
-24.40955 -41.9774 lineto
-24.13443 -42.54199 -23.77876 -43.04955 -23.32 -43.41 curveto
-21.93 -44.5 -20.34 -45.27 -18.44 -43.58 curveto
-16.54 -41.89 -13.71 -39.5 -13.5 -40.93 curveto
-13.3 -42.36 -14.56 -43.61 -14.22 -44.8 curveto
-13.89 -45.99 -13.47 -48.08 -11.44 -46.15 curveto
-9.41 -44.21 -8.16 -40.3 -7.72 -38.43 curveto
-7.28 -36.57 -7.72 -35.85 -6.14 -34.79 curveto
-4.56 -33.74 -4.04 -31.03 -4.04 -31.03 curveto
-4.04 -31.03 lineto
-4.21 -31.73 -5.43 -34.27 -6.14 -34.79 curveto
-6.2912 -34.8992 -6.49445 -35.06001 -6.7212 -35.24593 curveto
-6.72118 -35.24594 lineto
-6.56589 -35.09824 -6.37535 -34.94789 -6.14 -34.79 curveto
-4.56 -33.74 -4.04 -31.03 -4.04 -31.03 curveto
-4.04 -31.03 -3.23 -30.8 -1.26 -30.7 curveto
-1.26 -30.7 lineto
-1 -29.38 lineto
-1 -29.38 lineto
-1 -29.38 -1.2 -28.79 -1.18 -28.18 curveto
-1.16 -27.57 -1.39 -25.83 -1.39 -25.83 curveto
-2.69 -23.96 lineto
-3.48 -21.88 lineto
-4.03 -20.86 lineto
-4.41 -19.9 lineto
-4.44 -18.68 lineto
-3.26 -18.2 lineto
-2 -19.62 lineto
-0.17 -19.69 lineto
-0.17 -19.68999 lineto
-0.1732 -19.68103 -1.57 -15.76695 -1.57 -13.11 curveto
-1.57 -12.26 -2.52 -11.74 -2.52 -11.74 curveto
-3.17 -11.26 lineto
-4.69 -10.4 lineto
-4.69 -10.4 lineto
-4.69 -10.4 -5.25 -10.98 -6.25 -10.77 curveto
-7.26 -10.55 -8.84 -10.69 -8.84 -10.69 curveto
-9.52 -9.83 lineto
-9.52 -9.83 -10.08 -10.41 -10.38 -10.44 curveto
-10.68 -10.47 -11.93 -10.04 -11.93 -10.04 curveto
-11.79 -9.04 lineto
-13.84 -9.91 lineto
-13.84 -9.91 lineto
-13.84 -9.91 -17.06 -13.16 -17.86 -13.61 curveto
-18.66 -14.06 -19.97 -14.71 -19.97 -14.71 curveto
-20.85 -13.34 lineto
-21.94795 -12.90866 lineto
-21.94797 -12.90868 lineto
-22.55716 -13.86464 -22.99887 -14.82294 -23.15 -15.86 curveto
-23.43 -17.85 -24.76 -19.03 -24.57 -21.21 curveto
-24.39 -23.39 -24.15 -25.33 -22.7 -27.25 curveto
-21.26 -29.16 -21.07 -31.34 -20.83 -32.3 curveto
-20.59 -33.26 -20.64 -35.71 -20.64 -35.71 curveto
 closepath clip
 0 0 0 setrgbcolor 0 0.35 dtransform truncate idtransform setlinewidth pop
 [] 0 setdash 1 setlinecap 1 setlinejoin 10 setmiterlimit
newpath -32.04073 -45.15823 moveto
-31.79672 -43.86438 -30.45328 -43.6943 -30.24634 -44.95572 curveto
-30.16466 -46.24057 -28.51509 -46.26309 -28.34473 -44.95703 curveto stroke
newpath -31.83443 -43.03897 moveto
-31.7544 -41.70027 -29.86722 -41.9721 -29.69356 -42.84146 curveto
-29.70552 -44.09177 -27.92564 -44.33823 -28.18338 -43.09135 curveto stroke
newpath -28.1313 -26.80873 moveto
-28.42975 -25.892 -26.52441 -25.90744 -26.51875 -27.1358 curveto
-26.69911 -27.86409 -24.63301 -27.88686 -24.81487 -27.03534 curveto stroke
newpath -29.19354 -13.16205 moveto
-29.31837 -11.99876 -27.1715 -12.14845 -27.28265 -13.46371 curveto
-27.25063 -14.29144 -25.59024 -14.37048 -25.81734 -13.21391 curveto stroke
newpath -22.24269 -40.13152 moveto
-21.88194 -38.95798 -20.19505 -39.15462 -20.14171 -40.05167 curveto
-20.1103 -41.20697 -18.32225 -41.211 -18.46606 -40.25914 curveto stroke
newpath -20.30089 -30.00377 moveto
-20.41042 -29.19934 -18.4692 -28.93546 -18.53075 -30.3346 curveto
-18.65288 -31.33147 -17.04344 -31.12941 -16.90013 -30.37122 curveto stroke
newpath -14.52003 -18.57962 moveto
-14.80803 -17.25359 -12.92966 -17.49977 -12.71724 -18.40459 curveto
-13.06448 -19.94818 -11.22774 -19.7678 -11.26744 -18.43059 curveto stroke
newpath -7.31776 -48.92053 moveto
-7.5319 -47.76637 -5.69136 -47.60605 -5.84554 -49.102 curveto
-5.87372 -50.20126 -3.84863 -50.03125 -4.21127 -48.92076 curveto stroke
newpath -6.9854 -42.92073 moveto
-7.2119 -41.75624 -5.37718 -41.50645 -5.58318 -42.92888 curveto
-5.4085 -43.8292 -3.87827 -43.81308 -3.59238 -42.91452 curveto stroke
newpath -10.94914 -27.67485 moveto
-10.75069 -26.7413 -9.30136 -26.6318 -9.22421 -27.81612 curveto
-8.96147 -28.81099 -7.45564 -28.95262 -7.28851 -27.84317 curveto stroke
grestore
gsave newpath 45.49857 37.796 moveto
46.04868 39.22476 46.58226 40.58023 46.76 40.99 curveto
47.12 41.82 49.53 44.78 46.06 43.96 curveto
43.64096 43.39532 41.83427 43.09308 40.6196 42.39262 curveto
40.61966 42.39262 lineto
41.04477 41.80754 41.58783 40.98184 41.63 40.53 curveto
41.7 39.77 43.57 39.25 44.34 39.17 curveto
44.71437 39.12624 45.11475 38.5648 45.4986 37.796 curveto
 closepath clip
 0 0 0 setrgbcolor 0 0.35 dtransform truncate idtransform setlinewidth pop
 [] 0 setdash 1 setlinecap 1 setlinejoin 10 setmiterlimit
newpath 38.2138 36.4058 moveto
37.77419 37.67084 39.67099 37.4569 39.70952 36.31015 curveto
39.67903 35.33116 41.67253 35.19258 41.70534 36.43852 curveto stroke
newpath 43.65459 36.91618 moveto
43.58034 38.17387 45.58295 37.96664 45.21536 37.1397 curveto
45.2562 35.71733 47.14919 35.72299 46.94621 36.82942 curveto stroke
grestore
gsave newpath 21.97662 82.04562 moveto
21.42838 81.14378 20.67528 80.42508 19.68 79.5 curveto
17.28 77.26 18.69 73.63 19.7 72.06 curveto
20.33443 71.07382 20.6532 69.74437 21.01569 68.31949 curveto
21.0157 68.31949 lineto
21.12889 69.12157 21.2376 70.09293 21.26 70.98 curveto
21.31 72.97 22.81 77.51 22.34 80.14 curveto
22.21909 80.8287 22.09747 81.4642 21.97662 82.04558 curveto
 closepath clip
 0 0 0 setrgbcolor 0 0.35 dtransform truncate idtransform setlinewidth pop
 [] 0 setdash 1 setlinecap 1 setlinejoin 10 setmiterlimit
newpath 14.19043 70.20052 moveto
13.94476 71.12384 15.91174 71.30522 15.80452 69.85733 curveto
15.65514 69.01703 17.49551 68.74524 17.44144 70.03473 curveto stroke
newpath 15.93622 81.45781 moveto
16.00679 82.61287 17.8142 82.36493 17.63934 81.51598 curveto
17.55424 80.23288 19.30464 80.16905 19.6559 81.46248 curveto stroke
grestore
 0.00002 0.00018 0.00102 setrgbcolor
newpath -8.29686 201.30635 moveto
-7.65216 201.74829 -7.04143 202.30394 -6.32 204.28 curveto
-5.41 206.8 -6.4 207.7 -4.25 208.35 curveto
-2.94775 208.74371 -0.05328 209.44559 2.20016 209.90231 curveto
2.20015 209.90236 lineto
2.4065 209.68864 2.58337 209.51543 2.7 209.42 curveto
3.25 208.96 4.33 206.52 5.14 205.91 curveto
5.96 205.3 7.97 203.78 8.78 202.48 curveto
9.58 201.17 9.91 197.84 10.97 196.56 curveto
12.02 195.28 11.32 193.81 11.08 192.42 curveto
10.85 191.02 10.07 190.44 10.5 189.62 curveto
10.94 188.79 10.49 185.71 10 184.29 curveto
9.51 182.88 9.46 181.06 9.87 180.05 curveto
10.29 179.04 10.77 178.9 11.24 178.87 curveto
11.72 178.84 12.21 179.83 12.68 180.59 curveto
13.16 181.36 13.24 182.02 13.64 181.62 curveto
14.04 181.22 13.94 180.63 14.06 180.1 curveto
14.18 179.57 13.26 178.62 12.63 177.08 curveto
12.01 175.54 12.95 176.42 13.36 176.64 curveto
13.77 176.86 14 177.53 14.57 178.01 curveto
16.46 179.61 15.97 178.14 15.79 177.76 curveto
15.61 177.38 15.5 176.61 14.99 176.17 curveto
14.49 175.73 14.72 174.74 15.24 173.41 curveto
15.76 172.08 15.98 173.22 16.29 173.83 curveto
16.59 174.43 16.76 175.03 17.98 176.36 curveto
19.19 177.7 19.19 175.68 19.04 175.34 curveto
18.89 175 18.5 172.98 17.97 172.42 curveto
17.44 171.87 17.97 170.76 18.83 170.08 curveto
19.68 169.39 20.33 170.28 20.39 170.43 curveto
20.44 170.58 20.88 172.54 21.25 173.76 curveto
21.61 174.99 22.29 174.18 22.5 173.84 curveto
22.72 173.5 22.36 172.67 21.9 172.12 curveto
21.44 171.58 22.17 169.91 22.07 168.99 curveto
21.97 168.08 21.55 167.46 22.18 166.91 curveto
22.81 166.35 23.29 167.11 23.29 167.11 curveto
23.29 167.11 23.74 168.89 24.02 169.42 curveto
24.3 169.95 24.63 170.23 25.35 171.13 curveto
26.07 172.02 26.05 170.97 25.83 170.67 curveto
25.6 170.36 25.48 167.63 25.41 166.76 curveto
25.35 165.89 25.62 164.5 26.35 163.92 curveto
27.09 163.33 27.5 163.19 27.5 163.19 curveto
27.5 163.19 27.62 163.56 27.57 163.7 curveto
27.52 163.84 27.51 165.1 27.53 166.15 curveto
27.54 167.2 26.92 166.86 28.4 168.15 curveto
29.88 169.44 29.68 167.97 29.52 167.38 curveto
29.35 166.79 29.3 165.73 29.13 165.25 curveto
28.96 164.76 29.11 161.81 29.75 161.11 curveto
30.39 160.41 31.06 160.65 31.14 160.94 curveto
31.22 161.24 31.99 162.76 32.83 164.71 curveto
33.67 166.66 33.8 164.36 33.7 163.85 curveto
33.6 163.33 33.52 159.82 33.7 158.97 curveto
33.89 158.12 34.07 158.06 35.06 157.5 curveto
36.05 156.94 36.83 156.79 37.61 156.13 curveto
38.39 155.48 39.33 155.06 40.17 154.55 curveto
41.01 154.05 41.99 154.79 42.45 154.97 curveto
42.9 155.16 42.43 153.99 42.31 153.3 curveto
42.19 152.6 42.2 150.83 41.42 149.93 curveto
40.63 149.03 40.43 148.36 40.54 147.61 curveto
40.64 146.86 41.54 147.7 42.51 148.18 curveto
43.48 148.67 43.59 148.24 43.64 148.03 curveto
43.7 147.82 43.35 147.68 42.8 146.98 curveto
42.25 146.28 42.1 145.51 41.74 144.64 curveto
41.39 143.78 42.17 143.85 43.13 144.44 curveto
44.09 145.03 43.65 143.95 43.35 143.63 curveto
43.09268 143.3641 42.16582 141.67819 41.52869 140.61703 curveto
41.52872 140.61707 lineto
40.82616 140.9402 39.97853 141.24608 38.69 141.78 curveto
36.87 142.53 38.43 143.81 34.49 142.77 curveto
30.55 141.74 28.41 140.1 27.94 141.12 curveto
27.47 142.15 27.69 143 27.18 144.48 curveto
26.67 145.96 24.94 149.08 24.74 150.5 curveto
24.53 151.93 24.91 152.8 21.85 154.74 curveto
18.78 156.67 14.44 158.41 12.68 161.07 curveto
10.92 163.73 9.75 166.6 6.45 167.82 curveto
3.14 169.05 2.28 169.28 1.93 171.53 curveto
1.58 173.78 1.4 174 0.76 176.15 curveto
0.11 178.29 -0.36 178.4 -1.3 178.7 curveto
-1.957 178.90968 -5.27144 180.55066 -7.56615 181.46172 curveto
-7.5662 181.4617 lineto
-7.877 182.67555 -8.03697 183.83463 -7.83 184.4 curveto
-7.43 185.52 -6 187.31 -6.25 190.11 curveto
-6.5 192.91 -5.97 194.33 -6.45 196.38 curveto
-6.77127 197.78812 -7.6392 200.02324 -8.29688 201.30643 curveto
 closepath fill
0 0 0 THsetpatterncolor
 0.00002 0.00015 0.00002 setrgbcolor
newpath -8.29686 201.30635 moveto
-7.65216 201.74829 -7.04143 202.30394 -6.32 204.28 curveto
-5.41 206.8 -6.4 207.7 -4.25 208.35 curveto
-2.94775 208.74371 -0.05328 209.44559 2.20016 209.90231 curveto
2.20015 209.90236 lineto
2.4065 209.68864 2.58337 209.51543 2.7 209.42 curveto
3.25 208.96 4.33 206.52 5.14 205.91 curveto
5.96 205.3 7.97 203.78 8.78 202.48 curveto
9.58 201.17 9.91 197.84 10.97 196.56 curveto
12.02 195.28 11.32 193.81 11.08 192.42 curveto
10.85 191.02 10.07 190.44 10.5 189.62 curveto
10.94 188.79 10.49 185.71 10 184.29 curveto
9.51 182.88 9.46 181.06 9.87 180.05 curveto
10.29 179.04 10.77 178.9 11.24 178.87 curveto
11.72 178.84 12.21 179.83 12.68 180.59 curveto
13.16 181.36 13.24 182.02 13.64 181.62 curveto
14.04 181.22 13.94 180.63 14.06 180.1 curveto
14.18 179.57 13.26 178.62 12.63 177.08 curveto
12.01 175.54 12.95 176.42 13.36 176.64 curveto
13.77 176.86 14 177.53 14.57 178.01 curveto
16.46 179.61 15.97 178.14 15.79 177.76 curveto
15.61 177.38 15.5 176.61 14.99 176.17 curveto
14.49 175.73 14.72 174.74 15.24 173.41 curveto
15.76 172.08 15.98 173.22 16.29 173.83 curveto
16.59 174.43 16.76 175.03 17.98 176.36 curveto
19.19 177.7 19.19 175.68 19.04 175.34 curveto
18.89 175 18.5 172.98 17.97 172.42 curveto
17.44 171.87 17.97 170.76 18.83 170.08 curveto
19.68 169.39 20.33 170.28 20.39 170.43 curveto
20.44 170.58 20.88 172.54 21.25 173.76 curveto
21.61 174.99 22.29 174.18 22.5 173.84 curveto
22.72 173.5 22.36 172.67 21.9 172.12 curveto
21.44 171.58 22.17 169.91 22.07 168.99 curveto
21.97 168.08 21.55 167.46 22.18 166.91 curveto
22.81 166.35 23.29 167.11 23.29 167.11 curveto
23.29 167.11 23.74 168.89 24.02 169.42 curveto
24.3 169.95 24.63 170.23 25.35 171.13 curveto
26.07 172.02 26.05 170.97 25.83 170.67 curveto
25.6 170.36 25.48 167.63 25.41 166.76 curveto
25.35 165.89 25.62 164.5 26.35 163.92 curveto
27.09 163.33 27.5 163.19 27.5 163.19 curveto
27.5 163.19 27.62 163.56 27.57 163.7 curveto
27.52 163.84 27.51 165.1 27.53 166.15 curveto
27.54 167.2 26.92 166.86 28.4 168.15 curveto
29.88 169.44 29.68 167.97 29.52 167.38 curveto
29.35 166.79 29.3 165.73 29.13 165.25 curveto
28.96 164.76 29.11 161.81 29.75 161.11 curveto
30.39 160.41 31.06 160.65 31.14 160.94 curveto
31.22 161.24 31.99 162.76 32.83 164.71 curveto
33.67 166.66 33.8 164.36 33.7 163.85 curveto
33.6 163.33 33.52 159.82 33.7 158.97 curveto
33.89 158.12 34.07 158.06 35.06 157.5 curveto
36.05 156.94 36.83 156.79 37.61 156.13 curveto
38.39 155.48 39.33 155.06 40.17 154.55 curveto
41.01 154.05 41.99 154.79 42.45 154.97 curveto
42.9 155.16 42.43 153.99 42.31 153.3 curveto
42.19 152.6 42.2 150.83 41.42 149.93 curveto
40.63 149.03 40.43 148.36 40.54 147.61 curveto
40.64 146.86 41.54 147.7 42.51 148.18 curveto
43.48 148.67 43.59 148.24 43.64 148.03 curveto
43.7 147.82 43.35 147.68 42.8 146.98 curveto
42.25 146.28 42.1 145.51 41.74 144.64 curveto
41.39 143.78 42.17 143.85 43.13 144.44 curveto
44.09 145.03 43.65 143.95 43.35 143.63 curveto
43.09268 143.3641 42.16582 141.67819 41.52869 140.61703 curveto
41.52872 140.61707 lineto
40.82616 140.9402 39.97853 141.24608 38.69 141.78 curveto
36.87 142.53 38.43 143.81 34.49 142.77 curveto
30.55 141.74 28.41 140.1 27.94 141.12 curveto
27.47 142.15 27.69 143 27.18 144.48 curveto
26.67 145.96 24.94 149.08 24.74 150.5 curveto
24.53 151.93 24.91 152.8 21.85 154.74 curveto
18.78 156.67 14.44 158.41 12.68 161.07 curveto
10.92 163.73 9.75 166.6 6.45 167.82 curveto
3.14 169.05 2.28 169.28 1.93 171.53 curveto
1.58 173.78 1.4 174 0.76 176.15 curveto
0.11 178.29 -0.36 178.4 -1.3 178.7 curveto
-1.957 178.90968 -5.27144 180.55066 -7.56615 181.46172 curveto
-7.5662 181.4617 lineto
-7.877 182.67555 -8.03697 183.83463 -7.83 184.4 curveto
-7.43 185.52 -6 187.31 -6.25 190.11 curveto
-6.5 192.91 -5.97 194.33 -6.45 196.38 curveto
-6.77127 197.78812 -7.6392 200.02324 -8.29688 201.30643 curveto
 closepath fill
gsave newpath -2.25542 166.08081 moveto
-2.09973 167.62915 -1.95059 169.27885 -2.13 170.1 curveto
-2.39 171.3 -2.48 175.78 -1.96 176.66 curveto
-1.6552 177.17183 -1.38017 178.03093 -1.20148 178.6686 curveto
-1.2015 178.66862 lineto
-0.32635 178.38962 0.1331 178.21391 0.76 176.15 curveto
1.4 174 1.58 173.78 1.93 171.53 curveto
2.28 169.28 3.14 169.05 6.45 167.82 curveto
9.75 166.6 10.92 163.73 12.68 161.07 curveto
14.44 158.41 18.78 156.67 21.85 154.74 curveto
24.91 152.8 24.53 151.93 24.74 150.5 curveto
24.74507 150.46576 lineto
24.7451 150.46573 lineto
23.59782 149.36256 21.78708 146.71405 20.85222 144.92426 curveto
20.8522 144.92429 lineto
18.65434 146.8066 13.62401 150.86333 12.74 151.6 curveto
11.72 152.45 1.61 161.24 -0.09 163.26 curveto
-0.66643 163.94154 -1.45557 164.96228 -2.25548 166.08087 curveto
 closepath clip
 0.00002 0.00018 0.00102 setrgbcolor
newpath -7.04164 149.74596 moveto
-5.73688 142.70561 lineto
0.74426 143.38077 lineto
2.34671 149.79446 lineto
 closepath fill
 0 0 0 setrgbcolor 0 0.35 dtransform truncate idtransform setlinewidth pop
 [] 0 setdash 1 setlinejoin 10 setmiterlimit
newpath -7.04164 149.74596 moveto
-5.73688 142.70561 lineto
0.74426 143.38077 lineto
2.34671 149.79446 lineto
 closepath stroke
 0.00002 0.00018 0.00102 setrgbcolor
newpath -10.94336 162.10258 moveto
-9.40065 157.09924 lineto
0.0835 158.37389 lineto
-4.55719 164.92497 lineto
 closepath fill
 0 0 0 setrgbcolor
newpath -10.94336 162.10258 moveto
-9.40065 157.09924 lineto
0.0835 158.37389 lineto
-4.55719 164.92497 lineto
 closepath stroke
 0.00002 0.00018 0.00102 setrgbcolor
newpath 4.3159 140.44215 moveto
10.88358 136.96193 lineto
14.15927 142.11464 lineto
8.29826 146.92935 lineto
 closepath fill
 0 0 0 setrgbcolor
newpath 4.3159 140.44215 moveto
10.88358 136.96193 lineto
14.15927 142.11464 lineto
8.29826 146.92935 lineto
 closepath stroke
 0.00002 0.00018 0.00102 setrgbcolor
newpath 7.82915 171.69398 moveto
17.12114 169.45352 lineto
19.59273 174.39708 lineto
13.18323 177.22578 lineto
 closepath fill
 0 0 0 setrgbcolor
newpath 7.82915 171.69398 moveto
17.12114 169.45352 lineto
19.59273 174.39708 lineto
13.18323 177.22578 lineto
 closepath stroke
 0.00002 0.00018 0.00102 setrgbcolor
newpath 26.53024 172.2811 moveto
19.8844 176.37543 lineto
17.29707 169.8363 lineto
24.651 168.2502 lineto
 closepath fill
 0 0 0 setrgbcolor
newpath 26.53024 172.2811 moveto
19.8844 176.37543 lineto
17.29707 169.8363 lineto
24.651 168.2502 lineto
 closepath stroke
grestore
gsave newpath 19.84009 122.47014 moveto
20.29701 123.11098 21.26775 124.27972 21.9713 125.41048 curveto
21.9713 125.41045 lineto
23.53598 124.82133 25.1016 123.82079 25.21 123.24 curveto
25.35 122.49 28.03 122.27 28.41 123.98 curveto
28.79 125.69 29.39 131.75 30.06 132.8 curveto
30.73 133.84 34.09 137.94 34.96 138.4 curveto
35.83 138.86 36.53 140.37 36.83 138.72 curveto
37.13 137.08 39.4 136.36 39.57 135.32 curveto
39.74 134.27 39.94 132 39.94 132 curveto
39.73277 130.89221 lineto
39.73276 130.89221 lineto
39.30254 130.43309 38.82375 129.80063 38.01 128.86 curveto
36.15 126.72 36.41 128.88 36.31 124.99 curveto
36.2 121.09 36.43 118.45 36.5 116.78 curveto
36.57 115.11 34.61 115.77 35.18 113.69 curveto
35.74 111.61 36.78 112.39 36.13 109.74 curveto
35.18 105.85 33.79 104.36 31.98 104.2 curveto
30.16 104.04 24.95 102.81 24.14 101.6 curveto
23.73769 100.99152 23.17352 100.44373 22.71205 100.04945 curveto
22.71204 100.04942 lineto
22.6464 100.57535 22.60107 100.93166 22.60002 100.93987 curveto
22.6 100.94 lineto
19.84 122.47 lineto
 closepath clip
 0.00002 0.00018 0.00102 setrgbcolor
newpath 20.54456 97.0593 moveto
13.36978 95.21498 lineto
14.12929 88.81595 lineto
21.681 92.35977 lineto
 closepath fill
 0 0 0 setrgbcolor 0 0.35 dtransform truncate idtransform setlinewidth pop
 [] 0 setdash 1 setlinejoin 10 setmiterlimit
newpath 20.54456 97.0593 moveto
13.36978 95.21498 lineto
14.12929 88.81595 lineto
21.681 92.35977 lineto
 closepath stroke
 0.00002 0.00018 0.00102 setrgbcolor
newpath 15.03053 140.87552 moveto
21.5754 134.8331 lineto
28.67824 139.16808 lineto
21.03413 146.2046 lineto
 closepath fill
 0 0 0 setrgbcolor
newpath 15.03053 140.87552 moveto
21.5754 134.8331 lineto
28.67824 139.16808 lineto
21.03413 146.2046 lineto
 closepath stroke
 0.00002 0.00018 0.00102 setrgbcolor
newpath 32.43338 89.92705 moveto
38.58633 98.23471 lineto
34.7952 100.65431 lineto
27.57568 95.81802 lineto
 closepath fill
 0 0 0 setrgbcolor
newpath 32.43338 89.92705 moveto
38.58633 98.23471 lineto
34.7952 100.65431 lineto
27.57568 95.81802 lineto
 closepath stroke
grestore
gsave newpath 20.85222 144.92426 moveto
21.78708 146.71405 23.59782 149.36256 24.7451 150.46573 curveto
24.74507 150.46576 lineto
24.96748 149.0304 26.67406 145.94821 27.18 144.48 curveto
27.69 143 27.47 142.15 27.94 141.12 curveto
28.41 140.1 30.55 141.74 34.49 142.77 curveto
38.43 143.81 36.87 142.53 38.69 141.78 curveto
39.97853 141.24608 40.82616 140.9402 41.52872 140.61707 curveto
41.52873 140.6171 lineto
41.42307 140.4411 41.32536 140.28229 41.24 140.15 curveto
40.63 139.23 41.37 139.08 41.73 139.08 curveto
42.09 139.07 43.38 139.3 44.77 140.29 curveto
46.16 141.28 47.15 140.28 47.27 139.39 curveto
47.39 138.5 47.2 137.36 47.07 136.41 curveto
46.93 135.46 45.24 135.05 44.42 135.23 curveto
43.66153 135.40791 43.8588 133.09567 43.94443 132.15215 curveto
43.94443 132.15216 lineto
43.28708 132.33546 42.88528 132.42694 41.76 132.09 curveto
40.75877 131.78625 40.28592 131.48251 39.7328 130.89226 curveto
39.73277 130.89226 lineto
39.94 132 lineto
39.94 132 39.74 134.27 39.57 135.32 curveto
39.4 136.36 37.13 137.08 36.83 138.72 curveto
36.53 140.37 35.83 138.86 34.96 138.4 curveto
34.09 137.94 30.73 133.84 30.06 132.8 curveto
29.39 131.75 28.79 125.69 28.41 123.98 curveto
28.03 122.27 25.35 122.49 25.21 123.24 curveto
25.1016 123.82079 23.53598 124.82133 21.9713 125.41045 curveto
21.97125 125.41039 lineto
22.45355 126.18553 22.81033 126.94284 22.79 127.5 curveto
22.74 128.87 23.82 132.21 24.85 132.81 curveto
25.88 133.4 27.93 135.46 28.5 136.31 curveto
29.08 137.16 29.55 137.49 28.15 138.66 curveto
26.74 139.84 22.99 142.97 21.64 144.23 curveto
21.46135 144.39664 21.19029 144.63474 20.8522 144.92429 curveto
 closepath clip
 0 0 0 setrgbcolor 0 0.35 dtransform truncate idtransform setlinewidth pop
 [] 0 setdash 1 setlinejoin 10 setmiterlimit
newpath 17.82205 120.94385 moveto
18.04848 120.94916 18.24147 121.09956 18.33876 121.30605 curveto
18.49232 121.63205 18.49753 122.00024 18.4891 122.35985 curveto
18.48068 122.71945 18.45824 123.08698 18.28957 123.40544 curveto
18.18272 123.60713 17.9829 123.74835 17.75647 123.74304 curveto
17.53004 123.73773 17.33705 123.58733 17.23976 123.38084 curveto
17.0862 123.05484 17.081 122.68665 17.08942 122.32704 curveto
17.09784 121.96744 17.12029 121.59991 17.28896 121.28145 curveto
17.3958 121.07976 17.59563 120.93854 17.82205 120.94385 curveto closepath
 stroke
newpath 17.44058 132.57336 moveto
17.36574 132.3596 17.43846 132.12598 17.59743 131.96217 curveto
17.8484 131.70354 18.19112 131.5689 18.53061 131.45003 curveto
18.8701 131.33116 19.22197 131.22264 19.57945 131.26823 curveto
19.80586 131.29712 20.00844 131.43437 20.08328 131.64813 curveto
20.15813 131.8619 20.0854 132.09552 19.92644 132.25932 curveto
19.67546 132.51796 19.33275 132.6526 18.99326 132.77147 curveto
18.65376 132.89034 18.3019 132.99886 17.94441 132.95326 curveto
17.718 132.92438 17.51543 132.78712 17.44058 132.57336 curveto closepath stroke
newpath 16.4867 142.82185 moveto
16.51721 142.59743 16.68819 142.4224 16.90424 142.34874 curveto
17.24532 142.23247 17.61182 142.26833 17.96823 142.31679 curveto
18.32465 142.36525 18.6874 142.42854 18.98508 142.63164 curveto
19.1736 142.76031 19.29166 142.97462 19.26114 143.19905 curveto
19.23062 143.42348 19.05965 143.59851 18.8436 143.67216 curveto
18.50252 143.78844 18.13602 143.75258 17.7796 143.70412 curveto
17.42319 143.65565 17.06044 143.59236 16.76276 143.38927 curveto
16.57423 143.26059 16.45618 143.04628 16.4867 142.82185 curveto closepath
 stroke
newpath 17.3286 152.78929 moveto
17.1594 152.93985 16.91566 152.96149 16.7037 152.87683 curveto
16.36905 152.74316 16.1141 152.47748 15.875 152.20876 curveto
15.6359 151.94003 15.40164 151.65594 15.30777 151.30801 curveto
15.24834 151.08765 15.29816 150.84808 15.46736 150.69753 curveto
15.63657 150.54697 15.8803 150.52533 16.09225 150.60999 curveto
16.42691 150.74365 16.68185 151.00934 16.92096 151.27806 curveto
17.16006 151.54678 17.39432 151.83087 17.48819 152.1788 curveto
17.54762 152.39917 17.4978 152.63873 17.3286 152.78929 curveto closepath stroke
newpath 30.67767 140.86021 moveto
30.60602 140.64536 30.6822 140.41284 30.84358 140.2514 curveto
31.09836 139.99655 31.44305 139.867 31.78427 139.7532 curveto
32.12549 139.6394 32.47894 139.53613 32.83571 139.58704 curveto
33.06166 139.6193 33.26218 139.75952 33.33383 139.97438 curveto
33.40549 140.18924 33.3293 140.42175 33.16792 140.58319 curveto
32.91315 140.83804 32.56845 140.96759 32.22723 141.08139 curveto
31.88602 141.19519 31.53256 141.29846 31.1758 141.24756 curveto
30.94984 141.2153 30.74933 141.07507 30.67767 140.86021 curveto closepath
 stroke
newpath 31.86104 152.17963 moveto
31.6363 152.15154 31.45943 151.98244 31.38347 151.76721 curveto
31.26352 151.42738 31.29543 151.06053 31.34004 150.70361 curveto
31.38466 150.3467 31.44403 149.98329 31.64394 149.68344 curveto
31.77055 149.49355 31.9836 149.37318 32.20833 149.40128 curveto
32.43306 149.42937 32.60994 149.59846 32.6859 149.81369 curveto
32.80585 150.15352 32.77394 150.52037 32.72932 150.87729 curveto
32.68471 151.2342 32.62534 151.59761 32.42543 151.89746 curveto
32.29881 152.08736 32.08577 152.20772 31.86104 152.17963 curveto closepath
 stroke
newpath 39.35042 123.3656 moveto
39.1248 123.38539 38.91634 123.25728 38.7968 123.06282 curveto
38.60808 122.75583 38.56213 122.39049 38.5307 122.03217 curveto
38.49927 121.67384 38.48088 121.30609 38.61327 120.9709 curveto
38.6971 120.75862 38.88008 120.59615 39.1057 120.57635 curveto
39.33131 120.55656 39.53978 120.68468 39.65932 120.87914 curveto
39.84804 121.18613 39.89398 121.55147 39.92542 121.90979 curveto
39.95685 122.26811 39.97523 122.63586 39.84285 122.97105 curveto
39.75902 123.18333 39.57603 123.34581 39.35042 123.3656 curveto closepath
 stroke
newpath 39.71205 149.19635 moveto
39.91537 149.09659 40.15602 149.14098 40.33759 149.27928 curveto
40.62425 149.49767 40.79875 149.8219 40.9572 150.14482 curveto
41.11565 150.46774 41.2653 150.80418 41.2626 151.16454 curveto
41.26088 151.39278 41.14874 151.61026 40.94542 151.71002 curveto
40.7421 151.80978 40.50145 151.7654 40.31989 151.62709 curveto
40.03322 151.4087 39.85872 151.08447 39.70027 150.76155 curveto
39.54182 150.43863 39.39217 150.10219 39.39487 149.74184 curveto
39.39659 149.5136 39.50873 149.29611 39.71205 149.19635 curveto closepath
 stroke
grestore
 0.00002 0.00018 0.00102 setrgbcolor
newpath 22.71205 100.04945 moveto
23.17352 100.44373 23.73769 100.99152 24.14 101.6 curveto
24.95 102.81 30.16 104.04 31.98 104.2 curveto
33.79 104.36 35.18 105.85 36.13 109.74 curveto
36.78 112.39 35.74 111.61 35.18 113.69 curveto
34.61 115.77 36.57 115.11 36.5 116.78 curveto
36.43 118.45 36.2 121.09 36.31 124.99 curveto
36.41 128.88 36.15 126.72 38.01 128.86 curveto
39.87 131.01 39.98 131.55 41.76 132.09 curveto
42.88528 132.42694 43.28708 132.33546 43.94443 132.15216 curveto
43.94443 132.15218 lineto
43.95024 132.08806 43.95555 132.03026 43.96 131.98 curveto
44.03 131.19 43.72 126.5 43.64 125.44 curveto
43.55 124.39 42.52 115.18 42.37 114.01 curveto
42.22 112.84 42.32 108.8 42.46 108.13 curveto
42.59 107.45 42.01 105.84 41.99 105.23 curveto
41.97 104.61 43.23 104.33 43.93 104.5 curveto
44.64 104.67 44.52 104.41 44.94 103.79 curveto
45.35 103.18 44.23 101.96 43.83 101.2 curveto
43.43 100.44 43.08 99.44 42.75 99.08 curveto
42.42 98.73 42.85 98.8 43.16 98.98 curveto
44.09 99.49 43.95 98.22 43.85 97.74 curveto
43.75 97.26 43.73 96.28 43.62 95.84 curveto
43.52 95.4 42.46 93.46 42.2 92.79 curveto
41.93 92.12 42.32 90.63 42.5 89.86 curveto
42.68 89.08 43.16 89.52 44.07 90.1 curveto
46.63 91.74 44.89 88.62 44.63 88.31 curveto
44.36 88 43.07 86.29 42.84 85.66 curveto
42.61 85.02 41.48 83.12 40.92 82.13 curveto
40.36 81.14 36.23 75.56 35.54 73.62 curveto
34.84 71.68 35.55 64.58 34.97 61.35 curveto
34.39 58.11 34.2 48.84 34.37 47.77 curveto
34.54 46.7 34.6 42.8 34.77 40.07 curveto
34.94 37.34 35.4 37.89 36.04 38.02 curveto
36.68 38.15 38.36 39.52 39.37 41.2 curveto
39.6759 41.70882 40.09187 42.0883 40.6196 42.39262 curveto
40.61966 42.39262 lineto
41.04477 41.80754 41.58783 40.98184 41.63 40.53 curveto
41.7 39.77 43.57 39.25 44.34 39.17 curveto
44.71437 39.12624 45.11475 38.5648 45.4986 37.796 curveto
45.49857 37.796 lineto
44.93442 36.33076 44.35289 34.78844 44.12 34.11 curveto
43.66 32.76 37.72 29.78 36.27 29 curveto
34.82 28.22 32.81 24.87 31.81 23.12 curveto
30.81 21.37 20.07 12.34 19.37 11.34 curveto
18.66 10.34 11.68 4.45 10.82 3.58 curveto
9.96 2.71 4.61 -3.56 2.41 -4.92 curveto
1.96913 -5.18976 1.76695 -5.451 1.73878 -5.7021 curveto
1.73878 -5.7021 lineto
0.60449 -5.3557 -0.48642 -4.29842 -1.29 -3.04 curveto
-2.34 -1.38 -2.11 -1.43 -3.43 -0.25 curveto
-4.75 0.92 -6 -1.31 -7.41 -0.83 curveto
-8.06598 -0.60204 -9.24571 -0.40437 -10.40549 -0.24306 curveto
-10.40558 -0.24313 lineto
-8.71965 1.3003 -3.81862 5.29486 -1.2 8.14 curveto
1.7 11.28 4.51 13.7 5.35 14.06 curveto
6.18 14.42 5.84 14.97 6.34 15.88 curveto
6.84 16.79 6.61 17.71 7.84 16.81 curveto
9.08 15.91 8.96 17.19 10.4 18.04 curveto
11.84 18.89 16.25 22.1 16.87 22.44 curveto
17.48 22.78 17.1 24.7 17.16 25.57 curveto
17.23 26.44 17.22 26.58 18.51 25.83 curveto
19.8 25.08 20.39 24.99 21.61 25.82 curveto
22.84 26.65 27.42 28.64 27.26 29.64 curveto
27.09 30.64 26.52 39.33 26.1 40.81 curveto
25.68 42.29 22.35 52.84 22.94 55.14 curveto
23.53 57.43 22.63 63.43 21.78 65.74 curveto
21.4602 66.599 21.23029 67.47597 21.01569 68.31949 curveto
21.0157 68.31949 lineto
21.12889 69.12157 21.2376 70.09293 21.26 70.98 curveto
21.31 72.97 22.81 77.51 22.34 80.14 curveto
22.21909 80.8287 22.09747 81.4642 21.97662 82.04558 curveto
21.97662 82.04562 lineto
22.7559 83.32753 23.12129 84.97945 23.18 88.12 curveto
23.21 89.97 23.3 94.71 23.2 95.86 curveto
23.1302 96.66267 22.86554 98.81972 22.71204 100.04942 curveto
 closepath fill
0 0 0 THsetpatterncolor
 0.00002 0.00015 0.00002 setrgbcolor
newpath 22.71205 100.04945 moveto
23.17352 100.44373 23.73769 100.99152 24.14 101.6 curveto
24.95 102.81 30.16 104.04 31.98 104.2 curveto
33.79 104.36 35.18 105.85 36.13 109.74 curveto
36.78 112.39 35.74 111.61 35.18 113.69 curveto
34.61 115.77 36.57 115.11 36.5 116.78 curveto
36.43 118.45 36.2 121.09 36.31 124.99 curveto
36.41 128.88 36.15 126.72 38.01 128.86 curveto
39.87 131.01 39.98 131.55 41.76 132.09 curveto
42.88528 132.42694 43.28708 132.33546 43.94443 132.15216 curveto
43.94443 132.15218 lineto
43.95024 132.08806 43.95555 132.03026 43.96 131.98 curveto
44.03 131.19 43.72 126.5 43.64 125.44 curveto
43.55 124.39 42.52 115.18 42.37 114.01 curveto
42.22 112.84 42.32 108.8 42.46 108.13 curveto
42.59 107.45 42.01 105.84 41.99 105.23 curveto
41.97 104.61 43.23 104.33 43.93 104.5 curveto
44.64 104.67 44.52 104.41 44.94 103.79 curveto
45.35 103.18 44.23 101.96 43.83 101.2 curveto
43.43 100.44 43.08 99.44 42.75 99.08 curveto
42.42 98.73 42.85 98.8 43.16 98.98 curveto
44.09 99.49 43.95 98.22 43.85 97.74 curveto
43.75 97.26 43.73 96.28 43.62 95.84 curveto
43.52 95.4 42.46 93.46 42.2 92.79 curveto
41.93 92.12 42.32 90.63 42.5 89.86 curveto
42.68 89.08 43.16 89.52 44.07 90.1 curveto
46.63 91.74 44.89 88.62 44.63 88.31 curveto
44.36 88 43.07 86.29 42.84 85.66 curveto
42.61 85.02 41.48 83.12 40.92 82.13 curveto
40.36 81.14 36.23 75.56 35.54 73.62 curveto
34.84 71.68 35.55 64.58 34.97 61.35 curveto
34.39 58.11 34.2 48.84 34.37 47.77 curveto
34.54 46.7 34.6 42.8 34.77 40.07 curveto
34.94 37.34 35.4 37.89 36.04 38.02 curveto
36.68 38.15 38.36 39.52 39.37 41.2 curveto
39.6759 41.70882 40.09187 42.0883 40.6196 42.39262 curveto
40.61966 42.39262 lineto
41.04477 41.80754 41.58783 40.98184 41.63 40.53 curveto
41.7 39.77 43.57 39.25 44.34 39.17 curveto
44.71437 39.12624 45.11475 38.5648 45.4986 37.796 curveto
45.49857 37.796 lineto
44.93442 36.33076 44.35289 34.78844 44.12 34.11 curveto
43.66 32.76 37.72 29.78 36.27 29 curveto
34.82 28.22 32.81 24.87 31.81 23.12 curveto
30.81 21.37 20.07 12.34 19.37 11.34 curveto
18.66 10.34 11.68 4.45 10.82 3.58 curveto
9.96 2.71 4.61 -3.56 2.41 -4.92 curveto
1.96913 -5.18976 1.76695 -5.451 1.73878 -5.7021 curveto
1.73878 -5.7021 lineto
0.60449 -5.3557 -0.48642 -4.29842 -1.29 -3.04 curveto
-2.34 -1.38 -2.11 -1.43 -3.43 -0.25 curveto
-4.75 0.92 -6 -1.31 -7.41 -0.83 curveto
-8.06598 -0.60204 -9.24571 -0.40437 -10.40549 -0.24306 curveto
-10.40558 -0.24313 lineto
-8.71965 1.3003 -3.81862 5.29486 -1.2 8.14 curveto
1.7 11.28 4.51 13.7 5.35 14.06 curveto
6.18 14.42 5.84 14.97 6.34 15.88 curveto
6.84 16.79 6.61 17.71 7.84 16.81 curveto
9.08 15.91 8.96 17.19 10.4 18.04 curveto
11.84 18.89 16.25 22.1 16.87 22.44 curveto
17.48 22.78 17.1 24.7 17.16 25.57 curveto
17.23 26.44 17.22 26.58 18.51 25.83 curveto
19.8 25.08 20.39 24.99 21.61 25.82 curveto
22.84 26.65 27.42 28.64 27.26 29.64 curveto
27.09 30.64 26.52 39.33 26.1 40.81 curveto
25.68 42.29 22.35 52.84 22.94 55.14 curveto
23.53 57.43 22.63 63.43 21.78 65.74 curveto
21.4602 66.599 21.23029 67.47597 21.01569 68.31949 curveto
21.0157 68.31949 lineto
21.12889 69.12157 21.2376 70.09293 21.26 70.98 curveto
21.31 72.97 22.81 77.51 22.34 80.14 curveto
22.21909 80.8287 22.09747 81.4642 21.97662 82.04558 curveto
21.97662 82.04562 lineto
22.7559 83.32753 23.12129 84.97945 23.18 88.12 curveto
23.21 89.97 23.3 94.71 23.2 95.86 curveto
23.1302 96.66267 22.86554 98.81972 22.71204 100.04942 curveto
 closepath fill
 0.00002 0.00018 0.00102 setrgbcolor
newpath -36.67 -204.16 moveto
-36.67 -204.16 -35.91 -204.17 -35.11 -203.71 curveto
-34.32 -203.25 -33.75 -202.74 -33.34 -202.24 curveto
-32.93 -201.74 -31.54 -200.38 -31.17 -199.43 curveto
-30.8 -198.47 -28.67 -195.98 -28.92 -195.85 curveto
-29.16 -195.72 -29.56 -195.53 -30.16 -195.58 curveto
-30.77 -195.64 -31.34 -195.24 -31.34 -195.24 curveto
-31.83 -195.75 lineto
-33.19 -195.88 lineto
-33.88 -196.71 lineto
-34.64 -196.78 lineto
-34.59 -195.71 lineto
-35.17 -195.23 lineto
-33.19 -194.35 lineto
-32.1 -194.55 lineto
-31.22 -194.16 lineto
-31.03 -192.92 lineto
-29.45 -191.85 lineto
-29.45 -191.85 -29.85 -190.13 -29.21 -189.61 curveto
-28.58 -189.09 -27.78 -187.86 -27.78 -187.86 curveto
-27.99 -187.27 lineto
-28.27 -186.69 lineto
-29.26 -185.94 lineto
-27.43 -181.94 lineto
-28.92 -180.79 lineto
-27.74 -179.52 lineto
-26.78 -179.2 lineto
-26.78 -179.2 -26.04 -178.9 -26.09 -178.37 curveto
-26.15 -177.84 -26.04 -176.61 -26 -176.22 curveto
-25.96 -175.84 -26.54 -175.35 -26.54 -175.35 curveto
-26.54 -175.35 -28.54 -175.24 -29.05 -175.51 curveto
-29.55 -175.79 -30.75 -176.82 -30.75 -176.82 curveto
-30.75 -176.82 -30.72 -173.98 -31.27 -173.73 curveto
-31.41 -173.66 -34.02 -174.52 -34.02 -174.52 curveto
-35.06 -175.69 lineto
-35.06 -175.69 -36.46 -178.66 -36.55 -179.36 curveto
-36.63 -180.06 -35.51 -180.57 -35.51 -180.57 curveto
-37.44 -180.44 lineto
-38.44 -181.15 lineto
-39.35 -182.77 lineto
-41.68 -183.98 lineto
-42.82 -184.09 lineto
-42.82 -184.09 -42.62 -186.91 -42.55 -188.43 curveto
-42.54 -188.68 -41.86 -189.29 -41.2 -189.76 curveto
-40.54 -190.24 -39.37 -190.51 -39.16 -191.1 curveto
-39.12 -191.2 -42.3 -193.46 -42.3 -193.46 curveto
-43.53 -192.59 lineto
-43.53 -192.59 -44.39 -192.36 -44.73 -192.78 curveto
-45.08 -193.19 -46.72 -194.42 -46.72 -194.42 curveto
-46.74 -196.57 lineto
-49.34 -192.6 lineto
-49.34 -192.6 -50.84 -194.43 -51 -195.21 curveto
-51.15 -195.99 -50.08 -198.41 -49.99 -199.32 curveto
-49.9 -200.23 -50.18 -201.25 -49.03 -201.3 curveto
-47.88 -201.34 -46.68 -201.07 -46.25 -200.8 curveto
-45.82 -200.53 -45.01 -200.15 -45.17 -199.32 curveto
-45.33 -198.5 -45.31 -197.88 -45.31 -197.88 curveto
-44.28 -198.24 lineto
-44.28 -198.24 -43.9 -199.05 -43.87 -199.35 curveto
-43.84 -199.66 -43.22 -200.51 -43.12 -200.81 curveto
-43.01 -201.11 -40.91 -200.44 -40.05 -200.06 curveto
-39.83 -199.96 -38.86 -202.08 -37.6 -203.26 curveto
-36.34 -204.44 -36.67 -204.16 -36.67 -204.16 curveto closepath fill
 0 0 0 setrgbcolor 0 0.35 dtransform truncate idtransform setlinewidth pop
 [] 0 setdash 1 setlinejoin 10 setmiterlimit
newpath -36.67 -204.16 moveto
-36.67 -204.16 -35.91 -204.17 -35.11 -203.71 curveto
-34.32 -203.25 -33.75 -202.74 -33.34 -202.24 curveto
-32.93 -201.74 -31.54 -200.38 -31.17 -199.43 curveto
-30.8 -198.47 -28.67 -195.98 -28.92 -195.85 curveto
-29.16 -195.72 -29.56 -195.53 -30.16 -195.58 curveto
-30.77 -195.64 -31.34 -195.24 -31.34 -195.24 curveto
-31.83 -195.75 lineto
-33.19 -195.88 lineto
-33.88 -196.71 lineto
-34.64 -196.78 lineto
-34.59 -195.71 lineto
-35.17 -195.23 lineto
-33.19 -194.35 lineto
-32.1 -194.55 lineto
-31.22 -194.16 lineto
-31.03 -192.92 lineto
-29.45 -191.85 lineto
-29.45 -191.85 -29.85 -190.13 -29.21 -189.61 curveto
-28.58 -189.09 -27.78 -187.86 -27.78 -187.86 curveto
-27.99 -187.27 lineto
-28.27 -186.69 lineto
-29.26 -185.94 lineto
-27.43 -181.94 lineto
-28.92 -180.79 lineto
-27.74 -179.52 lineto
-26.78 -179.2 lineto
-26.78 -179.2 -26.04 -178.9 -26.09 -178.37 curveto
-26.15 -177.84 -26.04 -176.61 -26 -176.22 curveto
-25.96 -175.84 -26.54 -175.35 -26.54 -175.35 curveto
-26.54 -175.35 -28.54 -175.24 -29.05 -175.51 curveto
-29.55 -175.79 -30.75 -176.82 -30.75 -176.82 curveto
-30.75 -176.82 -30.72 -173.98 -31.27 -173.73 curveto
-31.41 -173.66 -34.02 -174.52 -34.02 -174.52 curveto
-35.06 -175.69 lineto
-35.06 -175.69 -36.46 -178.66 -36.55 -179.36 curveto
-36.63 -180.06 -35.51 -180.57 -35.51 -180.57 curveto
-37.44 -180.44 lineto
-38.44 -181.15 lineto
-39.35 -182.77 lineto
-41.68 -183.98 lineto
-42.82 -184.09 lineto
-42.82 -184.09 -42.62 -186.91 -42.55 -188.43 curveto
-42.54 -188.68 -41.86 -189.29 -41.2 -189.76 curveto
-40.54 -190.24 -39.37 -190.51 -39.16 -191.1 curveto
-39.12 -191.2 -42.3 -193.46 -42.3 -193.46 curveto
-43.53 -192.59 lineto
-43.53 -192.59 -44.39 -192.36 -44.73 -192.78 curveto
-45.08 -193.19 -46.72 -194.42 -46.72 -194.42 curveto
-46.74 -196.57 lineto
-49.34 -192.6 lineto
-49.34 -192.6 -50.84 -194.43 -51 -195.21 curveto
-51.15 -195.99 -50.08 -198.41 -49.99 -199.32 curveto
-49.9 -200.23 -50.18 -201.25 -49.03 -201.3 curveto
-47.88 -201.34 -46.68 -201.07 -46.25 -200.8 curveto
-45.82 -200.53 -45.01 -200.15 -45.17 -199.32 curveto
-45.33 -198.5 -45.31 -197.88 -45.31 -197.88 curveto
-44.28 -198.24 lineto
-44.28 -198.24 -43.9 -199.05 -43.87 -199.35 curveto
-43.84 -199.66 -43.22 -200.51 -43.12 -200.81 curveto
-43.01 -201.11 -40.91 -200.44 -40.05 -200.06 curveto
-39.83 -199.96 -38.86 -202.08 -37.6 -203.26 curveto
-36.34 -204.44 -36.67 -204.16 -36.67 -204.16 curveto closepath stroke
 0 0.24501 dtransform truncate idtransform setlinewidth pop 1 setlinecap
newpath 10.53 -17.88 moveto
11.90765 -17.63123 lineto stroke
newpath 10.6919 -19.6788 moveto
12.09135 -19.64056 lineto stroke
newpath 10.65239 -21.48482 moveto
12.04858 -21.58757 lineto stroke
newpath 10.42432 -23.2769 moveto
11.8023 -23.52397 lineto stroke
newpath 9.99734 -25.0319 moveto
11.33879 -25.43248 lineto stroke
newpath 9.35838 -26.7213 moveto
10.64038 -27.28378 lineto stroke
newpath 8.5 -28.31 moveto
9.69698 -29.03604 lineto stroke
 0 0.35 dtransform truncate idtransform setlinewidth pop
newpath 10.53 -17.88 moveto
10.53 -17.88 11.57 -23.47 8.5 -28.31 curveto stroke
 0.00002 0.00018 0.00102 setrgbcolor
newpath -0.23 -29.39 moveto
-0.23 -29.39 1.27 -28.34 1.39 -27.95 curveto
1.5 -27.56 1.2 -26.75 1.4 -26.42 curveto
1.6 -26.1 2.13 -24.37 1.99 -23.54 curveto
1.84 -22.71 1.09 -21.02 1.09 -21.02 curveto
0.45 -20.7 lineto
-0.17 -19.69 lineto
-2 -19.62 lineto
-3.26 -18.2 lineto
-4.44 -18.68 lineto
-4.41 -19.9 lineto
-4.03 -20.86 lineto
-3.48 -21.88 lineto
-2.69 -23.96 lineto
-1.39 -25.83 lineto
-1.39 -25.83 -1.16 -27.57 -1.18 -28.18 curveto
-1.2 -28.79 -1 -29.38 -1 -29.38 curveto
 closepath fill
 0 0 0 setrgbcolor
newpath -0.23 -29.39 moveto
-0.23 -29.39 1.27 -28.34 1.39 -27.95 curveto
1.5 -27.56 1.2 -26.75 1.4 -26.42 curveto
1.6 -26.1 2.13 -24.37 1.99 -23.54 curveto
1.84 -22.71 1.09 -21.02 1.09 -21.02 curveto
0.45 -20.7 lineto
-0.17 -19.69 lineto
-2 -19.62 lineto
-3.26 -18.2 lineto
-4.44 -18.68 lineto
-4.41 -19.9 lineto
-4.03 -20.86 lineto
-3.48 -21.88 lineto
-2.69 -23.96 lineto
-1.39 -25.83 lineto
-1.39 -25.83 -1.16 -27.57 -1.18 -28.18 curveto
-1.2 -28.79 -1 -29.38 -1 -29.38 curveto
 closepath stroke
 0.00002 0.00018 0.00102 setrgbcolor
newpath -23.05 -40.57 moveto
-21.79 -41.9 lineto
-21 -41.37 lineto
-20.32 -41.24 lineto
-19.67 -40.04 lineto
-18.79 -38.81 lineto
-18.93 -38.07 lineto
-18.81 -36.07 lineto
-19.07 -34.8 lineto
-18.97 -33.42 lineto
-19.6 -34.01 lineto
-20.4 -34.46 lineto
-20.4 -34.46 -20.66 -35.25 -20.64 -35.71 curveto
-20.63 -36.16 -23.05 -40.57 -23.05 -40.57 curveto closepath fill
 0 0 0 setrgbcolor
newpath -23.05 -40.57 moveto
-21.79 -41.9 lineto
-21 -41.37 lineto
-20.32 -41.24 lineto
-19.67 -40.04 lineto
-18.79 -38.81 lineto
-18.93 -38.07 lineto
-18.81 -36.07 lineto
-19.07 -34.8 lineto
-18.97 -33.42 lineto
-19.6 -34.01 lineto
-20.4 -34.46 lineto
-20.4 -34.46 -20.66 -35.25 -20.64 -35.71 curveto
-20.63 -36.16 -23.05 -40.57 -23.05 -40.57 curveto closepath stroke
newpath -19.07 -34.8 moveto
-17.93 -34.85 lineto
-16.79 -33.08 lineto
-17.38 -32.52 lineto
-18.15 -32.36 lineto
-18.96 -31.82 lineto
-19.5 -32.55 lineto
-19.6 -34.01 lineto stroke
newpath -17.38 -32.52 moveto
-16.79 -31.4 lineto
-16.65 -30.47 lineto
-16.16 -29.89 lineto
-16.84 -29.11 lineto
-17.49 -28.63 lineto
-18.32 -28.71 lineto
-19.17 -29.47 lineto
-18.96 -31.82 lineto stroke
newpath -16.84 -29.11 moveto
-15.8 -28.87 lineto
-15.85 -28.34 lineto
-15.49 -27.23 lineto
-15.58 -26.17 lineto
-16.89 -25.98 lineto
-16.89 -25.98 -17.45 -27.41 -18.04 -27.54 curveto
-18.64 -27.67 -18.32 -28.71 -18.32 -28.71 curveto stroke
newpath -14.56 -18.43 moveto
-14.53 -20.64 lineto
-13.67 -21.79 lineto
-12.67 -21.93 lineto
-11.31 -21.04 lineto
-10.85 -20.09 lineto
-11.22 -18.44 lineto
-11.22 -18.44 -11.04 -16.97 -10.71 -16.33 curveto
-10.39 -15.69 -10.47 -14.79 -10.51 -14.26 curveto
-10.56 -13.73 -10.68 -12.22 -11.5 -11.53 curveto
-11.66 -11.39 -12 -11.95 -12 -11.95 curveto
-12.32 -11.75 lineto
-12.32 -11.75 -13.81 -13.86 -14.03 -14.79 curveto
-14.26 -15.73 -14.8 -16.54 -14.82 -17.15 curveto
-14.85 -17.77 -14.56 -18.43 -14.56 -18.43 curveto stroke
 0.00002 0.00018 0.00102 setrgbcolor
newpath -23.21 -25.85 moveto
-23.21 -25.85 -21.24 -26.6 -20.6 -27 curveto
-19.96 -27.4 -19.3 -27.11 -18.95 -26.7 curveto
-18.61 -26.29 -18.3 -25.42 -18.35 -24.89 curveto
-18.39 -24.35 -19.53 -24.45 -19.53 -24.45 curveto
-19.53 -24.45 -20.46 -23.31 -21.01 -23.06 curveto
-21.57 -22.8 -22.03 -22.76 -22.03 -22.76 curveto
-23.38 -22.89 lineto
-24.14 -22.95 lineto
 closepath fill
 0 0 0 setrgbcolor
newpath -23.21 -25.85 moveto
-23.21 -25.85 -21.24 -26.6 -20.6 -27 curveto
-19.96 -27.4 -19.3 -27.11 -18.95 -26.7 curveto
-18.61 -26.29 -18.3 -25.42 -18.35 -24.89 curveto
-18.39 -24.35 -19.53 -24.45 -19.53 -24.45 curveto
-19.53 -24.45 -20.46 -23.31 -21.01 -23.06 curveto
-21.57 -22.8 -22.03 -22.76 -22.03 -22.76 curveto
-23.38 -22.89 lineto
-24.14 -22.95 lineto
 closepath stroke
 0.00002 0.00018 0.00102 setrgbcolor
newpath -22.03 -22.76 moveto
-20.99 -21.6 lineto
-21.33 -20.18 lineto
-21.9 -19.77 lineto
-22.95 -19.94 lineto
-23.19 -20.65 lineto
-23.16 -21.95 lineto
 closepath fill
 0 0 0 setrgbcolor
newpath -22.03 -22.76 moveto
-20.99 -21.6 lineto
-21.33 -20.18 lineto
-21.9 -19.77 lineto
-22.95 -19.94 lineto
-23.19 -20.65 lineto
-23.16 -21.95 lineto
 closepath stroke
newpath -21.33 -20.18 moveto
-20.84 -18.83 lineto
-20.93 -17.7 lineto
-21.75 -17.08 lineto
-22.87 -17.26 lineto
-23.34 -17.99 lineto
-23.66 -18.71 lineto
-22.95 -19.94 lineto stroke
 0.00002 0.00018 0.00102 setrgbcolor
newpath -21.75 -17.08 moveto
-20.11 -15.72 lineto
-19.97 -14.71 lineto
-20.85 -13.34 lineto
-21.54 -13.25 lineto
-22.01 -13.98 lineto
-21.99 -15.12 lineto
-22.66 -16.17 lineto
 closepath fill
 0 0 0 setrgbcolor
newpath -21.75 -17.08 moveto
-20.11 -15.72 lineto
-19.97 -14.71 lineto
-20.85 -13.34 lineto
-21.54 -13.25 lineto
-22.01 -13.98 lineto
-21.99 -15.12 lineto
-22.66 -16.17 lineto
 closepath stroke
 0.00002 0.00018 0.00102 setrgbcolor
newpath -3.03 -10.26 moveto
-3.17 -11.26 lineto
-2.52 -11.74 lineto
-0.58 -11.35 lineto
2.1 -9.67 lineto
2.1 -9.67 0.38 -9.14 -0.29 -9.34 curveto
-0.96 -9.55 -3.03 -10.26 -3.03 -10.26 curveto closepath fill
 0 0 0 setrgbcolor
newpath -3.03 -10.26 moveto
-3.17 -11.26 lineto
-2.52 -11.74 lineto
-0.58 -11.35 lineto
2.1 -9.67 lineto
2.1 -9.67 0.38 -9.14 -0.29 -9.34 curveto
-0.96 -9.55 -3.03 -10.26 -3.03 -10.26 curveto closepath stroke
 0.00002 0.00018 0.00102 setrgbcolor
newpath -12.68 -4.86 moveto
-12.68 -4.86 -15 -6.2 -14.93 -6.96 curveto
-14.87 -7.71 -15 -8.79 -15 -8.79 curveto
-13.84 -9.91 lineto
-11.79 -9.04 lineto
-11.93 -10.04 lineto
-11.93 -10.04 -10.68 -10.47 -10.38 -10.44 curveto
-10.08 -10.41 -9.52 -9.83 -9.52 -9.83 curveto
-8.84 -10.69 lineto
-8.84 -10.69 -7.26 -10.55 -6.25 -10.77 curveto
-5.25 -10.98 -4.69 -10.4 -4.69 -10.4 curveto
-4.99 -8.68 lineto
-3.54 -7.87 lineto
-2.64 -7.64 lineto
-3.71 -4.92 lineto
-4.57 -4.69 lineto
-6.31 -5.67 lineto
-7.88 -5.89 lineto
-8.59 -6.48 lineto
-8.66 -8.31 lineto
-9.57 -7.48 lineto
-8.64 -5.88 lineto
-8.71 -5.12 lineto
-10.93 -4.94 lineto
-9.87 -3.93 lineto
-9.86 -3.25 lineto
-11.34 -2.01 lineto
-12.48 -2.79 lineto
-12.59 -3.33 lineto
-12.67 -4.1 lineto
-11.95 -4.49 lineto
-10.93 -4.94 lineto
 closepath fill
 0 0 0 setrgbcolor
newpath -12.68 -4.86 moveto
-12.68 -4.86 -15 -6.2 -14.93 -6.96 curveto
-14.87 -7.71 -15 -8.79 -15 -8.79 curveto
-13.84 -9.91 lineto
-11.79 -9.04 lineto
-11.93 -10.04 lineto
-11.93 -10.04 -10.68 -10.47 -10.38 -10.44 curveto
-10.08 -10.41 -9.52 -9.83 -9.52 -9.83 curveto
-8.84 -10.69 lineto
-8.84 -10.69 -7.26 -10.55 -6.25 -10.77 curveto
-5.25 -10.98 -4.69 -10.4 -4.69 -10.4 curveto
-4.99 -8.68 lineto
-3.54 -7.87 lineto
-2.64 -7.64 lineto
-3.71 -4.92 lineto
-4.57 -4.69 lineto
-6.31 -5.67 lineto
-7.88 -5.89 lineto
-8.59 -6.48 lineto
-8.66 -8.31 lineto
-9.57 -7.48 lineto
-8.64 -5.88 lineto
-8.71 -5.12 lineto
-10.93 -4.94 lineto
-9.87 -3.93 lineto
-9.86 -3.25 lineto
-11.34 -2.01 lineto
-12.48 -2.79 lineto
-12.59 -3.33 lineto
-12.67 -4.1 lineto
-11.95 -4.49 lineto
-10.93 -4.94 lineto
 closepath stroke
newpath -9.57 -7.48 moveto
-10.9 -7.9 lineto
-11.79 -9.04 lineto stroke
newpath -4.99 -8.68 moveto
-4.99 -8.68 -6.03 -8.01 -7.16 -8.18 curveto
-8.28 -8.35 -8.66 -8.31 -8.66 -8.31 curveto
-9.52 -9.83 lineto stroke
newpath -6.31 -5.67 moveto
-6.31 -5.67 -5.47 -6.59 -5.43 -7.04 curveto
-5.39 -7.5 -7.16 -8.18 -7.16 -8.18 curveto stroke
 0.00002 0.00018 0.00102 setrgbcolor
newpath -8.71 -5.12 moveto
-6.13 -5.13 lineto
-5.23 -4.9 lineto
-5.97 -4.28 lineto
-7.25 -3.48 lineto
-9.04 -3.94 lineto
 closepath fill
 0 0 0 setrgbcolor
newpath -8.71 -5.12 moveto
-6.13 -5.13 lineto
-5.23 -4.9 lineto
-5.97 -4.28 lineto
-7.25 -3.48 lineto
-9.04 -3.94 lineto
 closepath stroke
 0.00002 0.00018 0.00102 setrgbcolor
newpath 1.33 0.02 moveto
1.33 0.02 1.58 -1.03 2.04 -1.06 curveto
2.49 -1.1 3.17 -1.04 3.17 -1.04 curveto
3.15 0.03 lineto
 closepath fill
 0 0 0 setrgbcolor
newpath 1.33 0.02 moveto
1.33 0.02 1.58 -1.03 2.04 -1.06 curveto
2.49 -1.1 3.17 -1.04 3.17 -1.04 curveto
3.15 0.03 lineto
 closepath stroke
 0.00002 0.00018 0.00102 setrgbcolor
newpath -4.86 -0.45 moveto
-4.86 -0.45 -6.65 -0.84 -6.31 -2.1 curveto
-5.97 -3.36 -4.95 -3.73 -4.95 -3.73 curveto
-4.07 -3.43 lineto
-3.8 -3.94 lineto
-3.8 -3.94 -2.87 -3.17 -2.88 -2.19 curveto
-2.89 -1.2 -2.92 -0.89 -3.4 -0.63 curveto
-3.88 -0.37 -4.86 -0.45 -4.86 -0.45 curveto closepath fill
 0 0 0 setrgbcolor
newpath -4.86 -0.45 moveto
-4.86 -0.45 -6.65 -0.84 -6.31 -2.1 curveto
-5.97 -3.36 -4.95 -3.73 -4.95 -3.73 curveto
-4.07 -3.43 lineto
-3.8 -3.94 lineto
-3.8 -3.94 -2.87 -3.17 -2.88 -2.19 curveto
-2.89 -1.2 -2.92 -0.89 -3.4 -0.63 curveto
-3.88 -0.37 -4.86 -0.45 -4.86 -0.45 curveto closepath stroke
 0.00002 0.00018 0.00102 setrgbcolor
newpath -2.81 -0.43 moveto
-2.81 -0.43 -1.47 -0.15 -0.63 0.68 curveto
0.21 1.51 -0.19 2.62 0.22 3.11 curveto
0.63 3.6 -2.47 1.81 -3.02 1.15 curveto
-3.57 0.49 -2.81 -0.43 -2.81 -0.43 curveto closepath fill
 0 0 0 setrgbcolor
newpath -2.81 -0.43 moveto
-2.81 -0.43 -1.47 -0.15 -0.63 0.68 curveto
0.21 1.51 -0.19 2.62 0.22 3.11 curveto
0.63 3.6 -2.47 1.81 -3.02 1.15 curveto
-3.57 0.49 -2.81 -0.43 -2.81 -0.43 curveto closepath stroke
 0.00002 0.00018 0.00102 setrgbcolor
newpath 0.69 -2.18 moveto
0.42 -2.51 lineto
-0.27 -3.33 lineto
0.04 -4.29 lineto
1.21 -3.74 lineto
 closepath fill
 0 0 0 setrgbcolor
newpath 0.69 -2.18 moveto
0.42 -2.51 lineto
-0.27 -3.33 lineto
0.04 -4.29 lineto
1.21 -3.74 lineto
 closepath stroke
 0 0.24501 dtransform truncate idtransform setlinewidth pop
newpath -16.66 -17.01 moveto
-18.68243 -16.66101 lineto stroke
newpath -16.9606 -17.77032 moveto
-17.62527 -17.61143 lineto stroke
newpath -17.22836 -18.54277 moveto
-19.18954 -17.93803 lineto stroke
newpath -17.44667 -19.3305 moveto
-18.09361 -19.11028 lineto stroke
newpath -17.54 -20.14 moveto
-19.56242 -19.79102 lineto stroke
newpath -16.76 -35.97 moveto
-17.05199 -33.48834 lineto stroke
 0.24501 0 dtransform exch truncate exch idtransform pop setlinewidth
newpath -15.895 -35.8725 moveto
-15.99222 -35.04613 lineto stroke
 0 0.24501 dtransform truncate idtransform setlinewidth pop
newpath -15.02998 -35.775 moveto
-15.32193 -33.29333 lineto stroke
 0.24501 0 dtransform exch truncate exch idtransform pop setlinewidth
newpath -14.165 -35.6775 moveto
-14.2622 -34.85114 lineto stroke
 0 0.24501 dtransform truncate idtransform setlinewidth pop
newpath -13.3 -35.58 moveto
-13.592 -33.09834 lineto stroke
newpath -12.28 -7.79 moveto
-14.47661 -7.09361 lineto stroke
newpath -12.08499 -7.18498 moveto
-12.81644 -6.95308 lineto stroke
newpath -11.88998 -6.57999 moveto
-14.0866 -5.88365 lineto stroke
newpath -11.695 -5.97498 moveto
-12.42645 -5.74307 lineto stroke
newpath -11.5 -5.37 moveto
-13.69661 -4.67361 lineto stroke
 0.00002 0.00018 0.00102 setrgbcolor
newpath -1.74 170.82 moveto
-0.79 169.54 lineto
0.12 169.62 lineto
0.12 169.62 1.42 172.93 1.3 173.45 curveto
1.18 173.98 1.52 175.3 1.15 176.03 curveto
0.78 176.76 -0.56 178.08 -0.56 178.08 curveto
-0.56 178.08 -1.64 176.54 -1.69 175.39 curveto
-1.74 174.25 -1.87 173.17 -1.87 172.33 curveto
-1.87 171.5 -1.74 170.82 -1.74 170.82 curveto closepath fill
 0 0 0 setrgbcolor 0 0.35 dtransform truncate idtransform setlinewidth pop
newpath -1.74 170.82 moveto
-0.79 169.54 lineto
0.12 169.62 lineto
0.12 169.62 1.42 172.93 1.3 173.45 curveto
1.18 173.98 1.52 175.3 1.15 176.03 curveto
0.78 176.76 -0.56 178.08 -0.56 178.08 curveto
-0.56 178.08 -1.64 176.54 -1.69 175.39 curveto
-1.74 174.25 -1.87 173.17 -1.87 172.33 curveto
-1.87 171.5 -1.74 170.82 -1.74 170.82 curveto closepath stroke
newpath -28.92 -195.85 moveto
-26.44 -193.01 lineto
-26.91 -191.29 lineto
-26.91 -191.29 -27.59 -190.6 -28.01 -190.94 curveto
-28.44 -191.29 -29.45 -191.85 -29.45 -191.85 curveto stroke
 0.00002 0.00018 0.00102 setrgbcolor
newpath -24.69 -180.22 moveto
-26.27 -180.45 lineto
-27.43 -181.94 lineto
-27.81 -184.35 lineto
-27.55 -185.47 lineto
-24.14 -189.11 lineto
-22.94 -188.08 lineto
-22.94 -188.08 -23.32 -184.91 -22.75 -184.55 curveto
-21.6 -186.12 lineto
-21.6 -186.12 -18.81 -182.71 -19.56 -181.25 curveto
-20.31 -179.8 -22.52 -175.81 -23.13 -175.87 curveto
-23.73 -175.93 -23.43 -176.66 -23.77 -177.15 curveto
-24.1 -177.64 -24.63 -178.46 -24.63 -178.46 curveto
 closepath fill
 0 0 0 setrgbcolor
newpath -24.69 -180.22 moveto
-26.27 -180.45 lineto
-27.43 -181.94 lineto
-27.81 -184.35 lineto
-27.55 -185.47 lineto
-24.14 -189.11 lineto
-22.94 -188.08 lineto
-22.94 -188.08 -23.32 -184.91 -22.75 -184.55 curveto
-21.6 -186.12 lineto
-21.6 -186.12 -18.81 -182.71 -19.56 -181.25 curveto
-20.31 -179.8 -22.52 -175.81 -23.13 -175.87 curveto
-23.73 -175.93 -23.43 -176.66 -23.77 -177.15 curveto
-24.1 -177.64 -24.63 -178.46 -24.63 -178.46 curveto
 closepath stroke
newpath -24.69 -180.22 moveto
-24.86 -181.62 lineto
-24.46 -182.57 lineto
-22.75 -184.55 lineto stroke
 0.00002 0.00018 0.00102 setrgbcolor
newpath -22.81 -175.22 moveto
-22.81 -175.22 -19.87 -172.5 -19.54 -171.94 curveto
-19.21 -171.37 -18.75 -169.73 -18.75 -169.73 curveto
-18.27 -167.48 lineto
-18.24 -166.19 lineto
-18.96 -165.8 lineto
-21.47 -166.57 lineto
-22.23 -166.64 lineto
-25.32 -170.41 lineto
-27.08 -173.72 lineto
-26.65 -174.98 lineto
-26.04 -175 lineto
-24.87 -175.2 lineto
-24.2 -175.05 lineto
-23.85 -175.48 lineto
 closepath fill
 0 0 0 setrgbcolor
newpath -22.81 -175.22 moveto
-22.81 -175.22 -19.87 -172.5 -19.54 -171.94 curveto
-19.21 -171.37 -18.75 -169.73 -18.75 -169.73 curveto
-18.27 -167.48 lineto
-18.24 -166.19 lineto
-18.96 -165.8 lineto
-21.47 -166.57 lineto
-22.23 -166.64 lineto
-25.32 -170.41 lineto
-27.08 -173.72 lineto
-26.65 -174.98 lineto
-26.04 -175 lineto
-24.87 -175.2 lineto
-24.2 -175.05 lineto
-23.85 -175.48 lineto
 closepath stroke
 0.00002 0.00018 0.00102 setrgbcolor
newpath -47.51 -179.69 moveto
-47.51 -179.69 -48.46 -181.78 -48.36 -182.76 curveto
-48.27 -183.75 -48.11 -185.5 -48.11 -186.27 curveto
-48.11 -187.04 -46.81 -187.91 -46.19 -187.93 curveto
-45.58 -187.95 -43.93 -187.64 -43.75 -187.17 curveto
-43.56 -186.69 -43.01 -184.49 -43.19 -183.36 curveto
-43.38 -182.22 -44.09 -180.29 -43.92 -179.66 curveto
-43.75 -179.03 -43.33 -178.61 -43.33 -178.61 curveto
-44.05 -178.3 lineto
-44.89 -179.06 lineto
-45.93 -178.55 lineto
 closepath fill
 0 0 0 setrgbcolor
newpath -47.51 -179.69 moveto
-47.51 -179.69 -48.46 -181.78 -48.36 -182.76 curveto
-48.27 -183.75 -48.11 -185.5 -48.11 -186.27 curveto
-48.11 -187.04 -46.81 -187.91 -46.19 -187.93 curveto
-45.58 -187.95 -43.93 -187.64 -43.75 -187.17 curveto
-43.56 -186.69 -43.01 -184.49 -43.19 -183.36 curveto
-43.38 -182.22 -44.09 -180.29 -43.92 -179.66 curveto
-43.75 -179.03 -43.33 -178.61 -43.33 -178.61 curveto
-44.05 -178.3 lineto
-44.89 -179.06 lineto
-45.93 -178.55 lineto
 closepath stroke
 0.00002 0.00018 0.00102 setrgbcolor
newpath -42.62 -182.92 moveto
-42.62 -182.92 -42.29 -179.97 -42.4 -178.83 curveto
-42.5 -177.69 -43.07 -175.75 -42.45 -175 curveto
-41.83 -174.26 -40.21 -173.64 -40.21 -173.64 curveto
-40.21 -173.64 -40 -175.85 -39.69 -176.81 curveto
-39.37 -177.78 -39.33 -179.01 -39.06 -180.28 curveto
-38.78 -181.56 -39.37 -182.62 -40.11 -182.84 curveto
-40.85 -183.06 -42.62 -182.92 -42.62 -182.92 curveto closepath fill
 0 0 0 setrgbcolor
newpath -42.62 -182.92 moveto
-42.62 -182.92 -42.29 -179.97 -42.4 -178.83 curveto
-42.5 -177.69 -43.07 -175.75 -42.45 -175 curveto
-41.83 -174.26 -40.21 -173.64 -40.21 -173.64 curveto
-40.21 -173.64 -40 -175.85 -39.69 -176.81 curveto
-39.37 -177.78 -39.33 -179.01 -39.06 -180.28 curveto
-38.78 -181.56 -39.37 -182.62 -40.11 -182.84 curveto
-40.85 -183.06 -42.62 -182.92 -42.62 -182.92 curveto closepath stroke
 0.00002 0.00018 0.00102 setrgbcolor
newpath -38.09 -178.43 moveto
-38.09 -178.43 -36.81 -177.39 -36.69 -177.07 curveto
-36.56 -176.75 -35.23 -174.63 -34.97 -174.15 curveto
-34.71 -173.67 -33.12 -171.07 -32.51 -170.24 curveto
-31.89 -169.42 -31.82 -168.5 -31.56 -168.02 curveto
-31.3 -167.53 -29.88 -166.26 -29.94 -165.58 curveto
-30 -164.9 -30.48 -163.72 -30.48 -163.72 curveto
-32.33 -163.59 lineto
-34.94 -167.8 lineto
-35.45 -168 lineto
-35.63 -168.55 lineto
-36.9 -168.9 lineto
-36.9 -168.9 -38.04 -170.61 -38.1 -171.69 curveto
-38.15 -172.76 -38.52 -173.79 -38.7 -174.27 curveto
-38.89 -174.75 -39.24 -175.85 -38.83 -177.04 curveto
-38.41 -178.23 -38.09 -178.43 -38.09 -178.43 curveto closepath fill
 0 0 0 setrgbcolor
newpath -38.09 -178.43 moveto
-38.09 -178.43 -36.81 -177.39 -36.69 -177.07 curveto
-36.56 -176.75 -35.23 -174.63 -34.97 -174.15 curveto
-34.71 -173.67 -33.12 -171.07 -32.51 -170.24 curveto
-31.89 -169.42 -31.82 -168.5 -31.56 -168.02 curveto
-31.3 -167.53 -29.88 -166.26 -29.94 -165.58 curveto
-30 -164.9 -30.48 -163.72 -30.48 -163.72 curveto
-32.33 -163.59 lineto
-34.94 -167.8 lineto
-35.45 -168 lineto
-35.63 -168.55 lineto
-36.9 -168.9 lineto
-36.9 -168.9 -38.04 -170.61 -38.1 -171.69 curveto
-38.15 -172.76 -38.52 -173.79 -38.7 -174.27 curveto
-38.89 -174.75 -39.24 -175.85 -38.83 -177.04 curveto
-38.41 -178.23 -38.09 -178.43 -38.09 -178.43 curveto closepath stroke
 0.00002 0.00018 0.00102 setrgbcolor
newpath -29.76 -170.29 moveto
-30.86 -170.7 lineto
-31.82 -172.78 lineto
-30.93 -173.31 lineto
-30.1 -173.23 lineto
-29.85 -171.76 lineto
 closepath fill
 0 0 0 setrgbcolor
newpath -29.76 -170.29 moveto
-30.86 -170.7 lineto
-31.82 -172.78 lineto
-30.93 -173.31 lineto
-30.1 -173.23 lineto
-29.85 -171.76 lineto
 closepath stroke
 0.00002 0.00018 0.00102 setrgbcolor
newpath -29.76 -170.29 moveto
-28.53 -168.65 lineto
-27.46 -169.54 lineto
-27.62 -170.25 lineto
 closepath fill
 0 0 0 setrgbcolor
newpath -29.76 -170.29 moveto
-28.53 -168.65 lineto
-27.46 -169.54 lineto
-27.62 -170.25 lineto
 closepath stroke
 0.00002 0.00018 0.00102 setrgbcolor
newpath -23.85 -167.16 moveto
-25.97 -166.44 lineto
-26.88 -167.43 lineto
-26.28 -168.14 lineto
 closepath fill
 0 0 0 setrgbcolor
newpath -23.85 -167.16 moveto
-25.97 -166.44 lineto
-26.88 -167.43 lineto
-26.28 -168.14 lineto
 closepath stroke
 0.00002 0.00018 0.00102 setrgbcolor
newpath -21.07 -148.88 moveto
-21.57 -149.3 lineto
-22.13 -148.97 lineto
-22.93 -149.35 lineto
-23.71 -149.19 lineto
-23.5 -151.53 lineto
-22.4 -151.89 lineto
-21.74 -151.6 lineto
-20.19 -150.24 lineto
 closepath fill
 0 0 0 setrgbcolor
newpath -21.07 -148.88 moveto
-21.57 -149.3 lineto
-22.13 -148.97 lineto
-22.93 -149.35 lineto
-23.71 -149.19 lineto
-23.5 -151.53 lineto
-22.4 -151.89 lineto
-21.74 -151.6 lineto
-20.19 -150.24 lineto
 closepath stroke
 0.00002 0.00018 0.00102 setrgbcolor
newpath -22.4 -151.89 moveto
-22.12 -152.55 lineto
-22.74 -153.21 lineto
-22.65 -154.27 lineto
-21.7 -154.64 lineto
-19.53 -154.22 lineto
-18.74 -152.93 lineto
-20.43 -152.7 lineto
 closepath fill
 0 0 0 setrgbcolor
newpath -22.4 -151.89 moveto
-22.12 -152.55 lineto
-22.74 -153.21 lineto
-22.65 -154.27 lineto
-21.7 -154.64 lineto
-19.53 -154.22 lineto
-18.74 -152.93 lineto
-20.43 -152.7 lineto
 closepath stroke
 0.00002 0.00018 0.00102 setrgbcolor
newpath -17.5 -154.03 moveto
-18.24 -154.18 lineto
-19.07 -155.16 lineto
-19.22 -156.85 lineto
-16.88 -155.8 lineto
-16.84 -154.58 lineto
 closepath fill
 0 0 0 setrgbcolor
newpath -17.5 -154.03 moveto
-18.24 -154.18 lineto
-19.07 -155.16 lineto
-19.22 -156.85 lineto
-16.88 -155.8 lineto
-16.84 -154.58 lineto
 closepath stroke
 0.00002 0.00018 0.00102 setrgbcolor
newpath -18.74 -152.93 moveto
-17.72 -153.22 lineto
-16.47 -154.47 lineto
-15.43 -151.64 lineto
-15.7 -149.46 lineto
-18.43 -148.72 lineto
-19.26 -149.63 lineto
-19.37 -152.61 lineto
 closepath fill
 0 0 0 setrgbcolor
newpath -18.74 -152.93 moveto
-17.72 -153.22 lineto
-16.47 -154.47 lineto
-15.43 -151.64 lineto
-15.7 -149.46 lineto
-18.43 -148.72 lineto
-19.26 -149.63 lineto
-19.37 -152.61 lineto
 closepath stroke
newpath -46.74 -196.57 moveto
-45.31 -197.88 lineto stroke
newpath -44.28 -198.24 moveto
-43.77 -197.97 lineto
-43.34 -198.46 lineto
-43.34 -198.46 -41.96 -196.95 -41.62 -196.54 curveto
-41.27 -196.12 -41.39 -195.67 -41.51 -195.23 curveto
-41.63 -194.78 -42.3 -193.46 -42.3 -193.46 curveto stroke
newpath -41.51 -195.23 moveto
-41.51 -195.23 -40.97 -196.09 -40.34 -196.26 curveto
-39.72 -196.43 -38.94 -196.58 -38.94 -196.58 curveto
-39.15 -195.92 lineto
-37.54 -195.23 lineto
-37.23 -194.43 lineto
-37.64 -192.56 lineto
-39.16 -191.1 lineto stroke
newpath -40.05 -200.06 moveto
-40.05 -200.06 -37.41 -198.88 -36.72 -198.97 curveto
-36.02 -199.06 -34.64 -196.78 -34.64 -196.78 curveto stroke
newpath -35.17 -195.23 moveto
-37.54 -195.23 lineto stroke
newpath -37.64 -192.56 moveto
-37.64 -192.56 -34.72 -191.21 -34.31 -190.63 curveto
-33.91 -190.06 -32.28 -188.76 -32.39 -187.62 curveto
-32.4 -187.45 -33.66 -186.29 -33.44 -185.43 curveto
-33.22 -184.56 -33.13 -183.94 -33.49 -183.29 curveto
-33.86 -182.63 -34.39 -181.15 -35.51 -180.57 curveto stroke
newpath -35.51 -180.57 moveto
-35.51 -180.57 -34.18 -180.9 -33.68 -181.32 curveto
-33.19 -181.73 -32.87 -181.09 -32.6 -180.68 curveto
-32.33 -180.27 -30.78 -178.13 -30.73 -177.89 curveto
-30.67 -177.66 -30.75 -176.82 -30.75 -176.82 curveto stroke
newpath -32.6 -180.68 moveto
-32.6 -180.68 -33.22 -182.19 -33.07 -182.94 curveto
-32.92 -183.69 -32.47 -184.41 -32.11 -184.92 curveto
-31.76 -185.42 -30.26 -183.51 -30.26 -183.51 curveto
-30.26 -183.51 -30.14 -182.36 -29.82 -181.71 curveto
-29.5 -181.07 -28.92 -180.79 -28.92 -180.79 curveto stroke
newpath -28.92 -180.79 moveto
-31.03 -185.04 lineto
-30.47 -186.13 lineto
-29.57 -186.66 lineto
-29.26 -185.94 lineto stroke
newpath -30.47 -186.13 moveto
-32.82 -190.26 lineto
-31.89 -191.16 lineto
-31.03 -192.92 lineto stroke
newpath -32.82 -190.26 moveto
-34.31 -190.63 lineto
-34.31 -190.63 -35.93 -192.09 -35.78 -193.6 curveto
-35.64 -195.12 -35.17 -195.23 -35.17 -195.23 curveto stroke
 0.00002 0.00018 0.00102 setrgbcolor
newpath -23.3 -56.49 moveto
-22.24 -56.33 -21.59 -56.03 -21.57 -57.1 curveto
-21.55 -58.16 -21.7 -58.94 -22.43 -59.31 curveto
-22.91 -59.54 -23.51 -59.63 -23.55 -60.05 curveto
-23.59 -60.48 -24.31 -61.34 -24.7 -61.68 curveto
-25.09 -62.02 -25.77 -62.91 -26.3 -62.43 curveto
-26.84 -61.94 -27.69 -61.75 -27.82 -61.57 curveto
-27.95 -61.4 -28.39 -60.79 -27.88 -60.06 curveto
-27.38 -59.33 -26.36 -57.91 -25.86 -57.63 curveto
-25.35 -57.36 -24.17 -56.87 -23.95 -56.78 curveto
-23.73 -56.68 -23.58 -56.54 -23.3 -56.49 curveto closepath fill
 0 0 0 setrgbcolor
newpath -23.3 -56.49 moveto
-22.24 -56.33 -21.59 -56.03 -21.57 -57.1 curveto
-21.55 -58.16 -21.7 -58.94 -22.43 -59.31 curveto
-22.91 -59.54 -23.51 -59.63 -23.55 -60.05 curveto
-23.59 -60.48 -24.31 -61.34 -24.7 -61.68 curveto
-25.09 -62.02 -25.77 -62.91 -26.3 -62.43 curveto
-26.84 -61.94 -27.69 -61.75 -27.82 -61.57 curveto
-27.95 -61.4 -28.39 -60.79 -27.88 -60.06 curveto
-27.38 -59.33 -26.36 -57.91 -25.86 -57.63 curveto
-25.35 -57.36 -24.17 -56.87 -23.95 -56.78 curveto
-23.73 -56.68 -23.58 -56.54 -23.3 -56.49 curveto closepath stroke
 0.00002 0.00018 0.00102 setrgbcolor
newpath -0.79 -36.82 moveto
-0.94 -37.67 -0.64 -37.65 -0.83 -38.88 curveto
-1.02 -40.11 -1.94 -40.88 -2.48 -41.69 curveto
-3.02 -42.5 -4.26 -43.07 -4.17 -42.38 curveto
-4.08 -41.68 -4.16 -39.94 -3.59 -39.51 curveto
-3.02 -39.08 -0.63 -35.97 -0.79 -36.82 curveto closepath fill
 0 0 0 setrgbcolor
newpath -0.79 -36.82 moveto
-0.94 -37.67 -0.64 -37.65 -0.83 -38.88 curveto
-1.02 -40.11 -1.94 -40.88 -2.48 -41.69 curveto
-3.02 -42.5 -4.26 -43.07 -4.17 -42.38 curveto
-4.08 -41.68 -4.16 -39.94 -3.59 -39.51 curveto
-3.02 -39.08 -0.63 -35.97 -0.79 -36.82 curveto closepath stroke
 0.00002 0.00018 0.00102 setrgbcolor
newpath -30.97 -108.82 moveto
-30.44 -109.61 -30.23 -110.28 -30.65 -111.61 curveto
-31.06 -112.94 -32.02 -114.17 -32.84 -114.32 curveto
-33.66 -114.47 -34.76 -115.02 -34.76 -115.02 curveto
-34.76 -115.02 -34.81 -113.5 -34.45 -112.48 curveto
-34.08 -111.46 -33.4 -109.72 -32.95 -109.68 curveto
-32.49 -109.64 -31.5 -108.03 -30.97 -108.82 curveto closepath fill
 0 0 0 setrgbcolor
newpath -30.97 -108.82 moveto
-30.44 -109.61 -30.23 -110.28 -30.65 -111.61 curveto
-31.06 -112.94 -32.02 -114.17 -32.84 -114.32 curveto
-33.66 -114.47 -34.76 -115.02 -34.76 -115.02 curveto
-34.76 -115.02 -34.81 -113.5 -34.45 -112.48 curveto
-34.08 -111.46 -33.4 -109.72 -32.95 -109.68 curveto
-32.49 -109.64 -31.5 -108.03 -30.97 -108.82 curveto closepath stroke
 0 0.24501 dtransform truncate idtransform setlinewidth pop
newpath -41.37 -159.76 moveto
-41.11514 -162.0647 lineto stroke
 0.24501 0 dtransform exch truncate exch idtransform pop setlinewidth
newpath -40.75247 -159.60999 moveto
-40.6676 -160.37743 lineto stroke
 0 0.24501 dtransform truncate idtransform setlinewidth pop
newpath -40.135 -159.45998 moveto
-39.88022 -161.76468 lineto stroke
 0.24501 0 dtransform exch truncate exch idtransform pop setlinewidth
newpath -39.51747 -159.31001 moveto
-39.4326 -160.07745 lineto stroke
 0 0.24501 dtransform truncate idtransform setlinewidth pop
newpath -38.9 -159.16 moveto
-38.64514 -161.4647 lineto stroke
 0 0.35 dtransform truncate idtransform setlinewidth pop
newpath -31.97 -199.08 moveto
-33.25072 -204.5316 lineto stroke
newpath -34.58 -210.19 moveto
-33.29929 -204.7384 lineto stroke
newpath -31.97 -199.08 moveto
-31.97 -199.08 lineto stroke
newpath -31.97 -199.08 moveto
-30.19556 -193.76854 lineto stroke
newpath -22.9 -171.93 moveto
-24.67444 -177.24146 lineto stroke
newpath 0.58 173.15 moveto
4.89922 169.58556 lineto stroke
newpath 40.58 140.14 moveto
36.26079 143.70444 lineto stroke
newpath 0.58 173.15 moveto
0.18053 178.73575 lineto stroke
newpath -2.86 221.25 moveto
-2.46053 215.66425 lineto stroke
newpath 40.58 140.14 moveto
37.27106 135.62212 lineto stroke
newpath 26.73 121.23 moveto
30.03894 125.74788 lineto stroke
newpath 40.58 140.14 moveto
36.26079 143.70444 lineto stroke
newpath 0.58 173.15 moveto
4.89922 169.58556 lineto stroke
newpath 26.73 121.23 moveto
28.03378 115.78387 lineto stroke
newpath 30.57 105.19 moveto
29.26622 110.63612 lineto stroke
newpath 26.73 121.23 moveto
30.03894 125.74788 lineto stroke
newpath 40.58 140.14 moveto
37.27106 135.62212 lineto stroke
newpath 30.57 105.19 moveto
31.10637 99.6157 lineto stroke
newpath 33.58 73.91 moveto
33.04364 79.4843 lineto stroke
newpath 30.57 105.19 moveto
29.26622 110.63612 lineto stroke
newpath 26.73 121.23 moveto
28.03378 115.78387 lineto stroke
newpath 33.58 73.91 moveto
32.11377 68.50533 lineto stroke
newpath 27.08 49.95 moveto
28.54623 55.35468 lineto stroke
newpath 33.58 73.91 moveto
33.04364 79.4843 lineto stroke
newpath 30.57 105.19 moveto
31.10637 99.6157 lineto stroke
newpath 27.08 49.95 moveto
28.9047 44.65555 lineto stroke
newpath 34.6 28.13 moveto
32.77531 33.42445 lineto stroke
newpath 27.08 49.95 moveto
28.54623 55.35468 lineto stroke
newpath 33.58 73.91 moveto
32.11377 68.50533 lineto stroke
newpath 34.6 28.13 moveto
30.11536 24.77611 lineto stroke
newpath -3.99 -0.73 moveto
0.49464 2.6239 lineto stroke
newpath 34.6 28.13 moveto
32.77531 33.42445 lineto stroke
newpath 27.08 49.95 moveto
28.9047 44.65555 lineto stroke
newpath -3.99 -0.73 moveto
-1.28459 -5.63309 lineto stroke
newpath 9.65 -25.45 moveto
6.94458 -20.5469 lineto stroke
newpath -3.99 -0.73 moveto
0.49464 2.6239 lineto stroke
newpath 34.6 28.13 moveto
30.11536 24.77611 lineto stroke
newpath 9.65 -25.45 moveto
5.62259 -29.34111 lineto stroke
newpath -24.92 -58.85 moveto
-20.8926 -54.9589 lineto stroke
newpath 9.65 -25.45 moveto
6.94458 -20.5469 lineto stroke
newpath -3.99 -0.73 moveto
-1.28459 -5.63309 lineto stroke
newpath -24.92 -58.85 moveto
-25.70485 -64.39474 lineto stroke
newpath -32.45 -112.05 moveto
-31.66515 -106.50526 lineto stroke
newpath -24.92 -58.85 moveto
-20.8926 -54.9589 lineto stroke
newpath 9.65 -25.45 moveto
5.62259 -29.34111 lineto stroke
newpath -32.45 -112.05 moveto
-31.568 -117.58012 lineto stroke
newpath -22.9 -171.93 moveto
-23.782 -166.39987 lineto stroke
newpath -32.45 -112.05 moveto
-31.66515 -106.50526 lineto stroke
newpath -24.92 -58.85 moveto
-25.70485 -64.39474 lineto stroke
newpath -22.9 -171.93 moveto
-24.67444 -177.24146 lineto stroke
newpath -31.97 -199.08 moveto
-30.19556 -193.76854 lineto stroke
newpath -22.9 -171.93 moveto
-23.782 -166.39987 lineto stroke
newpath -32.45 -112.05 moveto
-31.568 -117.58012 lineto stroke
showpage
%%EOF
