%!PS
%%BoundingBox: -608 -307 601 303 
%%HiResBoundingBox: -607.80249 -306.88 600.38 302.21848 
%%Creator: MetaPost 1.209
%%CreationDate: 2019.09.26:1811
%%Pages: 1
%%BeginProlog
%%EndProlog
%%Page: 1 1
 0 0 0 setrgbcolor 0 0.7 dtransform truncate idtransform setlinewidth pop
 [] 0 setdash 1 setlinecap 1 setlinejoin 10 setmiterlimit
newpath 419.01 199.8 moveto
419.01 199.8 426.82 206.83 428.37 208.02 curveto
429.91 209.22 442.42 220.36 444.36 222.2 curveto
446.3 224.04 450.04 227.55 451.96 228.02 curveto
453.87 228.5 463.08 234.91 464.66 235.8 curveto
466.23 236.7 473.65 241.29 474.68 241.53 curveto
475.71 241.77 480.45 245.97 482.34 246.74 curveto
484.23 247.51 491.17 249.04 495.09 249.1 curveto
499 249.15 503.4 250.6 505.86 251.73 curveto
508.32 252.86 510.18 253.93 511.5 254.35 curveto
512.82 254.78 515.76 255.65 517.85 254.18 curveto
519.94 252.72 521.53 251.67 521.53 251.67 curveto stroke
newpath 45.14 106.36 moveto
42.49 109.16 41.98 111.12 44.31 113.06 curveto
45.3 113.89 45.52 114.96 46.78 116.13 curveto
48.04 117.29 53.64 122.15 55.61 123.67 curveto
57.59 125.19 62.62 129.69 65.77 131.62 curveto
68.92 133.55 75.24 135.58 79.05 138.34 curveto
81.17 139.88 84.89 142.01 86.6 143.06 curveto
88.31 144.11 90.87 145.82 92.62 146.57 curveto
94.37 147.32 96.77 147.53 98.57 147.68 curveto
100.37 147.84 101.54 148.24 102.76 148.04 curveto
103.99 147.85 102.84 147.14 101.99 146.47 curveto
101.14 145.79 99.72 144.77 99.24 143.37 curveto
98.75 141.97 96.54 139.68 95.8 137.81 curveto
95.06 135.94 91.36 131.72 92.83 132.14 curveto
94.3 132.57 101.01 138.55 100.33 137.74 curveto
99.64 136.93 97.46 134.34 95.98 132.26 curveto
94.51 130.18 92.74 126.26 93.29 125.1 curveto
93.84 123.95 97.71 126.23 99.45 126.98 curveto
101.19 127.73 106.17 127.7 107.81 127.99 curveto
109.44 128.27 110.94 130.06 112.38 130.94 curveto
113.81 131.81 116.22 135.34 117.91 136.69 curveto
119.61 138.04 123.46 142.29 125.37 144.57 curveto
127.28 146.84 130.09 147.53 130.8 148.05 curveto
131.51 148.56 135.28 151.9 137.04 154.16 curveto
138.8 156.42 142.21 162.28 144.41 164.73 curveto
146.6 167.17 158.71 175 158.71 175 curveto stroke
newpath 114.13 175.39 moveto
112.99 174.69 111.09 173.93 109.72 172.31 curveto
108.36 170.69 107.85 171.25 106.26 168.7 curveto
104.67 166.16 101.86 163.8 99.69 162.71 curveto
97.52 161.62 95.88 161.33 92.95 160.33 curveto
90.01 159.32 88.41 158.57 85.37 157.1 curveto
82.34 155.63 80.69 153.83 79.5 151.92 curveto
78.32 150.01 76.67 146.55 75.37 144.34 curveto
74.06 142.12 68.87 139.42 65.99 137.82 curveto
63.11 136.21 57.29 132.09 54.57 130.5 curveto
51.85 128.91 46.7 124.1 44.57 122.72 curveto
42.44 121.34 36.65 114.75 34.25 112.62 curveto
31.85 110.49 28.97 110.73 25.68 110.49 curveto
22.39 110.25 15.68 113.5 15.68 113.5 curveto stroke
newpath 154.87 178.51 moveto
154.87 178.51 150.09 175.46 148.4 174.11 curveto
146.72 172.75 143.99 171.24 141.42 169.66 curveto
138.85 168.08 135.47 163.66 132.42 162.41 curveto
129.93 161.41 123.58 156.61 121.35 156.27 curveto
119.12 155.93 116.16 155.23 116.2 156.58 curveto
116.23 157.94 117.67 160.48 118.36 161.29 curveto
119.04 162.1 121.46 164.64 121.51 165.85 curveto stroke
 0 0.24501 dtransform truncate idtransform setlinewidth pop
newpath 496.17 291.2 moveto
497.25766 290.51552 496.67314 288.83263 495.24129 287.87224 curveto
494.28998 287.23416 493.61887 286.1852 492.52 285.83 curveto
492.52 285.83 lineto stroke
newpath 494.54681 289.27846 moveto
494.46367 289.10234 494.36552 288.92786 494.2526 288.75818 curveto
493.61789 287.80463 493.39929 286.57867 492.52 285.83 curveto
492.52 285.83 lineto
492.52 285.83 lineto
493.67114 285.73764 494.6926 286.44992 495.81567 286.67535 curveto
496.01552 286.71548 496.2083 286.76945 496.39163 286.83519 curveto
 closepath stroke
newpath 494.54681 289.27846 moveto
494.46367 289.10234 494.36552 288.92786 494.2526 288.75818 curveto
493.61789 287.80463 493.39929 286.57867 492.52 285.83 curveto
492.52 285.83 lineto
492.52 285.83 lineto
493.67114 285.73764 494.6926 286.44992 495.81567 286.67535 curveto
496.01552 286.71548 496.2083 286.76945 496.39163 286.83519 curveto
 closepath fill
newpath 489.49 285.18 moveto
488.39452 284.07971 486.71283 283.96426 485.20425 284.41655 curveto
483.69186 284.87 482.84354 283.0514 482.07 281.5 curveto
482.07 281.5 lineto stroke
newpath 483.38464 285.27779 moveto
482.2591 284.79816 482.1777 283.03987 482.07 281.5 curveto
482.07 281.5 lineto
482.07 281.5 lineto
483.23502 282.51268 484.53589 283.6984 485.67093 283.24165 curveto
 closepath stroke
newpath 483.38464 285.27779 moveto
482.2591 284.79816 482.1777 283.03987 482.07 281.5 curveto
482.07 281.5 lineto
482.07 281.5 lineto
483.23502 282.51268 484.53589 283.6984 485.67093 283.24165 curveto
 closepath fill
newpath 480.12 277.19 moveto
481.04681 275.345 480.5251 273.07687 478.72763 272.29572 curveto
476.98647 271.53902 477.7449 268.99101 476.53 267.75 curveto
476.53 267.75 lineto stroke
newpath 476.32019 271.74452 moveto
476.15303 270.49406 477.02762 268.98846 476.53 267.75 curveto
476.53 267.75 lineto
476.53 267.75 lineto
477.7576 268.27383 478.20381 269.95686 479.20624 270.72285 curveto
 closepath stroke
newpath 476.32019 271.74452 moveto
476.15303 270.49406 477.02762 268.98846 476.53 267.75 curveto
476.53 267.75 lineto
476.53 267.75 lineto
477.7576 268.27383 478.20381 269.95686 479.20624 270.72285 curveto
 closepath fill
 0 0.7 dtransform truncate idtransform setlinewidth pop
newpath -165.27 14.8 moveto
-164.71 16.96 -164.58 20.44 -160.25 23.97 curveto
-155.9 27.52 -153.96 26.02 -150.21 26.2 curveto
-146.45 26.37 -139.18 24.29 -135.46 23.11 curveto
-131.74 21.93 -125.07 21.61 -120.05 20.98 curveto
-115.02 20.36 -111.24 18.42 -106.61 20.63 curveto
-102.91 22.39 -95.09 24.78 -89.35 27.96 curveto
-83.61 31.15 -76.84 36.66 -75.16 38.15 curveto
-73.48 39.64 -69.28 41.62 -65.83 41.75 curveto
-62.38 41.87 -55.49 40.32 -53.86 40.6 curveto
-52.23 40.88 -51.49 42.89 -49.03 44.14 curveto
-46.58 45.39 -42.24 47.4 -37.18 49.9 curveto
-32.12 52.4 -25.08 54.59 -21.56 55.76 curveto
-18.04 56.93 -14.36 59.91 -8.94 63.76 curveto
-3.52 67.6 -0.94 67.95 2.38 71.33 curveto
5.88 74.89 19.39 87.61 24.22 91.42 curveto
29.06 95.24 38.63 100.45 40.21 101.62 curveto
41.78 102.79 45.14 106.36 45.14 106.36 curveto stroke
newpath 15.68 113.5 moveto
15.68 113.5 2.31 105.01 -2.79 102.83 curveto
-7.9 100.65 -20.29 93.13 -24.51 91.02 curveto
-28.73 88.91 -37.42 84.19 -41.37 82.68 curveto
-45.33 81.17 -54.46 78.48 -58.55 76.94 curveto
-62.65 75.41 -71.06 73.23 -74.4 71.61 curveto
-77.73 69.99 -88.02 64.8 -92.18 64.16 curveto
-96.35 63.52 -101.52 62.19 -104.43 60.89 curveto
-107.34 59.6 -119.1 55.74 -122.18 56.53 curveto
-125.27 57.33 -133.72 60.67 -136.73 62.37 curveto
-139.75 64.07 -148.3 65.29 -153.08 64.73 curveto
-157.86 64.16 -168.04 63.58 -171.86 62.5 curveto
-175.67 61.42 -179.14 59.92 -179.24 57.49 curveto
-179.33 55.07 -178.08 50.95 -176.8 48.35 curveto
-175.53 45.74 -173.44 41.33 -172.7 39.19 curveto
-171.49 35.68 -171.87 31.57 -173.68 28.41 curveto
-175.48 25.26 -177.66 19.53 -178.96 18.98 curveto stroke
newpath -173.78 22.99 moveto
-173.78 22.99 -171.97 22.84 -171.89 21.94 curveto
-171.81 21.04 -172.85 20.63 -173.12 19.65 curveto
-173.39 18.66 -173.31 17.77 -174.79 17.5 curveto
-176.26 17.24 -174.82 19.6 -174.6 20.52 curveto
-174.38 21.44 -173.78 22.99 -173.78 22.99 curveto closepath stroke
newpath -178.96 18.98 moveto
-178.96 18.98 -183.58 18.62 -186.69 19.88 curveto
-189.79 21.14 -199.38 24.44 -201.19 28.04 curveto stroke
newpath -212.58 -0.47 moveto
-212.58 -0.47 -214.93 -6.97 -213.37 -9.7 curveto
-211.8 -12.43 -211.1 -11.78 -209.56 -12.26 curveto
-208.02 -12.74 -207.15 -14.32 -207.75 -16.17 curveto
-208.36 -18.02 -211.79 -24.16 -213.11 -26.52 curveto
-214.43 -28.87 -216.75 -35.82 -217.57 -38.74 curveto
-218.4 -41.66 -220.36 -47.38 -222.42 -49.79 curveto
-224.49 -52.2 -229.49 -61.15 -231.94 -64.48 curveto
-234.38 -67.82 -242.54 -79.08 -246.99 -81.95 curveto
-251.44 -84.83 -269.99 -96.42 -274.89 -99.34 curveto
-279.79 -102.25 -294.54 -110.4 -298.36 -111.58 curveto
-302.19 -112.76 -308.82 -114.61 -310.22 -116.06 curveto
-311.62 -117.52 -327.89 -131.51 -332.36 -136.2 curveto
-336.84 -140.89 -348.32 -154.81 -352.43 -160.66 curveto
-356.53 -166.52 -367.22 -185.97 -369.26 -190.82 curveto
-371.3 -195.66 -377.1 -202.18 -379.12 -205.08 curveto
-381.14 -207.98 -383.9 -215.67 -385.26 -216.99 curveto
-386.61 -218.31 -391.94 -226.67 -395.89 -228.99 curveto
-399.88 -231.34 -410.28 -235.29 -415.67 -235.64 curveto
-421.07 -235.99 -433.09 -236.17 -436.7 -236.26 curveto
-440.3 -236.34 -449.37 -235.73 -453.55 -236.3 curveto
-457.73 -236.87 -466.7 -237.74 -470.75 -237.99 curveto
-474.8 -238.24 -487.65 -239.78 -491.23 -240.14 curveto
-494.82 -240.5 -506.05 -241.28 -510.06 -242.09 curveto
-514.06 -242.9 -521.93 -244.3 -526.87 -244.58 curveto
-531.81 -244.87 -538.43 -245.11 -543.97 -247.97 curveto
-549.48 -250.81 -560.78 -255.87 -563.42 -256.78 curveto
-566.13 -257.72 -577.39 -265.45 -581.33 -266.8 curveto
-585.7 -268.29 -584.61 -267.86 -586.76 -268.4 curveto stroke
newpath -583.11 -306.53 moveto
-583.11 -306.53 -575.81 -298.26 -569.82 -294.92 curveto
-563.51 -291.41 -561.76 -289.91 -557.01 -288.3 curveto
-552.23 -286.68 -549.56 -284.78 -545.24 -282.89 curveto
-540.93 -280.99 -537.64 -279.34 -534.18 -277.98 curveto
-530.73 -276.63 -525.32 -273.78 -522.54 -273.13 curveto
-519.77 -272.48 -511.23 -269.38 -507.54 -268.87 curveto
-503.84 -268.36 -494.28 -267.98 -490.99 -267.79 curveto
-487.7 -267.59 -476.9 -267.25 -471.05 -267.04 curveto
-465.2 -266.83 -454.05 -267.02 -449.26 -266.72 curveto
-444.46 -266.41 -437.12 -265.93 -432.93 -265.66 curveto
-428.73 -265.39 -415.92 -263.35 -412.92 -263.15 curveto
-409.92 -262.95 -397 -262.72 -393.74 -261.9 curveto
-390.48 -261.09 -383.92 -260.21 -381.13 -259.13 curveto
-378.33 -258.05 -372.42 -256.32 -370.11 -254.81 curveto
-367.8 -253.31 -360.98 -251.49 -359.59 -249.85 curveto
-358.21 -248.22 -351.44 -242.05 -347.65 -238.54 curveto
-343.87 -235.03 -329.72 -219.75 -328.65 -214.82 curveto
-327.57 -209.91 -324.27 -194.99 -323.34 -191.33 curveto
-322.41 -187.66 -319.25 -173.45 -315.08 -168.78 curveto
-310.91 -164.11 -296.45 -152.05 -291.85 -149.15 curveto
-287.24 -146.26 -275.99 -139.72 -268.35 -137.21 curveto
-260.71 -134.7 -245.66 -126.52 -241.37 -123.5 curveto
-237.08 -120.47 -222.63 -110.22 -218.47 -105.4 curveto
-214.31 -100.57 -205.38 -81.53 -203.31 -77.31 curveto
-201.23 -73.1 -191.3 -53.84 -189.68 -49.5 curveto
-188.06 -45.17 -180.53 -29.84 -178.92 -25.5 curveto
-177.3 -21.17 -173.87 -13.08 -172.53 -9.07 curveto
-171.18 -5.06 -169.63 3.93 -168.5 6.73 curveto
-167.37 9.52 -165.96 12.34 -165.27 14.8 curveto stroke
newpath 529.58 245.78 moveto
529.58 245.78 533.05 250.61 534.99 250.78 curveto
536.93 250.96 543.41 252.45 545.45 253.09 curveto
547.5 253.72 552.67 254.8 554.69 255.73 curveto
556.71 256.67 560.65 257.93 563.1 259.2 curveto
565.54 260.47 574.67 265.96 576.32 269.27 curveto stroke
newpath 548.77 294.6 moveto
548.77 294.6 539.72 291.52 534.34 292.85 curveto stroke
newpath 534.49637 295.49951 moveto
534.15913 294.39722 533.37013 293.99112 533.77797 293.21536 curveto
530.74092 293.77522 527.87747 294.71442 525.87933 296.1039 curveto
525.75557 297.22433 525.80849 298.1457 525.84758 298.69394 curveto stroke
newpath 523.90494 299.50316 moveto
524.42075 298.4738 523.88959 297.77783 522.96104 296.98141 curveto
520.78394 298.13072 517.13438 298.76932 515.09831 299.24149 curveto
515.93803 299.85588 516.10312 300.58894 516.27013 301.36964 curveto stroke
newpath 512.90105 301.86847 moveto
513.07323 301.26146 513.79886 300.58604 513.18626 298.80896 curveto
512.36201 299.4498 512.9621 299.32184 512.36404 298.84045 curveto
508.35536 299.52681 506.37834 298.01704 505.29025 297.44772 curveto
505.18579 298.17618 504.44061 298.33168 503.8842 299.4819 curveto stroke
newpath 504.18 296.74 moveto
504.18 296.74 498.97 292.81 496.47 292.13 curveto
493.97 291.46 485.61 290.7 482.9 288.95 curveto stroke
newpath 482.9 288.95 moveto
482.9 288.95 472.72 283.37 467.5 281.09 curveto
462.28 278.81 455.23 273.51 451.88 272.3 curveto
448.52 271.09 441.99 270.05 439.25 268.75 curveto
436.5 267.45 422.64 261.06 419.41 260.17 curveto
416.19 259.27 400.82 253.19 394.33 252.02 curveto
387.83 250.85 375.9 246.23 372.99 245.09 curveto
370.08 243.94 360.13 237.59 357.85 236.23 curveto
356.05 235.15 352.15 234.47 350.14 233.43 curveto
348.12 232.39 339.1 228.76 335.96 228.53 curveto
332.81 228.31 324.43 233.09 321.79 233.95 curveto
319.15 234.81 311.83 232.04 309.39 230.51 curveto
306.94 228.98 299.76 224.38 297.57 223.46 curveto
295.39 222.54 293.39 222.98 292.45 221.56 curveto
291.26 219.76 283.72 213.96 280.84 212.22 curveto
277.96 210.48 270.15 204.4 265.92 202.54 curveto
261.7 200.68 248.03 194.7 242.1 193.45 curveto
236.18 192.2 225.69 189.66 220.12 189.65 curveto
214.55 189.63 206.63 188.82 201.41 193.51 curveto
196.29 198.11 194.23 203.61 191.65 205.51 curveto
189.08 207.4 187.42 209.22 187.42 209.22 curveto stroke
newpath 175.46 213.48 moveto
175.46 213.48 174.43 211.43 172.02 211.38 curveto
169.61 211.32 167.78 211.62 167.13 212.17 curveto stroke
newpath 152.72 223.89 moveto
152.72 223.89 151.27 219.7 149.93 217.77 curveto
148.58 215.85 143.59 205.47 142 202.93 curveto
140.41 200.38 138.29 197.03 137.5 195.76 curveto
136.71 194.48 134.73 189.49 135.54 188.81 curveto
136.35 188.13 141.37 187.5 142.62 187.01 curveto
143.86 186.51 148.25 184.49 150.1 184.04 curveto
151.94 183.6 154.34 182 155.15 181.32 curveto
155.96 180.64 154.87 178.51 154.87 178.51 curveto stroke
newpath 158.71 175 moveto
158.71 175 165.68 179.66 167.81 179.39 curveto
169.94 179.12 178.07 175.44 179.71 173.92 curveto
181.34 172.4 193.2 165.7 197.93 164.89 curveto
202.67 164.08 211.26 162.24 215.04 162.1 curveto
218.82 161.96 227.8 160.91 232.55 161.76 curveto
237.3 162.61 244.18 163.19 248.21 163.67 curveto
252.23 164.16 262.69 165.19 265.48 166.03 curveto
268.27 166.87 285.37 176.71 288.69 178.34 curveto
294.42 181.15 302.69 185.22 306.25 185.79 curveto
309.85 186.37 320.55 191.34 324.56 192.09 curveto
328.56 192.84 343.6 197.43 348.16 198.35 curveto
354.1 199.54 364.51 199.23 370.37 197.83 curveto
376.26 196.42 382.86 195.72 386.83 195.45 curveto
390.8 195.17 395.12 194.48 397.4 192.87 curveto
399.67 191.26 400.85 190.01 400.85 190.01 curveto stroke
newpath 539.09 51.65 moveto
539.09 51.65 548.29 57.55 550.62 58.39 curveto
552.94 59.22 558.46 60.25 560.95 61.99 curveto
564.47 64.46 568.83 64.45 572.06 65.23 curveto
575.28 66.01 579.35 67.18 582.45 67.48 curveto
585.55 67.78 590.13 68.49 591.85 69.4 curveto
593.57 70.31 598.27 71.65 600.03 72.11 curveto stroke
newpath 595.14 85.97 moveto
595.14 85.97 587.69 84.88 582.29 86.4 curveto
581.71 86.56 592.67 86.65 594.98 87.77 curveto stroke
newpath 400.85 190.01 moveto
403.04 189.31 408.65 180.77 410.01 179.09 curveto
411.37 177.41 417.04 172.66 419.06 172.37 curveto
424.26 171.63 434.76 165.31 437.94 163.33 curveto
441.13 161.34 447.6 154.3 448.67 152.41 curveto
449.75 150.52 450.52 143.91 450.99 140.47 curveto
451.46 137.04 456.59 130.44 458.25 127.13 curveto
459.9 123.83 463.02 119.15 465.83 116.25 curveto
468.65 113.35 479.28 107.07 482.09 105.96 curveto
484.9 104.85 490.52 102.63 493.51 101.08 curveto
496.51 99.54 500.45 100.93 505.72 100.93 curveto
510.99 100.93 513.06 97.94 514.75 95.82 curveto
516.44 93.71 523.21 81.58 524.07 80.28 curveto
524.94 78.97 528.28 78.66 530.72 78.41 curveto
533.15 78.16 542.16 77.13 546.16 77.91 curveto
550.16 78.69 563.09 80.85 563.09 80.85 curveto
563.09 80.85 565.31 79.94 564.91 79.44 curveto
564.51 78.94 561.38 77.11 559.25 75.84 curveto
557.12 74.57 555.24 73.78 550.67 71.21 curveto
546.11 68.64 546.61 68.23 543.89 66.76 curveto
541.18 65.28 533.24 61.77 533.24 61.77 curveto stroke
newpath 465.18 190.37 moveto
462.72 192.56 458.14 191.68 456.78 190.19 curveto
455.41 188.71 450.94 191.63 449.36 192.55 curveto
447.77 193.46 439.85 196.23 436.77 196.86 curveto
433.7 197.5 430.65 197.83 426.73 197.78 curveto
422.82 197.73 419.01 199.8 419.01 199.8 curveto stroke
newpath 557.6 122.94 moveto
556.12 122.82 551.85 121.87 549.19 121.35 curveto
546.53 120.83 538.89 118.54 534.7 118.19 curveto
530.51 117.83 523.32 124.16 520.31 125.87 curveto
517.3 127.57 514.77 128.86 511.72 129.2 curveto
508.67 129.54 502.8 131.15 499.37 132.36 curveto
495.94 133.56 487.65 138.55 485.86 140.05 curveto
484.06 141.55 483.25 143.89 483.08 145.84 curveto
482.92 147.78 479.9 153.11 478.99 156.68 curveto
478.07 160.24 475.38 164.7 472.7 167.48 curveto
470.02 170.26 466.57 174.93 466.57 174.93 curveto
466.57 174.93 477.5 180.3 477.54 180.63 curveto
477.82 182.63 480.04 184.8 480.04 184.8 curveto stroke
newpath 589.64 109.73 moveto
589.64 109.73 581.8 103.27 577.87 102.02 curveto
573.95 100.77 571.78 98.35 569.63 98.93 curveto
567.48 99.51 559.27 107.41 557.84 108.35 curveto
556.4 109.29 564.17 116.39 565.14 117.22 curveto stroke
 0 0.24501 dtransform truncate idtransform setlinewidth pop
newpath -607.67998 -262.75 moveto
-604.88002 -262.75 lineto stroke
 0.24501 0 dtransform exch truncate exch idtransform pop setlinewidth
newpath -606.28 -264.14998 moveto
-606.28 -261.35002 lineto stroke
 0.00002 0.00018 0.00093 setrgbcolor
newpath -605.71999 -262.75 moveto
-605.71999 -262.60147 -605.77899 -262.45905 -605.88402 -262.35402 curveto
-605.98904 -262.249 -606.13147 -262.18999 -606.28 -262.18999 curveto
-606.42853 -262.18999 -606.57095 -262.249 -606.67598 -262.35402 curveto
-606.781 -262.45905 -606.84001 -262.60147 -606.84001 -262.75 curveto
-606.84001 -262.89853 -606.781 -263.04095 -606.67598 -263.14598 curveto
-606.57095 -263.251 -606.42853 -263.31001 -606.28 -263.31001 curveto
-606.13147 -263.31001 -605.98904 -263.251 -605.88402 -263.14598 curveto
-605.77899 -263.04095 -605.71999 -262.89853 -605.71999 -262.75 curveto
 closepath fill
 0 0 0 setrgbcolor 0 0.35 dtransform truncate idtransform setlinewidth pop
newpath -606.28 -262.75 moveto 0 0 rlineto stroke
 0 0.24501 dtransform truncate idtransform setlinewidth pop
newpath -590.00998 -272.35 moveto
-587.21002 -272.35 lineto stroke
 0.24501 0 dtransform exch truncate exch idtransform pop setlinewidth
newpath -588.61 -273.74998 moveto
-588.61 -270.95003 lineto stroke
 0.00002 0.00018 0.00093 setrgbcolor
newpath -588.04999 -272.35 moveto
-588.04999 -272.20148 -588.109 -272.05905 -588.21402 -271.95403 curveto
-588.31905 -271.849 -588.46147 -271.79 -588.61 -271.79 curveto
-588.75853 -271.79 -588.90096 -271.849 -589.00598 -271.95403 curveto
-589.11101 -272.05905 -589.17001 -272.20148 -589.17001 -272.35 curveto
-589.17001 -272.49854 -589.11101 -272.64096 -589.00598 -272.74599 curveto
-588.90096 -272.85101 -588.75853 -272.91002 -588.61 -272.91002 curveto
-588.46147 -272.91002 -588.31905 -272.85101 -588.21402 -272.74599 curveto
-588.109 -272.64096 -588.04999 -272.49854 -588.04999 -272.35 curveto closepath
 fill
 0 0 0 setrgbcolor 0 0.35 dtransform truncate idtransform setlinewidth pop
newpath -588.61 -272.35 moveto 0 0 rlineto stroke
 0 0.24501 dtransform truncate idtransform setlinewidth pop
newpath -583.88998 -271.17 moveto
-581.09003 -271.17 lineto stroke
 0.24501 0 dtransform exch truncate exch idtransform pop setlinewidth
newpath -582.49 -272.56998 moveto
-582.49 -269.77002 lineto stroke
 0.00002 0.00018 0.00093 setrgbcolor
newpath -581.93 -271.17 moveto
-581.93 -271.02147 -581.989 -270.87904 -582.09402 -270.77402 curveto
-582.19905 -270.66899 -582.34148 -270.60999 -582.49 -270.60999 curveto
-582.63853 -270.60999 -582.78096 -270.66899 -582.88599 -270.77402 curveto
-582.99101 -270.87904 -583.05002 -271.02147 -583.05002 -271.17 curveto
-583.05002 -271.31853 -582.99101 -271.46095 -582.88599 -271.56598 curveto
-582.78096 -271.671 -582.63853 -271.73001 -582.49 -271.73001 curveto
-582.34148 -271.73001 -582.19905 -271.671 -582.09402 -271.56598 curveto
-581.989 -271.46095 -581.93 -271.31853 -581.93 -271.17 curveto closepath fill
 0 0 0 setrgbcolor 0 0.35 dtransform truncate idtransform setlinewidth pop
newpath -582.49 -271.17 moveto 0 0 rlineto stroke
 0 0.24501 dtransform truncate idtransform setlinewidth pop
newpath -562.13998 -261.3 moveto
-559.34003 -261.3 lineto stroke
 0.24501 0 dtransform exch truncate exch idtransform pop setlinewidth
newpath -560.74 -262.69998 moveto
-560.74 -259.90002 lineto stroke
 0.00002 0.00018 0.00093 setrgbcolor
newpath -560.18 -261.3 moveto
-560.18 -261.15147 -560.239 -261.00905 -560.34402 -260.90402 curveto
-560.44905 -260.799 -560.59148 -260.73999 -560.74 -260.73999 curveto
-560.88853 -260.73999 -561.03096 -260.799 -561.13599 -260.90402 curveto
-561.24101 -261.00905 -561.30002 -261.15147 -561.30002 -261.3 curveto
-561.30002 -261.44853 -561.24101 -261.59096 -561.13599 -261.69598 curveto
-561.03096 -261.80101 -560.88853 -261.86002 -560.74 -261.86002 curveto
-560.59148 -261.86002 -560.44905 -261.80101 -560.34402 -261.69598 curveto
-560.239 -261.59096 -560.18 -261.44853 -560.18 -261.3 curveto closepath fill
 0 0 0 setrgbcolor 0 0.35 dtransform truncate idtransform setlinewidth pop
newpath -560.74 -261.3 moveto 0 0 rlineto stroke
 0 0.24501 dtransform truncate idtransform setlinewidth pop
newpath -531.86998 -244.91 moveto
-529.07002 -244.91 lineto stroke
 0.24501 0 dtransform exch truncate exch idtransform pop setlinewidth
newpath -530.47 -246.30998 moveto
-530.47 -243.51003 lineto stroke
 0.00002 0.00018 0.00093 setrgbcolor
newpath -529.90999 -244.91 moveto
-529.90999 -244.76147 -529.969 -244.61905 -530.07402 -244.51402 curveto
-530.17905 -244.409 -530.32147 -244.34999 -530.47 -244.34999 curveto
-530.61853 -244.34999 -530.76096 -244.409 -530.86598 -244.51402 curveto
-530.97101 -244.61905 -531.03001 -244.76147 -531.03001 -244.91 curveto
-531.03001 -245.05853 -530.97101 -245.20096 -530.86598 -245.30598 curveto
-530.76096 -245.41101 -530.61853 -245.47002 -530.47 -245.47002 curveto
-530.32147 -245.47002 -530.17905 -245.41101 -530.07402 -245.30598 curveto
-529.969 -245.20096 -529.90999 -245.05853 -529.90999 -244.91 curveto closepath
 fill
 0 0 0 setrgbcolor 0 0.35 dtransform truncate idtransform setlinewidth pop
newpath -530.47 -244.91 moveto 0 0 rlineto stroke
 0 0.24501 dtransform truncate idtransform setlinewidth pop
newpath -365.51997 -251.87 moveto
-362.72002 -251.87 lineto stroke
 0.24501 0 dtransform exch truncate exch idtransform pop setlinewidth
newpath -364.12 -253.26997 moveto
-364.12 -250.47002 lineto stroke
 0.00002 0.00018 0.00093 setrgbcolor
newpath -363.55998 -251.87 moveto
-363.55998 -251.72147 -363.61899 -251.57904 -363.72401 -251.47401 curveto
-363.82904 -251.36899 -363.97147 -251.30998 -364.12 -251.30998 curveto
-364.26852 -251.30998 -364.41095 -251.36899 -364.51598 -251.47401 curveto
-364.621 -251.57904 -364.68001 -251.72147 -364.68001 -251.87 curveto
-364.68001 -252.01852 -364.621 -252.16095 -364.51598 -252.26598 curveto
-364.41095 -252.371 -364.26852 -252.43001 -364.12 -252.43001 curveto
-363.97147 -252.43001 -363.82904 -252.371 -363.72401 -252.26598 curveto
-363.61899 -252.16095 -363.55998 -252.01852 -363.55998 -251.87 curveto
 closepath fill
 0 0 0 setrgbcolor 0 0.35 dtransform truncate idtransform setlinewidth pop
newpath -364.12 -251.87 moveto 0 0 rlineto stroke
 0 0.24501 dtransform truncate idtransform setlinewidth pop
newpath -356.10999 -204.75 moveto
-353.31003 -204.75 lineto stroke
 0.24501 0 dtransform exch truncate exch idtransform pop setlinewidth
newpath -354.71 -206.14998 moveto
-354.71 -203.35002 lineto stroke
 0.00002 0.00018 0.00093 setrgbcolor
newpath -354.15 -204.75 moveto
-354.15 -204.60147 -354.209 -204.45905 -354.31403 -204.35402 curveto
-354.41905 -204.249 -354.56148 -204.18999 -354.71 -204.18999 curveto
-354.85854 -204.18999 -355.00096 -204.249 -355.10599 -204.35402 curveto
-355.21101 -204.45905 -355.27002 -204.60147 -355.27002 -204.75 curveto
-355.27002 -204.89853 -355.21101 -205.04095 -355.10599 -205.14598 curveto
-355.00096 -205.251 -354.85854 -205.31001 -354.71 -205.31001 curveto
-354.56148 -205.31001 -354.41905 -205.251 -354.31403 -205.14598 curveto
-354.209 -205.04095 -354.15 -204.89853 -354.15 -204.75 curveto closepath fill
 0 0 0 setrgbcolor 0 0.35 dtransform truncate idtransform setlinewidth pop
newpath -354.71 -204.75 moveto 0 0 rlineto stroke
 0 0.24501 dtransform truncate idtransform setlinewidth pop
newpath -295.09998 -133.33 moveto
-292.30002 -133.33 lineto stroke
 0.24501 0 dtransform exch truncate exch idtransform pop setlinewidth
newpath -293.7 -134.72998 moveto
-293.7 -131.93002 lineto stroke
 0.00002 0.00018 0.00093 setrgbcolor
newpath -293.13998 -133.33 moveto
-293.13998 -133.18147 -293.19899 -133.03905 -293.30402 -132.93402 curveto
-293.40904 -132.829 -293.55147 -132.76999 -293.7 -132.76999 curveto
-293.84853 -132.76999 -293.99095 -132.829 -294.09598 -132.93402 curveto
-294.201 -133.03905 -294.26001 -133.18147 -294.26001 -133.33 curveto
-294.26001 -133.47853 -294.201 -133.62096 -294.09598 -133.72598 curveto
-293.99095 -133.83101 -293.84853 -133.89001 -293.7 -133.89001 curveto
-293.55147 -133.89001 -293.40904 -133.83101 -293.30402 -133.72598 curveto
-293.19899 -133.62096 -293.13998 -133.47853 -293.13998 -133.33 curveto
 closepath fill
 0 0 0 setrgbcolor 0 0.35 dtransform truncate idtransform setlinewidth pop
newpath -293.7 -133.33 moveto 0 0 rlineto stroke
 0 0.24501 dtransform truncate idtransform setlinewidth pop
newpath -215.25998 -90.66 moveto
-212.46002 -90.66 lineto stroke
 0.24501 0 dtransform exch truncate exch idtransform pop setlinewidth
newpath -213.86 -92.05998 moveto
-213.86 -89.26003 lineto stroke
 0.00002 0.00018 0.00093 setrgbcolor
newpath -213.29999 -90.66 moveto
-213.29999 -90.51147 -213.359 -90.36905 -213.46402 -90.26402 curveto
-213.56905 -90.159 -213.71147 -90.09999 -213.86 -90.09999 curveto
-214.00853 -90.09999 -214.15096 -90.159 -214.25598 -90.26402 curveto
-214.36101 -90.36905 -214.42001 -90.51147 -214.42001 -90.66 curveto
-214.42001 -90.80853 -214.36101 -90.95096 -214.25598 -91.05598 curveto
-214.15096 -91.16101 -214.00853 -91.22002 -213.86 -91.22002 curveto
-213.71147 -91.22002 -213.56905 -91.16101 -213.46402 -91.05598 curveto
-213.359 -90.95096 -213.29999 -90.80853 -213.29999 -90.66 curveto closepath
 fill
 0 0 0 setrgbcolor 0 0.35 dtransform truncate idtransform setlinewidth pop
newpath -213.86 -90.66 moveto 0 0 rlineto stroke
 0 0.24501 dtransform truncate idtransform setlinewidth pop
newpath -185.33998 -10.47 moveto
-182.54002 -10.47 lineto stroke
 0.24501 0 dtransform exch truncate exch idtransform pop setlinewidth
newpath -183.94 -11.86998 moveto
-183.94 -9.07002 lineto stroke
 0.00002 0.00018 0.00093 setrgbcolor
newpath -183.37999 -10.47 moveto
-183.37999 -10.32147 -183.439 -10.17905 -183.54402 -10.07402 curveto
-183.64905 -9.969 -183.79147 -9.90999 -183.94 -9.90999 curveto
-184.08853 -9.90999 -184.23096 -9.969 -184.33598 -10.07402 curveto
-184.44101 -10.17905 -184.50002 -10.32147 -184.50002 -10.47 curveto
-184.50002 -10.61853 -184.44101 -10.76096 -184.33598 -10.86598 curveto
-184.23096 -10.97101 -184.08853 -11.03001 -183.94 -11.03001 curveto
-183.79147 -11.03001 -183.64905 -10.97101 -183.54402 -10.86598 curveto
-183.439 -10.76096 -183.37999 -10.61853 -183.37999 -10.47 curveto closepath
 fill
 0 0 0 setrgbcolor 0 0.35 dtransform truncate idtransform setlinewidth pop
newpath -183.94 -10.47 moveto 0 0 rlineto stroke
 0 0.24501 dtransform truncate idtransform setlinewidth pop
newpath -142.35999 42.17 moveto
-139.56003 42.17 lineto stroke
 0.24501 0 dtransform exch truncate exch idtransform pop setlinewidth
newpath -140.96 40.77002 moveto
-140.96 43.56998 lineto stroke
 0.00002 0.00018 0.00093 setrgbcolor
newpath -140.4 42.17 moveto
-140.4 42.31853 -140.459 42.46095 -140.56403 42.56598 curveto
-140.66905 42.671 -140.81148 42.73001 -140.96 42.73001 curveto
-141.10854 42.73001 -141.25096 42.671 -141.35599 42.56598 curveto
-141.46101 42.46095 -141.52002 42.31853 -141.52002 42.17 curveto
-141.52002 42.02147 -141.46101 41.87904 -141.35599 41.77402 curveto
-141.25096 41.66899 -141.10854 41.60999 -140.96 41.60999 curveto
-140.81148 41.60999 -140.66905 41.66899 -140.56403 41.77402 curveto
-140.459 41.87904 -140.4 42.02147 -140.4 42.17 curveto closepath fill
 0 0 0 setrgbcolor 0 0.35 dtransform truncate idtransform setlinewidth pop
newpath -140.96 42.17 moveto 0 0 rlineto stroke
 0 0.24501 dtransform truncate idtransform setlinewidth pop
newpath -116.61998 34.81 moveto
-113.82002 34.81 lineto stroke
 0.24501 0 dtransform exch truncate exch idtransform pop setlinewidth
newpath -115.22 33.41002 moveto
-115.22 36.20998 lineto stroke
 0.00002 0.00018 0.00093 setrgbcolor
newpath -114.65999 34.81 moveto
-114.65999 34.95853 -114.719 35.10095 -114.82402 35.20598 curveto
-114.92905 35.311 -115.07147 35.37001 -115.22 35.37001 curveto
-115.36853 35.37001 -115.51096 35.311 -115.61598 35.20598 curveto
-115.72101 35.10095 -115.78001 34.95853 -115.78001 34.81 curveto
-115.78001 34.66147 -115.72101 34.51904 -115.61598 34.41402 curveto
-115.51096 34.30899 -115.36853 34.24998 -115.22 34.24998 curveto
-115.07147 34.24998 -114.92905 34.30899 -114.82402 34.41402 curveto
-114.719 34.51904 -114.65999 34.66147 -114.65999 34.81 curveto closepath fill
 0 0 0 setrgbcolor 0 0.35 dtransform truncate idtransform setlinewidth pop
newpath -115.22 34.81 moveto 0 0 rlineto stroke
 0 0.24501 dtransform truncate idtransform setlinewidth pop
newpath -87.90997 48.2 moveto
-85.11002 48.2 lineto stroke
 0.24501 0 dtransform exch truncate exch idtransform pop setlinewidth
newpath -86.51 46.80002 moveto
-86.51 49.59998 lineto stroke
 0.00002 0.00018 0.00093 setrgbcolor
newpath -85.94998 48.2 moveto
-85.94998 48.34853 -86.00899 48.49095 -86.11401 48.59598 curveto
-86.21904 48.701 -86.36147 48.76001 -86.51 48.76001 curveto
-86.65852 48.76001 -86.80095 48.701 -86.90598 48.59598 curveto
-87.011 48.49095 -87.07 48.34853 -87.07 48.2 curveto
-87.07 48.05147 -87.011 47.90904 -86.90598 47.80402 curveto
-86.80095 47.69899 -86.65852 47.63998 -86.51 47.63998 curveto
-86.36147 47.63998 -86.21904 47.69899 -86.11401 47.80402 curveto
-86.00899 47.90904 -85.94998 48.05147 -85.94998 48.2 curveto closepath fill
 0 0 0 setrgbcolor 0 0.35 dtransform truncate idtransform setlinewidth pop
newpath -86.51 48.2 moveto 0 0 rlineto stroke
 0 0.24501 dtransform truncate idtransform setlinewidth pop
newpath -33.77998 70.68 moveto
-30.98003 70.68 lineto stroke
 0.24501 0 dtransform exch truncate exch idtransform pop setlinewidth
newpath -32.38 69.28001 moveto
-32.38 72.07997 lineto stroke
 0.00002 0.00018 0.00093 setrgbcolor
newpath -31.81999 70.68 moveto
-31.81999 70.82852 -31.879 70.97095 -31.98402 71.07597 curveto
-32.08905 71.181 -32.23148 71.24 -32.38 71.24 curveto
-32.52853 71.24 -32.67096 71.181 -32.77599 71.07597 curveto
-32.88101 70.97095 -32.94002 70.82852 -32.94002 70.68 curveto
-32.94002 70.53146 -32.88101 70.38904 -32.77599 70.28401 curveto
-32.67096 70.17899 -32.52853 70.11998 -32.38 70.11998 curveto
-32.23148 70.11998 -32.08905 70.17899 -31.98402 70.28401 curveto
-31.879 70.38904 -31.81999 70.53146 -31.81999 70.68 curveto closepath fill
 0 0 0 setrgbcolor 0 0.35 dtransform truncate idtransform setlinewidth pop
newpath -32.38 70.68 moveto 0 0 rlineto stroke
 0 0.24501 dtransform truncate idtransform setlinewidth pop
newpath 42.49002 116.37 moveto
45.28998 116.37 lineto stroke
 0.24501 0 dtransform exch truncate exch idtransform pop setlinewidth
newpath 43.89 114.97002 moveto
43.89 117.76997 lineto stroke
 0.00002 0.00018 0.00093 setrgbcolor
newpath 44.45001 116.37 moveto
44.45001 116.51852 44.391 116.66095 44.28598 116.76598 curveto
44.18095 116.871 44.03853 116.93001 43.89 116.93001 curveto
43.74147 116.93001 43.59904 116.871 43.49402 116.76598 curveto
43.38899 116.66095 43.32999 116.51852 43.32999 116.37 curveto
43.32999 116.22147 43.38899 116.07904 43.49402 115.97401 curveto
43.59904 115.86899 43.74147 115.80998 43.89 115.80998 curveto
44.03853 115.80998 44.18095 115.86899 44.28598 115.97401 curveto
44.391 116.07904 44.45001 116.22147 44.45001 116.37 curveto closepath fill
 0 0 0 setrgbcolor 0 0.35 dtransform truncate idtransform setlinewidth pop
newpath 43.89 116.37 moveto 0 0 rlineto stroke
 0 0.24501 dtransform truncate idtransform setlinewidth pop
newpath 99.77002 153.76 moveto
102.56998 153.76 lineto stroke
 0.24501 0 dtransform exch truncate exch idtransform pop setlinewidth
newpath 101.17 152.36002 moveto
101.17 155.15997 lineto stroke
 0.00002 0.00018 0.00093 setrgbcolor
newpath 101.73001 153.76 moveto
101.73001 153.90852 101.671 154.05095 101.56598 154.15598 curveto
101.46095 154.261 101.31853 154.32 101.17 154.32 curveto
101.02147 154.32 100.87904 154.261 100.77402 154.15598 curveto
100.66899 154.05095 100.60999 153.90852 100.60999 153.76 curveto
100.60999 153.61147 100.66899 153.46904 100.77402 153.36401 curveto
100.87904 153.25899 101.02147 153.19998 101.17 153.19998 curveto
101.31853 153.19998 101.46095 153.25899 101.56598 153.36401 curveto
101.671 153.46904 101.73001 153.61147 101.73001 153.76 curveto closepath fill
 0 0 0 setrgbcolor 0 0.35 dtransform truncate idtransform setlinewidth pop
newpath 101.17 153.76 moveto 0 0 rlineto stroke
 0 0.24501 dtransform truncate idtransform setlinewidth pop
newpath 124.57002 156 moveto
127.36998 156 lineto stroke
 0.24501 0 dtransform exch truncate exch idtransform pop setlinewidth
newpath 125.97 154.60002 moveto
125.97 157.39998 lineto stroke
 0.00002 0.00018 0.00093 setrgbcolor
newpath 126.53001 156 moveto
126.53001 156.14853 126.47101 156.29095 126.36598 156.39598 curveto
126.26096 156.501 126.11853 156.56001 125.97 156.56001 curveto
125.82147 156.56001 125.67905 156.501 125.57402 156.39598 curveto
125.469 156.29095 125.40999 156.14853 125.40999 156 curveto
125.40999 155.85147 125.469 155.70905 125.57402 155.60402 curveto
125.67905 155.499 125.82147 155.43999 125.97 155.43999 curveto
126.11853 155.43999 126.26096 155.499 126.36598 155.60402 curveto
126.47101 155.70905 126.53001 155.85147 126.53001 156 curveto closepath fill
 0 0 0 setrgbcolor 0 0.35 dtransform truncate idtransform setlinewidth pop
newpath 125.97 156 moveto 0 0 rlineto stroke
 0 0.24501 dtransform truncate idtransform setlinewidth pop
newpath 142.39001 165.27 moveto
145.18997 165.27 lineto stroke
 0.24501 0 dtransform exch truncate exch idtransform pop setlinewidth
newpath 143.79 163.87003 moveto
143.79 166.66998 lineto stroke
 0.00002 0.00018 0.00093 setrgbcolor
newpath 144.35 165.27 moveto
144.35 165.41853 144.291 165.56096 144.18597 165.66599 curveto
144.08095 165.77101 143.93852 165.83002 143.79 165.83002 curveto
143.64146 165.83002 143.49904 165.77101 143.39401 165.66599 curveto
143.28899 165.56096 143.22998 165.41853 143.22998 165.27 curveto
143.22998 165.12148 143.28899 164.97905 143.39401 164.87402 curveto
143.49904 164.769 143.64146 164.70999 143.79 164.70999 curveto
143.93852 164.70999 144.08095 164.769 144.18597 164.87402 curveto
144.291 164.97905 144.35 165.12148 144.35 165.27 curveto closepath fill
 0 0 0 setrgbcolor 0 0.35 dtransform truncate idtransform setlinewidth pop
newpath 143.79 165.27 moveto 0 0 rlineto stroke
 0 0.24501 dtransform truncate idtransform setlinewidth pop
newpath 154.49002 178.46 moveto
157.28998 178.46 lineto stroke
 0.24501 0 dtransform exch truncate exch idtransform pop setlinewidth
newpath 155.89 177.06003 moveto
155.89 179.85999 lineto stroke
 0.00002 0.00018 0.00093 setrgbcolor
newpath 156.45001 178.46 moveto
156.45001 178.60854 156.391 178.75096 156.28598 178.85599 curveto
156.18095 178.96101 156.03853 179.02002 155.89 179.02002 curveto
155.74147 179.02002 155.59904 178.96101 155.49402 178.85599 curveto
155.38899 178.75096 155.32999 178.60854 155.32999 178.46 curveto
155.32999 178.31148 155.38899 178.16905 155.49402 178.06403 curveto
155.59904 177.959 155.74147 177.9 155.89 177.9 curveto
156.03853 177.9 156.18095 177.959 156.28598 178.06403 curveto
156.391 178.16905 156.45001 178.31148 156.45001 178.46 curveto closepath fill
 0 0 0 setrgbcolor 0 0.35 dtransform truncate idtransform setlinewidth pop
newpath 155.89 178.46 moveto 0 0 rlineto stroke
 0 0.24501 dtransform truncate idtransform setlinewidth pop
newpath 172.54002 189.09 moveto
175.33998 189.09 lineto stroke
 0.24501 0 dtransform exch truncate exch idtransform pop setlinewidth
newpath 173.94 187.69002 moveto
173.94 190.48997 lineto stroke
 0.00002 0.00018 0.00093 setrgbcolor
newpath 174.50002 189.09 moveto
174.50002 189.23853 174.44101 189.38095 174.33598 189.48598 curveto
174.23096 189.591 174.08853 189.65001 173.94 189.65001 curveto
173.79147 189.65001 173.64905 189.591 173.54402 189.48598 curveto
173.439 189.38095 173.37999 189.23853 173.37999 189.09 curveto
173.37999 188.94147 173.439 188.79904 173.54402 188.69402 curveto
173.64905 188.58899 173.79147 188.52998 173.94 188.52998 curveto
174.08853 188.52998 174.23096 188.58899 174.33598 188.69402 curveto
174.44101 188.79904 174.50002 188.94147 174.50002 189.09 curveto closepath fill
 0 0 0 setrgbcolor 0 0.35 dtransform truncate idtransform setlinewidth pop
newpath 173.94 189.09 moveto 0 0 rlineto stroke
 0 0.24501 dtransform truncate idtransform setlinewidth pop
newpath 226.00002 170.36 moveto
228.79997 170.36 lineto stroke
 0.24501 0 dtransform exch truncate exch idtransform pop setlinewidth
newpath 227.4 168.96002 moveto
227.4 171.75998 lineto stroke
 0.00002 0.00018 0.00093 setrgbcolor
newpath 227.96 170.36 moveto
227.96 170.50853 227.901 170.65096 227.79597 170.75598 curveto
227.69095 170.86101 227.54852 170.92001 227.4 170.92001 curveto
227.25146 170.92001 227.10904 170.86101 227.00401 170.75598 curveto
226.89899 170.65096 226.83998 170.50853 226.83998 170.36 curveto
226.83998 170.21147 226.89899 170.06905 227.00401 169.96402 curveto
227.10904 169.859 227.25146 169.79999 227.4 169.79999 curveto
227.54852 169.79999 227.69095 169.859 227.79597 169.96402 curveto
227.901 170.06905 227.96 170.21147 227.96 170.36 curveto closepath fill
 0 0 0 setrgbcolor 0 0.35 dtransform truncate idtransform setlinewidth pop
newpath 227.4 170.36 moveto 0 0 rlineto stroke
 0 0.24501 dtransform truncate idtransform setlinewidth pop
newpath 265.53001 172.41 moveto
268.32997 172.41 lineto stroke
 0.24501 0 dtransform exch truncate exch idtransform pop setlinewidth
newpath 266.93 171.01003 moveto
266.93 173.80998 lineto stroke
 0.00002 0.00018 0.00093 setrgbcolor
newpath 267.49 172.41 moveto
267.49 172.55853 267.431 172.70096 267.32597 172.80598 curveto
267.22095 172.91101 267.07852 172.97002 266.93 172.97002 curveto
266.78146 172.97002 266.63904 172.91101 266.53401 172.80598 curveto
266.42899 172.70096 266.36998 172.55853 266.36998 172.41 curveto
266.36998 172.26147 266.42899 172.11905 266.53401 172.01402 curveto
266.63904 171.909 266.78146 171.84999 266.93 171.84999 curveto
267.07852 171.84999 267.22095 171.909 267.32597 172.01402 curveto
267.431 172.11905 267.49 172.26147 267.49 172.41 curveto closepath fill
 0 0 0 setrgbcolor 0 0.35 dtransform truncate idtransform setlinewidth pop
newpath 266.93 172.41 moveto 0 0 rlineto stroke
 0 0.24501 dtransform truncate idtransform setlinewidth pop
newpath 299.09003 193.89 moveto
301.88998 193.89 lineto stroke
 0.24501 0 dtransform exch truncate exch idtransform pop setlinewidth
newpath 300.49 192.49002 moveto
300.49 195.28998 lineto stroke
 0.00002 0.00018 0.00093 setrgbcolor
newpath 301.05002 193.89 moveto
301.05002 194.03853 300.99101 194.18095 300.88599 194.28598 curveto
300.78096 194.391 300.63853 194.45001 300.49 194.45001 curveto
300.34148 194.45001 300.19905 194.391 300.09402 194.28598 curveto
299.989 194.18095 299.93 194.03853 299.93 193.89 curveto
299.93 193.74147 299.989 193.59904 300.09402 193.49402 curveto
300.19905 193.38899 300.34148 193.32999 300.49 193.32999 curveto
300.63853 193.32999 300.78096 193.38899 300.88599 193.49402 curveto
300.99101 193.59904 301.05002 193.74147 301.05002 193.89 curveto closepath fill
 0 0 0 setrgbcolor 0 0.35 dtransform truncate idtransform setlinewidth pop
newpath 300.49 193.89 moveto 0 0 rlineto stroke
 0 0.24501 dtransform truncate idtransform setlinewidth pop
newpath 385.06003 217.72 moveto
387.85999 217.72 lineto stroke
 0.24501 0 dtransform exch truncate exch idtransform pop setlinewidth
newpath 386.46 216.32002 moveto
386.46 219.11998 lineto stroke
 0.00002 0.00018 0.00093 setrgbcolor
newpath 387.02002 217.72 moveto
387.02002 217.86853 386.96101 218.01096 386.85599 218.11598 curveto
386.75096 218.22101 386.60854 218.28001 386.46 218.28001 curveto
386.31148 218.28001 386.16905 218.22101 386.06403 218.11598 curveto
385.959 218.01096 385.9 217.86853 385.9 217.72 curveto
385.9 217.57147 385.959 217.42905 386.06403 217.32402 curveto
386.16905 217.219 386.31148 217.15999 386.46 217.15999 curveto
386.60854 217.15999 386.75096 217.219 386.85599 217.32402 curveto
386.96101 217.42905 387.02002 217.57147 387.02002 217.72 curveto closepath fill
 0 0 0 setrgbcolor 0 0.35 dtransform truncate idtransform setlinewidth pop
newpath 386.46 217.72 moveto 0 0 rlineto stroke
 0 0.24501 dtransform truncate idtransform setlinewidth pop
newpath 401.84003 216.16 moveto
404.63998 216.16 lineto stroke
 0.24501 0 dtransform exch truncate exch idtransform pop setlinewidth
newpath 403.24 214.76003 moveto
403.24 217.55998 lineto stroke
 0.00002 0.00018 0.00093 setrgbcolor
newpath 403.80002 216.16 moveto
403.80002 216.30853 403.74101 216.45096 403.63599 216.55598 curveto
403.53096 216.66101 403.38853 216.72002 403.24 216.72002 curveto
403.09148 216.72002 402.94905 216.66101 402.84402 216.55598 curveto
402.739 216.45096 402.68 216.30853 402.68 216.16 curveto
402.68 216.01147 402.739 215.86905 402.84402 215.76402 curveto
402.94905 215.659 403.09148 215.59999 403.24 215.59999 curveto
403.38853 215.59999 403.53096 215.659 403.63599 215.76402 curveto
403.74101 215.86905 403.80002 216.01147 403.80002 216.16 curveto closepath fill
 0 0 0 setrgbcolor 0 0.35 dtransform truncate idtransform setlinewidth pop
newpath 403.24 216.16 moveto 0 0 rlineto stroke
 0 0.24501 dtransform truncate idtransform setlinewidth pop
newpath 429.25002 176.84 moveto
432.04997 176.84 lineto stroke
 0.24501 0 dtransform exch truncate exch idtransform pop setlinewidth
newpath 430.65 175.44002 moveto
430.65 178.23997 lineto stroke
 0.00002 0.00018 0.00093 setrgbcolor
newpath 431.21 176.84 moveto
431.21 176.98853 431.151 177.13095 431.04597 177.23598 curveto
430.94095 177.341 430.79852 177.40001 430.65 177.40001 curveto
430.50146 177.40001 430.35904 177.341 430.25401 177.23598 curveto
430.14899 177.13095 430.08998 176.98853 430.08998 176.84 curveto
430.08998 176.69147 430.14899 176.54904 430.25401 176.44402 curveto
430.35904 176.33899 430.50146 176.27998 430.65 176.27998 curveto
430.79852 176.27998 430.94095 176.33899 431.04597 176.44402 curveto
431.151 176.54904 431.21 176.69147 431.21 176.84 curveto closepath fill
 0 0 0 setrgbcolor 0 0.35 dtransform truncate idtransform setlinewidth pop
newpath 430.65 176.84 moveto 0 0 rlineto stroke
 0 0.24501 dtransform truncate idtransform setlinewidth pop
newpath 463.09003 158.51 moveto
465.88998 158.51 lineto stroke
 0.24501 0 dtransform exch truncate exch idtransform pop setlinewidth
newpath 464.49 157.11002 moveto
464.49 159.90997 lineto stroke
 0.00002 0.00018 0.00093 setrgbcolor
newpath 465.05002 158.51 moveto
465.05002 158.65852 464.99101 158.80095 464.88599 158.90598 curveto
464.78096 159.011 464.63853 159.07 464.49 159.07 curveto
464.34148 159.07 464.19905 159.011 464.09402 158.90598 curveto
463.989 158.80095 463.93 158.65852 463.93 158.51 curveto
463.93 158.36147 463.989 158.21904 464.09402 158.11401 curveto
464.19905 158.00899 464.34148 157.94998 464.49 157.94998 curveto
464.63853 157.94998 464.78096 158.00899 464.88599 158.11401 curveto
464.99101 158.21904 465.05002 158.36147 465.05002 158.51 curveto closepath fill
 0 0 0 setrgbcolor 0 0.35 dtransform truncate idtransform setlinewidth pop
newpath 464.49 158.51 moveto 0 0 rlineto stroke
 0 0.24501 dtransform truncate idtransform setlinewidth pop
newpath 461.64001 155.39 moveto
464.43997 155.39 lineto stroke
 0.24501 0 dtransform exch truncate exch idtransform pop setlinewidth
newpath 463.04 153.99002 moveto
463.04 156.78998 lineto stroke
 0.00002 0.00018 0.00093 setrgbcolor
newpath 463.6 155.39 moveto
463.6 155.53853 463.541 155.68095 463.43597 155.78598 curveto
463.33095 155.891 463.18852 155.95001 463.04 155.95001 curveto
462.89146 155.95001 462.74904 155.891 462.64401 155.78598 curveto
462.53899 155.68095 462.47998 155.53853 462.47998 155.39 curveto
462.47998 155.24147 462.53899 155.09904 462.64401 154.99402 curveto
462.74904 154.88899 462.89146 154.82999 463.04 154.82999 curveto
463.18852 154.82999 463.33095 154.88899 463.43597 154.99402 curveto
463.541 155.09904 463.6 155.24147 463.6 155.39 curveto closepath fill
 0 0 0 setrgbcolor 0 0.35 dtransform truncate idtransform setlinewidth pop
newpath 463.04 155.39 moveto 0 0 rlineto stroke
 0 0.24501 dtransform truncate idtransform setlinewidth pop
newpath 492.59003 117.7 moveto
495.38998 117.7 lineto stroke
 0.24501 0 dtransform exch truncate exch idtransform pop setlinewidth
newpath 493.99 116.30002 moveto
493.99 119.09998 lineto stroke
 0.00002 0.00018 0.00093 setrgbcolor
newpath 494.55002 117.7 moveto
494.55002 117.84853 494.49101 117.99095 494.38599 118.09598 curveto
494.28096 118.201 494.13853 118.26001 493.99 118.26001 curveto
493.84148 118.26001 493.69905 118.201 493.59402 118.09598 curveto
493.489 117.99095 493.43 117.84853 493.43 117.7 curveto
493.43 117.55147 493.489 117.40904 493.59402 117.30402 curveto
493.69905 117.19899 493.84148 117.13998 493.99 117.13998 curveto
494.13853 117.13998 494.28096 117.19899 494.38599 117.30402 curveto
494.49101 117.40904 494.55002 117.55147 494.55002 117.7 curveto closepath fill
 0 0 0 setrgbcolor 0 0.35 dtransform truncate idtransform setlinewidth pop
newpath 493.99 117.7 moveto 0 0 rlineto stroke
 0 0.24501 dtransform truncate idtransform setlinewidth pop
newpath 536.93002 94.28 moveto
539.72998 94.28 lineto stroke
 0.24501 0 dtransform exch truncate exch idtransform pop setlinewidth
newpath 538.33 92.88002 moveto
538.33 95.67998 lineto stroke
 0.00002 0.00018 0.00093 setrgbcolor
newpath 538.89001 94.28 moveto
538.89001 94.42853 538.83101 94.57095 538.72598 94.67598 curveto
538.62096 94.781 538.47853 94.84001 538.33 94.84001 curveto
538.18147 94.84001 538.03905 94.781 537.93402 94.67598 curveto
537.829 94.57095 537.76999 94.42853 537.76999 94.28 curveto
537.76999 94.13147 537.829 93.98904 537.93402 93.88402 curveto
538.03905 93.77899 538.18147 93.71999 538.33 93.71999 curveto
538.47853 93.71999 538.62096 93.77899 538.72598 93.88402 curveto
538.83101 93.98904 538.89001 94.13147 538.89001 94.28 curveto closepath fill
 0 0 0 setrgbcolor 0 0.35 dtransform truncate idtransform setlinewidth pop
newpath 538.33 94.28 moveto 0 0 rlineto stroke
 0 0.24501 dtransform truncate idtransform setlinewidth pop
newpath 580.89001 86.4 moveto
583.68997 86.4 lineto stroke
 0.24501 0 dtransform exch truncate exch idtransform pop setlinewidth
newpath 582.29 85.00002 moveto
582.29 87.79997 lineto stroke
 0.00002 0.00018 0.00093 setrgbcolor
newpath 582.85 86.4 moveto
582.85 86.54852 582.791 86.69095 582.68597 86.79597 curveto
582.58095 86.901 582.43852 86.96 582.29 86.96 curveto
582.14146 86.96 581.99904 86.901 581.89401 86.79597 curveto
581.78899 86.69095 581.72998 86.54852 581.72998 86.4 curveto
581.72998 86.25146 581.78899 86.10904 581.89401 86.00401 curveto
581.99904 85.89899 582.14146 85.83998 582.29 85.83998 curveto
582.43852 85.83998 582.58095 85.89899 582.68597 86.00401 curveto
582.791 86.10904 582.85 86.25146 582.85 86.4 curveto closepath fill
 0 0 0 setrgbcolor 0 0.35 dtransform truncate idtransform setlinewidth pop
newpath 582.29 86.4 moveto 0 0 rlineto stroke
 0 0.24501 dtransform truncate idtransform setlinewidth pop
newpath 537.66002 53.66 moveto
540.45998 53.66 lineto stroke
 0.24501 0 dtransform exch truncate exch idtransform pop setlinewidth
newpath 539.06 52.26003 moveto
539.06 55.05998 lineto stroke
 0.00002 0.00018 0.00093 setrgbcolor
newpath 539.62001 53.66 moveto
539.62001 53.80853 539.561 53.95096 539.45598 54.05598 curveto
539.35095 54.16101 539.20853 54.22002 539.06 54.22002 curveto
538.91147 54.22002 538.76904 54.16101 538.66402 54.05598 curveto
538.55899 53.95096 538.49998 53.80853 538.49998 53.66 curveto
538.49998 53.51147 538.55899 53.36905 538.66402 53.26402 curveto
538.76904 53.159 538.91147 53.09999 539.06 53.09999 curveto
539.20853 53.09999 539.35095 53.159 539.45598 53.26402 curveto
539.561 53.36905 539.62001 53.51147 539.62001 53.66 curveto closepath fill
 0 0 0 setrgbcolor 0 0.35 dtransform truncate idtransform setlinewidth pop
newpath 539.06 53.66 moveto 0 0 rlineto stroke
 0 0.24501 dtransform truncate idtransform setlinewidth pop
newpath 447.78001 245.41 moveto
450.57997 245.41 lineto stroke
 0.24501 0 dtransform exch truncate exch idtransform pop setlinewidth
newpath 449.18 244.01003 moveto
449.18 246.80998 lineto stroke
 0.00002 0.00018 0.00093 setrgbcolor
newpath 449.74 245.41 moveto
449.74 245.55853 449.681 245.70096 449.57597 245.80598 curveto
449.47095 245.91101 449.32852 245.97002 449.18 245.97002 curveto
449.03146 245.97002 448.88904 245.91101 448.78401 245.80598 curveto
448.67899 245.70096 448.61998 245.55853 448.61998 245.41 curveto
448.61998 245.26147 448.67899 245.11905 448.78401 245.01402 curveto
448.88904 244.909 449.03146 244.84999 449.18 244.84999 curveto
449.32852 244.84999 449.47095 244.909 449.57597 245.01402 curveto
449.681 245.11905 449.74 245.26147 449.74 245.41 curveto closepath fill
 0 0 0 setrgbcolor 0 0.35 dtransform truncate idtransform setlinewidth pop
newpath 449.18 245.41 moveto 0 0 rlineto stroke
 0 0.24501 dtransform truncate idtransform setlinewidth pop
newpath 515.79002 278.09 moveto
518.58998 278.09 lineto stroke
 0.24501 0 dtransform exch truncate exch idtransform pop setlinewidth
newpath 517.19 276.69002 moveto
517.19 279.48997 lineto stroke
 0.00002 0.00018 0.00093 setrgbcolor
newpath 517.75002 278.09 moveto
517.75002 278.23853 517.69101 278.38095 517.58598 278.48598 curveto
517.48096 278.591 517.33853 278.65001 517.19 278.65001 curveto
517.04147 278.65001 516.89905 278.591 516.79402 278.48598 curveto
516.689 278.38095 516.62999 278.23853 516.62999 278.09 curveto
516.62999 277.94147 516.689 277.79904 516.79402 277.69402 curveto
516.89905 277.58899 517.04147 277.52998 517.19 277.52998 curveto
517.33853 277.52998 517.48096 277.58899 517.58598 277.69402 curveto
517.69101 277.79904 517.75002 277.94147 517.75002 278.09 curveto closepath fill
 0 0 0 setrgbcolor 0 0.35 dtransform truncate idtransform setlinewidth pop
newpath 517.19 278.09 moveto 0 0 rlineto stroke
 0 0.24501 dtransform truncate idtransform setlinewidth pop
newpath 526.61002 259.9 moveto
529.40997 259.9 lineto stroke
 0.24501 0 dtransform exch truncate exch idtransform pop setlinewidth
newpath 528.01 258.50002 moveto
528.01 261.29997 lineto stroke
 0.00002 0.00018 0.00093 setrgbcolor
newpath 528.57 259.9 moveto
528.57 260.04852 528.511 260.19095 528.40598 260.29597 curveto
528.30095 260.401 528.15852 260.46 528.01 260.46 curveto
527.86147 260.46 527.71904 260.401 527.61401 260.29597 curveto
527.50899 260.19095 527.44998 260.04852 527.44998 259.9 curveto
527.44998 259.75146 527.50899 259.60904 527.61401 259.50401 curveto
527.71904 259.39899 527.86147 259.33998 528.01 259.33998 curveto
528.15852 259.33998 528.30095 259.39899 528.40598 259.50401 curveto
528.511 259.60904 528.57 259.75146 528.57 259.9 curveto closepath fill
 0 0 0 setrgbcolor 0 0.35 dtransform truncate idtransform setlinewidth pop
newpath 528.01 259.9 moveto 0 0 rlineto stroke
 0 0.24501 dtransform truncate idtransform setlinewidth pop
newpath 532.60002 261.45 moveto
535.39998 261.45 lineto stroke
 0.24501 0 dtransform exch truncate exch idtransform pop setlinewidth
newpath 534 260.05002 moveto
534 262.84998 lineto stroke
 0.00002 0.00018 0.00093 setrgbcolor
newpath 534.56001 261.45 moveto
534.56001 261.59853 534.501 261.74095 534.39598 261.84598 curveto
534.29095 261.951 534.14853 262.01001 534 262.01001 curveto
533.85147 262.01001 533.70905 261.951 533.60402 261.84598 curveto
533.499 261.74095 533.43999 261.59853 533.43999 261.45 curveto
533.43999 261.30147 533.499 261.15904 533.60402 261.05402 curveto
533.70905 260.94899 533.85147 260.88998 534 260.88998 curveto
534.14853 260.88998 534.29095 260.94899 534.39598 261.05402 curveto
534.501 261.15904 534.56001 261.30147 534.56001 261.45 curveto closepath fill
 0 0 0 setrgbcolor 0 0.35 dtransform truncate idtransform setlinewidth pop
newpath 534 261.45 moveto 0 0 rlineto stroke
 0 0.24501 dtransform truncate idtransform setlinewidth pop
newpath 57.31003 131.15 moveto
60.10999 131.15 lineto stroke
 0.24501 0 dtransform exch truncate exch idtransform pop setlinewidth
newpath 58.71 129.75002 moveto
58.71 132.54997 lineto stroke
 0.00002 0.00018 0.00093 setrgbcolor
newpath 59.27002 131.15 moveto
59.27002 131.29852 59.21101 131.44095 59.10599 131.54597 curveto
59.00096 131.651 58.85854 131.71 58.71 131.71 curveto
58.56148 131.71 58.41905 131.651 58.31403 131.54597 curveto
58.209 131.44095 58.15 131.29852 58.15 131.15 curveto
58.15 131.00146 58.209 130.85904 58.31403 130.75401 curveto
58.41905 130.64899 58.56148 130.58998 58.71 130.58998 curveto
58.85854 130.58998 59.00096 130.64899 59.10599 130.75401 curveto
59.21101 130.85904 59.27002 131.00146 59.27002 131.15 curveto closepath fill
 0 0 0 setrgbcolor 0 0.35 dtransform truncate idtransform setlinewidth pop
newpath 58.71 131.15 moveto 0 0 rlineto stroke
 0 0.24501 dtransform truncate idtransform setlinewidth pop
newpath 74.93002 138.36 moveto
77.72998 138.36 lineto stroke
 0.24501 0 dtransform exch truncate exch idtransform pop setlinewidth
newpath 76.33 136.96002 moveto
76.33 139.75998 lineto stroke
 0.00002 0.00018 0.00093 setrgbcolor
newpath 76.89001 138.36 moveto
76.89001 138.50853 76.83101 138.65096 76.72598 138.75598 curveto
76.62096 138.86101 76.47853 138.92001 76.33 138.92001 curveto
76.18147 138.92001 76.03905 138.86101 75.93402 138.75598 curveto
75.829 138.65096 75.76999 138.50853 75.76999 138.36 curveto
75.76999 138.21147 75.829 138.06905 75.93402 137.96402 curveto
76.03905 137.859 76.18147 137.79999 76.33 137.79999 curveto
76.47853 137.79999 76.62096 137.859 76.72598 137.96402 curveto
76.83101 138.06905 76.89001 138.21147 76.89001 138.36 curveto closepath fill
 0 0 0 setrgbcolor 0 0.35 dtransform truncate idtransform setlinewidth pop
newpath 76.33 138.36 moveto 0 0 rlineto stroke
 0 0.24501 dtransform truncate idtransform setlinewidth pop
newpath 84.65002 152.08 moveto
87.44998 152.08 lineto stroke
 0.24501 0 dtransform exch truncate exch idtransform pop setlinewidth
newpath 86.05 150.68002 moveto
86.05 153.47998 lineto stroke
 0.00002 0.00018 0.00093 setrgbcolor
newpath 86.61002 152.08 moveto
86.61002 152.22853 86.55101 152.37096 86.44598 152.47598 curveto
86.34096 152.58101 86.19853 152.64001 86.05 152.64001 curveto
85.90147 152.64001 85.75905 152.58101 85.65402 152.47598 curveto
85.549 152.37096 85.48999 152.22853 85.48999 152.08 curveto
85.48999 151.93147 85.549 151.78905 85.65402 151.68402 curveto
85.75905 151.579 85.90147 151.51999 86.05 151.51999 curveto
86.19853 151.51999 86.34096 151.579 86.44598 151.68402 curveto
86.55101 151.78905 86.61002 151.93147 86.61002 152.08 curveto closepath fill
 0 0 0 setrgbcolor 0 0.35 dtransform truncate idtransform setlinewidth pop
newpath 86.05 152.08 moveto 0 0 rlineto stroke
showpage
%%EOF
