%!PS
%%BoundingBox: -20 -27 19 28 
%%HiResBoundingBox: -19.73145 -26.45929 18.41487 27.31697 
%%Creator: MetaPost 1.209
%%CreationDate: 2019.09.26:1811
%%Pages: 1
%%BeginProlog
%%EndProlog
%%Page: 1 1
 0 0 0 setrgbcolor 0 0.24501 dtransform truncate idtransform setlinewidth pop
 [] 0 setdash 1 setlinecap 1 setlinejoin 10 setmiterlimit
newpath -8.08 -9.8 moveto
-8.08 -9.8 -6.65 -5.62 -6.48 -4.37 curveto
-6.3 -3.13 -6.02 -2.24 -7.21 -1.91 curveto
-8.4 -1.58 -8.57 -1.31 -8.8 -0.32 curveto
-9.03 0.67 -9.35 0.93 -8.03 1.56 curveto
-6.71 2.18 -5.08 3.34 -4.88 3.5 curveto
-4.68 3.67 -3.94 3.44 -3.61 4.63 curveto
-3.28 5.81 -2.62 5.66 -2.21 5.98 curveto
-1.81 6.3 -0.8 7.19 -0.8 7.19 curveto
-0.8 7.19 0.73 7.83 1.2 7.37 curveto
1.68 6.9 3.92 7.75 3.92 7.75 curveto
3.92 7.75 4.73 8.41 5.15 8.6 curveto
5.57 8.79 7.63 9.91 7.25 11.82 curveto
6.87 13.74 7.29 14.58 7.29 14.58 curveto
7.29 14.58 8.6 15.2 7.34 17.1 curveto stroke
newpath 7.34 17.1 moveto
7.34 17.1 9.97 19.15 10.21 19.67 curveto
10.46 20.2 13.34 21.91 13.54 22.07 curveto
13.74 22.23 15.27 24.47 15.27 24.47 curveto stroke
newpath -3.59 27.07 moveto
-3.59 27.07 -6.13 27.35 -5.96 27.07 curveto
-5.8 26.8 -5.11 26.43 -5.44 26.11 curveto
-5.78 25.79 -7.33 27.09 -7.61 25.34 curveto
-7.88 23.58 -8.59 17.83 -8.62 17.26 curveto
-8.64 16.68 -7.57 12.59 -7.58 11.87 curveto
-7.59 11.14 -8.22 8.48 -8.72 7.57 curveto
-9.21 6.66 -11.33 3.72 -11.45 3.35 curveto
-11.56 2.97 -12.16 0.89 -11.71 -0.15 curveto
-11.25 -1.19 -10.58 -2.22 -10.46 -2.71 curveto
-10.34 -3.21 -10 -7.01 -10.28 -7.83 curveto
-10.57 -8.65 -12.61 -10.07 -12.67 -11.01 curveto
-12.73 -11.96 -14.62 -13.44 -14.82 -14.47 curveto
-15.01 -15.5 -14.69 -18.22 -15.09 -18.62 curveto
-15.49 -19.02 -18.14 -23.31 -18.37 -23.91 curveto
-18.6 -24.51 -21.29 -26.78 -17.94 -26.26 curveto
-14.58 -25.74 -13.36 -25.63 -12.7 -24.99 curveto
-12.03 -24.35 -8.71 -22.67 -7.88 -22.3 curveto
-7.04 -21.93 -0.9 -15.51 -0.9 -15.51 curveto
-0.9 -15.51 3.41 -12.14 3.91 -11.23 curveto
4.4 -10.32 8.19 -9.17 8.93 -8.67 curveto
9.68 -8.17 15.79 -3.15 16.25 -2.6 curveto
16.7 -2.05 20.75 0.33 16.02 0.77 curveto
11.29 1.21 6.18 2.62 6.18 2.62 curveto
6.18 2.62 1.28 3.26 0.67 2.77 curveto stroke
showpage
%%EOF
