%!PS
%%BoundingBox: -610 -344 612 344 
%%HiResBoundingBox: -609.1 -343.21 611.67001 343.06107 
%%Creator: MetaPost 1.209
%%CreationDate: 2019.09.26:1811
%%Pages: 1
%%BeginProlog
%%EndProlog
%%Page: 1 1
 0 0 0 setrgbcolor 0 0.24501 dtransform truncate idtransform setlinewidth pop
 [] 0 setdash 1 setlinecap 1 setlinejoin 10 setmiterlimit
newpath -292.94 -110.88 moveto
-293.17961 -111.52571 -293.73286 -112.03835 -294.31502 -111.82501 curveto
-294.92273 -111.60231 -295.19775 -112.4317 -295.69 -112.77 curveto
-295.69 -112.77 lineto stroke
newpath -295.69 -112.77 moveto
 closepath stroke
newpath -295.69 -112.77 moveto
 closepath fill
newpath -300.14 -115.36 moveto
-300.18597 -114.79112 -299.63756 -114.50229 -299.37498 -114.79 curveto
-299.06622 -115.12831 -298.90584 -114.44043 -298.61 -114.22 curveto
-298.61 -114.22 lineto stroke
newpath -298.61 -114.22 moveto
 closepath stroke
newpath -298.61 -114.22 moveto
 closepath fill
 0 0.7 dtransform truncate idtransform setlinewidth pop
newpath 60.99 -197.79 moveto
60.99 -197.79 60.66 -190.34 62.05 -188.42 curveto
63.45 -186.51 70.51 -168.12 72.06 -164.9 curveto
73.61 -161.68 78.04 -149.18 90.73 -143.17 curveto
103.38 -137.17 116.34 -131.92 122.13 -130.38 curveto
127.92 -128.85 143.39 -120.07 149.16 -111.91 curveto
154.95 -103.73 159.77 -99.23 162.53 -88.67 curveto
164.4 -81.54 173.68 -66.84 181.29 -62.58 curveto
188.83 -58.36 194.74 -58.67 199.01 -61.17 curveto
203.27 -63.67 215.08 -57.68 217.35 -53.65 curveto
219.61 -49.62 229.98 -31.94 234.58 -27.42 curveto
239.18 -22.91 241.87 -17.19 247.73 -20.07 curveto
253.61 -22.96 257.32 -27.83 256.51 -34.3 curveto
255.69 -40.78 258.69 -43.36 261.53 -47.25 curveto
264.38 -51.15 272.45 -56.48 276.79 -56.17 curveto
281.13 -55.86 291.76 -53.57 294.2 -51.6 curveto
296.63 -49.63 304.77 -44.43 309.21 -45.39 curveto
313.66 -46.35 320.82 -49.17 324.02 -50.74 curveto
327.22 -52.3 338.67 -53.78 346.64 -49.84 curveto
354.6 -45.89 364.08 -41.56 370.28 -38.24 curveto
376.48 -34.93 387.78 -30.93 391.72 -28.54 curveto
395.67 -26.15 407.08 -16.91 408.1 -13.46 curveto
409.13 -10 411.15 7.33 411.48 9.7 curveto
411.81 12.08 411.43 25.39 411.15 26.4 curveto stroke
 0 0.24501 dtransform truncate idtransform setlinewidth pop
newpath 578.32 318.51 moveto
578.22632 316.94847 577.59212 315.35547 576.17924 315.30348 curveto
574.49342 315.24144 573.33556 313.61362 573.96771 312.14561 curveto
574.56859 310.75024 572.56517 310.1778 571.57 309.13 curveto
571.57 309.13 lineto stroke
newpath 572.45067 313.03189 moveto
572.5057 312.96335 572.56584 312.89714 572.63115 312.83362 curveto
573.72026 311.77443 572.08842 310.47888 571.57 309.13 curveto
571.57 309.13 lineto
571.57 309.13 lineto
572.8904 309.7172 574.96037 309.47939 574.93922 310.99847 curveto
574.93797 311.08955 574.94226 311.1789 574.9518 311.26627 curveto
 closepath stroke
newpath 572.45067 313.03189 moveto
572.5057 312.96335 572.56584 312.89714 572.63115 312.83362 curveto
573.72026 311.77443 572.08842 310.47888 571.57 309.13 curveto
571.57 309.13 lineto
571.57 309.13 lineto
572.8904 309.7172 574.96037 309.47939 574.93922 310.99847 curveto
574.93797 311.08955 574.94226 311.1789 574.9518 311.26627 curveto
 closepath fill
 0 0.7 dtransform truncate idtransform setlinewidth pop
newpath 605.96 322.27 moveto
605.96 322.27 593.71 313.87 588.5 314.77 curveto
583.29 315.67 567.63 328.63 563.82 331.17 curveto
560.01 333.7 540.81 345.1 534.33 342.26 curveto
527.85 339.42 517.07 332.34 512.27 324.71 curveto
507.48 317.09 500.58 300.79 497.75 297.49 curveto
489.73 288.11 484.76 292.1 476.01 291.91 curveto
467.26 291.73 461.78 292.58 459.48 289.04 curveto
457.19 285.5 440.86 267.17 438.71 264.93 curveto
436.57 262.69 427.01 253.43 426.4 247.97 curveto
425.78 242.5 425.07 231.35 429 226.74 curveto
432.94 222.13 441.95 215.03 443.1 209.92 curveto
444.25 204.77 448.44 200.96 440.92 194.94 curveto
433.41 188.91 424.83 180.23 423.09 172.87 curveto
421.36 165.51 417.65 156.97 416.87 150.47 curveto
416.09 143.96 414.36 129.89 412.92 125.38 curveto
411.47 120.87 407.65 110.7 404.54 107.84 curveto
401.43 104.98 392.31 100.27 390.41 95.39 curveto
388.51 90.5 383.59 72.92 380.38 68.4 curveto
377.17 63.87 369.99 47.61 370.22 41.67 curveto
370.45 35.74 374.1 31.63 379.01 27.9 curveto
383.91 24.16 389.23 21.77 391.82 21.48 curveto
394.41 21.2 399.93 19.61 399.91 16.48 curveto
399.9 13.35 399.03 1.06 395.83 -0.78 curveto
392.62 -2.61 375.36 -12.58 368.95 -16.44 curveto
362.54 -20.3 351.66 -26.55 346.5 -30.03 curveto
341.34 -33.51 330.76 -36.87 323.7 -35.33 curveto
316.63 -33.79 308.88 -33.33 302.36 -35.86 curveto
295.85 -38.39 284.12 -43.59 280.17 -42.33 curveto
276.23 -41.07 271.95 -34.96 272.13 -26.73 curveto
272.19 -24.43 262.29 -11.77 257.51 -9.81 curveto
252.74 -7.85 244.25 -4.34 240.12 -4.39 curveto
235.98 -4.44 226.48 -9.29 223.03 -15.54 curveto
219.58 -21.8 209.29 -38.6 205.64 -40.95 curveto
202 -43.29 181.3 -44.52 173.33 -50.18 curveto
165.3 -55.87 155.64 -70.62 151.35 -81.31 curveto
147.06 -91.98 137.75 -104.54 133.15 -108.28 curveto
128.56 -112.02 113.82 -114.59 108.32 -116.61 curveto
102.82 -118.63 76.75 -127.33 72.36 -133.37 curveto
67.96 -139.42 61.52 -152.57 58.57 -157.72 curveto
55.63 -162.86 52.06 -169.36 50.03 -172.86 curveto
47.99 -176.37 46.22 -180.11 42.97 -178.05 curveto
39.72 -175.98 25.24 -168.88 20.58 -168.47 curveto
15.91 -168.07 6.07 -164.2 -2.13 -171.3 curveto
-10.35 -178.4 -9.5 -179.37 -13 -184.03 curveto
-16.5 -188.7 -19.6 -195.15 -24.03 -197.82 curveto
-28.46 -200.5 -46.86 -209.17 -51.77 -209.04 curveto
-56.68 -208.91 -68.63 -207.03 -69.79 -205.05 curveto
-70.95 -203.07 -71.82 -194.63 -73.23 -192.94 curveto
-74.64 -191.24 -82.15 -190.54 -86.58 -189.86 curveto
-91.02 -189.18 -98.01 -188.7 -102.87 -189.08 curveto
-107.74 -189.46 -114.34 -190.75 -116.25 -189.35 curveto
-118.16 -187.96 -121.33 -186.92 -122.24 -185.18 curveto
-123.15 -183.45 -122.45 -175.93 -124.55 -175.32 curveto stroke
newpath -406.91 -116.42 moveto
-407.38 -113.61 -412.85 -112.78 -416.02 -111.74 curveto
-419.19 -110.71 -425.61 -107.62 -429.31 -106.37 curveto
-433.01 -105.12 -443.01 -102.31 -448.77 -100.97 curveto
-454.54 -99.62 -466.17 -95.65 -469.51 -92.31 curveto
-472.86 -88.97 -473.87 -85.96 -476.51 -81.79 curveto
-479.15 -77.63 -487.08 -74.9 -490.61 -72.61 curveto
-494.13 -70.31 -502.45 -69.17 -505.28 -69.13 curveto
-508.12 -69.1 -513.39 -70.8 -515.28 -69.66 curveto
-517.17 -68.52 -513.96 -56.95 -513.96 -56.95 curveto stroke
newpath -542.52 -92.89 moveto
-542.52 -92.89 -540.56 -91.7 -539.29 -94.69 curveto
-538.03 -97.68 -535.85 -99.31 -534.15 -101.23 curveto
-532.46 -103.16 -529.42 -107.91 -525.62 -109.36 curveto
-521.83 -110.81 -514.9 -110.53 -511.56 -110.52 curveto
-508.21 -110.52 -498.87 -111.59 -495.68 -112.88 curveto
-492.49 -114.17 -483.17 -118.33 -479.8 -118.58 curveto
-476.44 -118.83 -459.23 -118.51 -455.06 -119.21 curveto
-450.89 -119.92 -441.58 -120.47 -437.58 -125.56 curveto
-433.58 -130.65 -433.19 -132.42 -429.78 -133.18 curveto
-426.38 -133.94 -423.78 -134.26 -423.78 -134.26 curveto
-423.78 -134.26 -435.76 -148.83 -439.14 -151.66 curveto
-442.52 -154.5 -457.08 -169.01 -459.95 -171.81 curveto
-462.82 -174.6 -478.67 -190.09 -482.59 -192.71 curveto
-486.5 -195.33 -496.67 -202.92 -499.57 -205.45 curveto
-502.47 -207.99 -504.62 -212.09 -507.01 -213.64 curveto
-509.39 -215.2 -521.76 -225.39 -526.21 -227.79 curveto
-530.67 -230.19 -543.59 -236.58 -548.38 -241.31 curveto
-553.18 -246.05 -564.28 -256.15 -569.02 -261.66 curveto
-573.76 -267.16 -581.76 -277.29 -584.53 -281.61 curveto
-587.3 -285.94 -587.98 -290.62 -588.59 -296.32 curveto
-589.2 -302.03 -590.6 -303.93 -590.7 -306 curveto
-590.81 -308.06 -589.07 -314.1 -589.98 -315.72 curveto
-590.89 -317.33 -597.79 -321.46 -599.92 -323.94 curveto
-602.06 -326.42 -608.45 -330.52 -608.75 -333.37 curveto stroke
newpath -598.25 -342.86 moveto
-598.25 -342.86 -592.37 -335.45 -588.97 -332.62 curveto
-585.58 -329.79 -577.09 -329.65 -575.62 -325.16 curveto
-574.15 -320.67 -576.05 -308.99 -574.83 -301.18 curveto
-573.61 -293.37 -568.07 -281.37 -564.35 -275.94 curveto
-560.63 -270.52 -551.27 -261.32 -546 -256.03 curveto
-540.72 -250.74 -533.74 -247.63 -528.28 -244.9 curveto
-522.82 -242.17 -508.89 -232.11 -504.84 -227.69 curveto
-500.8 -223.27 -479.76 -205.21 -474.7 -200.7 curveto
-469.64 -196.2 -452.8 -181.02 -449.95 -177.97 curveto
-447.1 -174.92 -433.32 -163.56 -430.24 -160.23 curveto
-427.15 -156.9 -416.07 -147.29 -415.49 -144.92 curveto
-414.9 -142.56 -408.93 -136.69 -407.3 -134.5 curveto
-405.67 -132.31 -400.84 -124.96 -399.36 -124.07 curveto stroke
newpath -399.36 -124.07 moveto
-399.36 -124.07 -386.57 -122.72 -382.19 -119.01 curveto
-377.82 -115.3 -371.66 -107.62 -369.8 -104.9 curveto
-367.94 -102.19 -361.57 -94.48 -360.54 -91.05 curveto
-359.52 -87.62 -355.43 -80.59 -352.79 -78.06 curveto
-350.15 -75.53 -343.57 -70.62 -341.86 -69.45 curveto
-340.14 -68.29 -337.67 -63.71 -336.31 -61.28 curveto
-334.95 -58.85 -329.69 -56.89 -326.1 -56.6 curveto
-322.52 -56.31 -314.81 -56.48 -312.71 -57.09 curveto
-310.61 -57.7 -308.71 -58.85 -309.43 -63.01 curveto
-310.16 -67.14 -316.15 -82.29 -315.31 -87.12 curveto
-314.47 -91.96 -314.78 -95.73 -305.41 -108.81 curveto
-299.09 -117.62 -291.99 -126.72 -287.81 -130.78 curveto
-283.63 -134.84 -272.01 -141.94 -269.25 -144.31 curveto
-266.49 -146.67 -263.54 -151.6 -260.62 -152.67 curveto
-257.71 -153.73 -251.22 -150.91 -248.27 -152.49 curveto
-245.31 -154.07 -242.91 -158.78 -242.34 -163.11 curveto
-241.78 -167.44 -240.78 -177.65 -237.44 -181 curveto
-234.1 -184.35 -225.92 -190.42 -218.17 -190.86 curveto
-210.42 -191.31 -197.76 -188.55 -194.1 -185.96 curveto
-190.43 -183.36 -183.22 -177.1 -180.88 -175.21 curveto
-178.54 -173.33 -171.63 -169.44 -166.47 -172.91 curveto
-161.3 -176.37 -148.89 -183.65 -148.1 -187.19 curveto
-147.31 -190.74 -144.39 -198.5 -140.45 -199.48 curveto
-136.51 -200.46 -132.37 -200.66 -129.75 -201.23 curveto
-127.13 -201.79 -127.22 -203.86 -125.14 -204.22 curveto
-123.05 -204.57 -116.7 -203.3 -113.08 -203.53 curveto
-109.45 -203.76 -102.82 -202.98 -99.52 -205.56 curveto
-96.23 -208.13 -88.94 -212.45 -84.91 -214.98 curveto
-80.92 -217.5 -76.76 -222.1 -73.97 -224.97 curveto
-71.17 -227.84 -67.28 -228.05 -62.42 -227.67 curveto
-60.1 -227.49 -57.51 -227.8 -57.51 -227.8 curveto stroke
newpath -526.42 -93.23 moveto
-525.77 -92.54 lineto
-526.01 -91.85 lineto
-524.87 -90.8 lineto
-523.92 -90.59 lineto
-523.56 -90.31 lineto
-523.22 -90.6 lineto
-522.23 -90.07 lineto
-522.23 -90.07 -520.12 -90.68 -519.42 -90.63 curveto
-518.72 -90.57 -516.54 -90.4 -516.54 -90.4 curveto
-513.24 -90.66 lineto
-511.61 -90.21 lineto
-508.51 -91.19 lineto
-506.74 -91.56 lineto
-505.92 -91.37 lineto
-504.68 -91.59 lineto
-504.11 -91.55 lineto
-503.11 -91.98 lineto
-500.25 -92.4 lineto
-499.09 -92.38 lineto
-498.47 -92.91 lineto
-497.64 -92.84 lineto
-496.82 -93.42 lineto
-496.82 -93.42 -491.91 -96.25 -490.31 -97.73 curveto
-488.71 -99.22 -487.46 -102.14 -487.13 -103.08 curveto
-486.8 -104.02 -488.04 -103.73 -488.04 -103.73 curveto
-488.04 -103.73 -491.5 -101.43 -492.39 -100.79 curveto
-493.27 -100.15 -497.01 -97.55 -498.93 -97.64 curveto
-500.86 -97.72 -506.04 -97.23 -507.93 -96.93 curveto
-509.82 -96.63 -515.04 -97.23 -516.75 -96.78 curveto
-518.46 -96.34 -521.07 -95.77 -522.21 -95.22 curveto
-523.35 -94.66 -524.81 -94.91 -525.35 -94.56 curveto
-525.89 -94.22 -526.42 -93.23 -526.42 -93.23 curveto closepath stroke
newpath 411.15 26.4 moveto
411.15 26.4 414.67 28.02 413.31 28.94 curveto
411.96 29.86 401.42 33.34 398.94 35.46 curveto
396.47 37.59 384.92 44.11 384.76 46.2 curveto
384.59 48.28 392.19 61.89 392.71 64.84 curveto
393.23 67.78 398.65 79.61 399.43 82.57 curveto
400.21 85.53 405.05 92.24 407.92 94.84 curveto
410.79 97.44 413.54 101.58 415.63 104.35 curveto
417.72 107.12 423.98 112.56 425.55 115.53 curveto
427.11 118.51 432.92 129.83 433.19 132.95 curveto
433.46 136.06 436.27 162.84 438.88 168.98 curveto
441.48 175.12 449.69 185.33 454.34 188.28 curveto
458.99 191.23 469.16 199.75 467.78 204.29 curveto
466.4 208.83 453.4 217.42 451.03 221.63 curveto
448.66 225.85 441.46 236.42 443.42 241.23 curveto
445.4 246.07 450.97 256.88 454.53 260.78 curveto
458.09 264.68 460.74 273.4 461.92 274.79 curveto
463.09 276.17 470.18 277.78 472.79 277.47 curveto
475.39 277.16 483.73 272.68 488.25 274.07 curveto
492.78 275.45 503.23 283.46 505.63 285.71 curveto
508.04 287.96 518.33 304.29 520.82 308.63 curveto
523.3 312.96 530.13 321.01 533.87 322.61 curveto
537.59 324.2 545.68 325.87 551.98 321.22 curveto
558.27 316.57 568.19 311.44 570.76 308.04 curveto
573.32 304.63 583.65 296.92 591.35 300.58 curveto
599.06 304.24 608.85 309.21 611.32 311.52 curveto stroke
newpath -186.33 -159.26 moveto
-186.33 -159.26 -190.59 -161.06 -191.92 -166.17 curveto
-193.01 -170.4 -199.5 -175.81 -204.87 -176.22 curveto
-210.24 -176.63 -221.55 -173.37 -223.48 -168.36 curveto
-225.4 -163.36 -229.35 -157.34 -232.5 -153.4 curveto
-235.64 -149.47 -245.72 -138.64 -248.97 -136.57 curveto
-252.22 -134.5 -255.89 -130.4 -258.35 -131.88 curveto
-260.81 -133.35 -264.91 -133.67 -268.3 -129.8 curveto
-271.69 -125.94 -279 -121.35 -280.79 -118.13 curveto
-282.58 -114.92 -291.64 -107.63 -293.16 -104.65 curveto
-294.68 -101.68 -300.96 -89.62 -299.85 -83.11 curveto
-298.73 -76.6 -295.59 -69.7 -294.44 -67.55 curveto
-293.3 -65.41 -292.51 -62.01 -292.55 -57.89 curveto
-292.59 -53.77 -293.19 -49.18 -296.43 -47.36 curveto
-299.67 -45.54 -306.78 -43.51 -311.43 -43.35 curveto
-316.08 -43.19 -324.37 -42.54 -327.34 -40.7 curveto
-330.32 -38.87 -333.29 -37.04 -335.45 -39.27 curveto
-337.6 -41.5 -339.04 -46.27 -340.69 -48.2 curveto
-342.35 -50.14 -347.98 -53.94 -351.15 -56.25 curveto
-354.33 -58.57 -362.8 -65.68 -365.33 -69.5 curveto
-367.87 -73.31 -376.29 -87.64 -378.4 -90.39 curveto
-380.51 -93.13 -384.73 -102.2 -390.82 -107.07 curveto
-396.93 -111.96 -403.2 -114.3 -406.91 -116.42 curveto stroke
newpath -136.08 -172.87 moveto
-136.08 -172.87 -148.8 -168.19 -151.8 -166.1 curveto
-154.79 -164.01 -161.43 -161.44 -164.35 -160.38 curveto
-167.26 -159.32 -177.06 -155.96 -179.3 -156.9 curveto stroke
newpath -53.35 -228.24 moveto
-53.35 -228.24 -47.01 -226.97 -44.01 -225.7 curveto
-41.02 -224.44 -30.24 -220.5 -26.77 -218.68 curveto
-23.3 -216.86 -9.73 -212.17 -8.08 -210.24 curveto
-6.43 -208.3 -2.92 -197.17 -1.64 -193.72 curveto
-0.37 -190.26 3.01 -184.05 6.23 -182.49 curveto
9.46 -180.94 12.79 -177.59 18.73 -180.98 curveto
24.66 -184.38 27.98 -190.55 30.68 -192.14 curveto
33.37 -193.73 41.23 -195.44 44.85 -195.68 curveto
48.47 -195.92 56.8 -197.09 57.59 -193.93 curveto
57.77 -193.18 60.99 -197.79 60.99 -197.79 curveto stroke
 0 0.24501 dtransform truncate idtransform setlinewidth pop
newpath -423.99998 -149.01 moveto
-421.20003 -149.01 lineto stroke
 0.24501 0 dtransform exch truncate exch idtransform pop setlinewidth
newpath -422.6 -150.40997 moveto
-422.6 -147.61002 lineto stroke
 0.00002 0.00018 0.00029 setrgbcolor
newpath -422.04 -149.01 moveto
-422.04 -148.86147 -422.099 -148.71904 -422.20403 -148.61401 curveto
-422.30905 -148.50899 -422.45148 -148.44998 -422.6 -148.44998 curveto
-422.74854 -148.44998 -422.89096 -148.50899 -422.99599 -148.61401 curveto
-423.10101 -148.71904 -423.16002 -148.86147 -423.16002 -149.01 curveto
-423.16002 -149.15852 -423.10101 -149.30095 -422.99599 -149.40598 curveto
-422.89096 -149.511 -422.74854 -149.57 -422.6 -149.57 curveto
-422.45148 -149.57 -422.30905 -149.511 -422.20403 -149.40598 curveto
-422.099 -149.30095 -422.04 -149.15852 -422.04 -149.01 curveto closepath fill
 0 0 0 setrgbcolor 0 0.35 dtransform truncate idtransform setlinewidth pop
newpath -422.6 -149.01 moveto 0 0 rlineto stroke
 0 0.24501 dtransform truncate idtransform setlinewidth pop
newpath -364.94998 -80.51 moveto
-362.15002 -80.51 lineto stroke
 0.24501 0 dtransform exch truncate exch idtransform pop setlinewidth
newpath -363.55 -81.90997 moveto
-363.55 -79.11002 lineto stroke
 0.00002 0.00018 0.00029 setrgbcolor
newpath -362.98999 -80.51 moveto
-362.98999 -80.36147 -363.049 -80.21904 -363.15402 -80.11401 curveto
-363.25905 -80.00899 -363.40147 -79.94998 -363.55 -79.94998 curveto
-363.69853 -79.94998 -363.84096 -80.00899 -363.94598 -80.11401 curveto
-364.05101 -80.21904 -364.11002 -80.36147 -364.11002 -80.51 curveto
-364.11002 -80.65852 -364.05101 -80.80095 -363.94598 -80.90598 curveto
-363.84096 -81.011 -363.69853 -81.07 -363.55 -81.07 curveto
-363.40147 -81.07 -363.25905 -81.011 -363.15402 -80.90598 curveto
-363.049 -80.80095 -362.98999 -80.65852 -362.98999 -80.51 curveto closepath
 fill
 0 0 0 setrgbcolor 0 0.35 dtransform truncate idtransform setlinewidth pop
newpath -363.55 -80.51 moveto 0 0 rlineto stroke
 0 0.24501 dtransform truncate idtransform setlinewidth pop
newpath -345.48997 -63.47 moveto
-342.69002 -63.47 lineto stroke
 0.24501 0 dtransform exch truncate exch idtransform pop setlinewidth
newpath -344.09 -64.86998 moveto
-344.09 -62.07002 lineto stroke
 0.00002 0.00018 0.00029 setrgbcolor
newpath -343.52998 -63.47 moveto
-343.52998 -63.32147 -343.58899 -63.17905 -343.69402 -63.07402 curveto
-343.79904 -62.969 -343.94147 -62.90999 -344.09 -62.90999 curveto
-344.23853 -62.90999 -344.38095 -62.969 -344.48598 -63.07402 curveto
-344.591 -63.17905 -344.65001 -63.32147 -344.65001 -63.47 curveto
-344.65001 -63.61853 -344.591 -63.76096 -344.48598 -63.86598 curveto
-344.38095 -63.97101 -344.23853 -64.03001 -344.09 -64.03001 curveto
-343.94147 -64.03001 -343.79904 -63.97101 -343.69402 -63.86598 curveto
-343.58899 -63.76096 -343.52998 -63.61853 -343.52998 -63.47 curveto closepath
 fill
 0 0 0 setrgbcolor 0 0.35 dtransform truncate idtransform setlinewidth pop
newpath -344.09 -63.47 moveto 0 0 rlineto stroke
 0 0.24501 dtransform truncate idtransform setlinewidth pop
newpath -323.03998 -42.84 moveto
-320.24002 -42.84 lineto stroke
 0.24501 0 dtransform exch truncate exch idtransform pop setlinewidth
newpath -321.64 -44.23997 moveto
-321.64 -41.44002 lineto stroke
 0.00002 0.00018 0.00029 setrgbcolor
newpath -321.07999 -42.84 moveto
-321.07999 -42.69147 -321.13899 -42.54904 -321.24402 -42.44402 curveto
-321.34904 -42.33899 -321.49147 -42.27998 -321.64 -42.27998 curveto
-321.78853 -42.27998 -321.93095 -42.33899 -322.03598 -42.44402 curveto
-322.141 -42.54904 -322.20001 -42.69147 -322.20001 -42.84 curveto
-322.20001 -42.98853 -322.141 -43.13095 -322.03598 -43.23598 curveto
-321.93095 -43.341 -321.78853 -43.40001 -321.64 -43.40001 curveto
-321.49147 -43.40001 -321.34904 -43.341 -321.24402 -43.23598 curveto
-321.13899 -43.13095 -321.07999 -42.98853 -321.07999 -42.84 curveto closepath
 fill
 0 0 0 setrgbcolor 0 0.35 dtransform truncate idtransform setlinewidth pop
newpath -321.64 -42.84 moveto 0 0 rlineto stroke
 0 0.24501 dtransform truncate idtransform setlinewidth pop
newpath -296.69998 -64.87 moveto
-293.90002 -64.87 lineto stroke
 0.24501 0 dtransform exch truncate exch idtransform pop setlinewidth
newpath -295.3 -66.26997 moveto
-295.3 -63.47002 lineto stroke
 0.00002 0.00018 0.00029 setrgbcolor
newpath -294.73999 -64.87 moveto
-294.73999 -64.72147 -294.799 -64.57904 -294.90402 -64.47401 curveto
-295.00905 -64.36899 -295.15147 -64.30998 -295.3 -64.30998 curveto
-295.44853 -64.30998 -295.59096 -64.36899 -295.69598 -64.47401 curveto
-295.80101 -64.57904 -295.86002 -64.72147 -295.86002 -64.87 curveto
-295.86002 -65.01852 -295.80101 -65.16095 -295.69598 -65.26598 curveto
-295.59096 -65.371 -295.44853 -65.43001 -295.3 -65.43001 curveto
-295.15147 -65.43001 -295.00905 -65.371 -294.90402 -65.26598 curveto
-294.799 -65.16095 -294.73999 -65.01852 -294.73999 -64.87 curveto closepath
 fill
 0 0 0 setrgbcolor 0 0.35 dtransform truncate idtransform setlinewidth pop
newpath -295.3 -64.87 moveto 0 0 rlineto stroke
 0 0.24501 dtransform truncate idtransform setlinewidth pop
newpath -312.49998 -95.62 moveto
-309.70003 -95.62 lineto stroke
 0.24501 0 dtransform exch truncate exch idtransform pop setlinewidth
newpath -311.1 -97.01997 moveto
-311.1 -94.22002 lineto stroke
 0.00002 0.00018 0.00029 setrgbcolor
newpath -310.54 -95.62 moveto
-310.54 -95.47147 -310.599 -95.32904 -310.70403 -95.22401 curveto
-310.80905 -95.11899 -310.95148 -95.05998 -311.1 -95.05998 curveto
-311.24854 -95.05998 -311.39096 -95.11899 -311.49599 -95.22401 curveto
-311.60101 -95.32904 -311.66002 -95.47147 -311.66002 -95.62 curveto
-311.66002 -95.76852 -311.60101 -95.91095 -311.49599 -96.01598 curveto
-311.39096 -96.121 -311.24854 -96.18001 -311.1 -96.18001 curveto
-310.95148 -96.18001 -310.80905 -96.121 -310.70403 -96.01598 curveto
-310.599 -95.91095 -310.54 -95.76852 -310.54 -95.62 curveto closepath fill
 0 0 0 setrgbcolor 0 0.35 dtransform truncate idtransform setlinewidth pop
newpath -311.1 -95.62 moveto 0 0 rlineto stroke
 0 0.24501 dtransform truncate idtransform setlinewidth pop
newpath -259.67998 -149.38 moveto
-256.88002 -149.38 lineto stroke
 0.24501 0 dtransform exch truncate exch idtransform pop setlinewidth
newpath -258.28 -150.77998 moveto
-258.28 -147.98003 lineto stroke
 0.00002 0.00018 0.00029 setrgbcolor
newpath -257.71999 -149.38 moveto
-257.71999 -149.23148 -257.77899 -149.08905 -257.88402 -148.98402 curveto
-257.98904 -148.879 -258.13147 -148.81999 -258.28 -148.81999 curveto
-258.42853 -148.81999 -258.57095 -148.879 -258.67598 -148.98402 curveto
-258.781 -149.08905 -258.84001 -149.23148 -258.84001 -149.38 curveto
-258.84001 -149.52853 -258.781 -149.67096 -258.67598 -149.77599 curveto
-258.57095 -149.88101 -258.42853 -149.94002 -258.28 -149.94002 curveto
-258.13147 -149.94002 -257.98904 -149.88101 -257.88402 -149.77599 curveto
-257.77899 -149.67096 -257.71999 -149.52853 -257.71999 -149.38 curveto
 closepath fill
 0 0 0 setrgbcolor 0 0.35 dtransform truncate idtransform setlinewidth pop
newpath -258.28 -149.38 moveto 0 0 rlineto stroke
 0 0.24501 dtransform truncate idtransform setlinewidth pop
newpath -224.50998 -174.94 moveto
-221.71002 -174.94 lineto stroke
 0.24501 0 dtransform exch truncate exch idtransform pop setlinewidth
newpath -223.11 -176.33998 moveto
-223.11 -173.54002 lineto stroke
 0.00002 0.00018 0.00029 setrgbcolor
newpath -222.54999 -174.94 moveto
-222.54999 -174.79147 -222.609 -174.64905 -222.71402 -174.54402 curveto
-222.81905 -174.439 -222.96147 -174.37999 -223.11 -174.37999 curveto
-223.25853 -174.37999 -223.40096 -174.439 -223.50598 -174.54402 curveto
-223.61101 -174.64905 -223.67001 -174.79147 -223.67001 -174.94 curveto
-223.67001 -175.08853 -223.61101 -175.23096 -223.50598 -175.33598 curveto
-223.40096 -175.44101 -223.25853 -175.50002 -223.11 -175.50002 curveto
-222.96147 -175.50002 -222.81905 -175.44101 -222.71402 -175.33598 curveto
-222.609 -175.23096 -222.54999 -175.08853 -222.54999 -174.94 curveto closepath
 fill
 0 0 0 setrgbcolor 0 0.35 dtransform truncate idtransform setlinewidth pop
newpath -223.11 -174.94 moveto 0 0 rlineto stroke
 0 0.24501 dtransform truncate idtransform setlinewidth pop
newpath -205.81998 -187.46 moveto
-203.02002 -187.46 lineto stroke
 0.24501 0 dtransform exch truncate exch idtransform pop setlinewidth
newpath -204.42 -188.85999 moveto
-204.42 -186.06003 lineto stroke
 0.00002 0.00018 0.00029 setrgbcolor
newpath -203.85999 -187.46 moveto
-203.85999 -187.31148 -203.91899 -187.16905 -204.02402 -187.06403 curveto
-204.12904 -186.959 -204.27147 -186.9 -204.42 -186.9 curveto
-204.56853 -186.9 -204.71095 -186.959 -204.81598 -187.06403 curveto
-204.921 -187.16905 -204.98001 -187.31148 -204.98001 -187.46 curveto
-204.98001 -187.60854 -204.921 -187.75096 -204.81598 -187.85599 curveto
-204.71095 -187.96101 -204.56853 -188.02002 -204.42 -188.02002 curveto
-204.27147 -188.02002 -204.12904 -187.96101 -204.02402 -187.85599 curveto
-203.91899 -187.75096 -203.85999 -187.60854 -203.85999 -187.46 curveto
 closepath fill
 0 0 0 setrgbcolor 0 0.35 dtransform truncate idtransform setlinewidth pop
newpath -204.42 -187.46 moveto 0 0 rlineto stroke
 0 0.24501 dtransform truncate idtransform setlinewidth pop
newpath -170.17998 -164.97 moveto
-167.38002 -164.97 lineto stroke
 0.24501 0 dtransform exch truncate exch idtransform pop setlinewidth
newpath -168.78 -166.36998 moveto
-168.78 -163.57002 lineto stroke
 0.00002 0.00018 0.00029 setrgbcolor
newpath -168.21999 -164.97 moveto
-168.21999 -164.82147 -168.27899 -164.67905 -168.38402 -164.57402 curveto
-168.48904 -164.469 -168.63147 -164.40999 -168.78 -164.40999 curveto
-168.92853 -164.40999 -169.07095 -164.469 -169.17598 -164.57402 curveto
-169.281 -164.67905 -169.34001 -164.82147 -169.34001 -164.97 curveto
-169.34001 -165.11853 -169.281 -165.26096 -169.17598 -165.36598 curveto
-169.07095 -165.47101 -168.92853 -165.53001 -168.78 -165.53001 curveto
-168.63147 -165.53001 -168.48904 -165.47101 -168.38402 -165.36598 curveto
-168.27899 -165.26096 -168.21999 -165.11853 -168.21999 -164.97 curveto
 closepath fill
 0 0 0 setrgbcolor 0 0.35 dtransform truncate idtransform setlinewidth pop
newpath -168.78 -164.97 moveto 0 0 rlineto stroke
 0 0.24501 dtransform truncate idtransform setlinewidth pop
newpath -127.08998 -191.63 moveto
-124.29002 -191.63 lineto stroke
 0.24501 0 dtransform exch truncate exch idtransform pop setlinewidth
newpath -125.69 -193.02998 moveto
-125.69 -190.23003 lineto stroke
 0.00002 0.00018 0.00029 setrgbcolor
newpath -125.12999 -191.63 moveto
-125.12999 -191.48148 -125.189 -191.33905 -125.29402 -191.23402 curveto
-125.39905 -191.129 -125.54147 -191.06999 -125.69 -191.06999 curveto
-125.83853 -191.06999 -125.98096 -191.129 -126.08598 -191.23402 curveto
-126.19101 -191.33905 -126.25002 -191.48148 -126.25002 -191.63 curveto
-126.25002 -191.77853 -126.19101 -191.92096 -126.08598 -192.02599 curveto
-125.98096 -192.13101 -125.83853 -192.19002 -125.69 -192.19002 curveto
-125.54147 -192.19002 -125.39905 -192.13101 -125.29402 -192.02599 curveto
-125.189 -191.92096 -125.12999 -191.77853 -125.12999 -191.63 curveto closepath
 fill
 0 0 0 setrgbcolor 0 0.35 dtransform truncate idtransform setlinewidth pop
newpath -125.69 -191.63 moveto 0 0 rlineto stroke
 0 0.24501 dtransform truncate idtransform setlinewidth pop
newpath -91.37997 -199.37 moveto
-88.58002 -199.37 lineto stroke
 0.24501 0 dtransform exch truncate exch idtransform pop setlinewidth
newpath -89.98 -200.76997 moveto
-89.98 -197.97002 lineto stroke
 0.00002 0.00018 0.00029 setrgbcolor
newpath -89.41998 -199.37 moveto
-89.41998 -199.22147 -89.47899 -199.07904 -89.58401 -198.97401 curveto
-89.68904 -198.86899 -89.83147 -198.80998 -89.98 -198.80998 curveto
-90.12852 -198.80998 -90.27095 -198.86899 -90.37598 -198.97401 curveto
-90.481 -199.07904 -90.54001 -199.22147 -90.54001 -199.37 curveto
-90.54001 -199.51852 -90.481 -199.66095 -90.37598 -199.76598 curveto
-90.27095 -199.871 -90.12852 -199.93001 -89.98 -199.93001 curveto
-89.83147 -199.93001 -89.68904 -199.871 -89.58401 -199.76598 curveto
-89.47899 -199.66095 -89.41998 -199.51852 -89.41998 -199.37 curveto closepath
 fill
 0 0 0 setrgbcolor 0 0.35 dtransform truncate idtransform setlinewidth pop
newpath -89.98 -199.37 moveto 0 0 rlineto stroke
 0 0.24501 dtransform truncate idtransform setlinewidth pop
newpath -64.68997 -223.54 moveto
-61.89001 -223.54 lineto stroke
 0.24501 0 dtransform exch truncate exch idtransform pop setlinewidth
newpath -63.29 -224.93997 moveto
-63.29 -222.14001 lineto stroke
 0.00002 0.00018 0.00029 setrgbcolor
newpath -62.72998 -223.54 moveto
-62.72998 -223.39146 -62.78899 -223.24904 -62.89401 -223.14401 curveto
-62.99904 -223.03899 -63.14146 -222.97998 -63.29 -222.97998 curveto
-63.43852 -222.97998 -63.58095 -223.03899 -63.68597 -223.14401 curveto
-63.791 -223.24904 -63.85 -223.39146 -63.85 -223.54 curveto
-63.85 -223.68852 -63.791 -223.83095 -63.68597 -223.93597 curveto
-63.58095 -224.041 -63.43852 -224.1 -63.29 -224.1 curveto
-63.14146 -224.1 -62.99904 -224.041 -62.89401 -223.93597 curveto
-62.78899 -223.83095 -62.72998 -223.68852 -62.72998 -223.54 curveto closepath
 fill
 0 0 0 setrgbcolor 0 0.35 dtransform truncate idtransform setlinewidth pop
newpath -63.29 -223.54 moveto 0 0 rlineto stroke
 0 0.24501 dtransform truncate idtransform setlinewidth pop
newpath -39.41998 -217.62 moveto
-36.62003 -217.62 lineto stroke
 0.24501 0 dtransform exch truncate exch idtransform pop setlinewidth
newpath -38.02 -219.01997 moveto
-38.02 -216.22002 lineto stroke
 0.00002 0.00018 0.00029 setrgbcolor
newpath -37.45999 -217.62 moveto
-37.45999 -217.47147 -37.519 -217.32904 -37.62402 -217.22401 curveto
-37.72905 -217.11899 -37.87148 -217.05998 -38.02 -217.05998 curveto
-38.16853 -217.05998 -38.31096 -217.11899 -38.41599 -217.22401 curveto
-38.52101 -217.32904 -38.58002 -217.47147 -38.58002 -217.62 curveto
-38.58002 -217.76852 -38.52101 -217.91095 -38.41599 -218.01598 curveto
-38.31096 -218.121 -38.16853 -218.18001 -38.02 -218.18001 curveto
-37.87148 -218.18001 -37.72905 -218.121 -37.62402 -218.01598 curveto
-37.519 -217.91095 -37.45999 -217.76852 -37.45999 -217.62 curveto closepath
 fill
 0 0 0 setrgbcolor 0 0.35 dtransform truncate idtransform setlinewidth pop
newpath -38.02 -217.62 moveto 0 0 rlineto stroke
 0 0.24501 dtransform truncate idtransform setlinewidth pop
newpath -19.49998 -203.26 moveto
-16.70003 -203.26 lineto stroke
 0.24501 0 dtransform exch truncate exch idtransform pop setlinewidth
newpath -18.1 -204.65997 moveto
-18.1 -201.86002 lineto stroke
 0.00002 0.00018 0.00029 setrgbcolor
newpath -17.54 -203.26 moveto
-17.54 -203.11147 -17.599 -202.96904 -17.70403 -202.86401 curveto
-17.80905 -202.75899 -17.95148 -202.69998 -18.1 -202.69998 curveto
-18.24854 -202.69998 -18.39096 -202.75899 -18.49599 -202.86401 curveto
-18.60101 -202.96904 -18.66002 -203.11147 -18.66002 -203.26 curveto
-18.66002 -203.40852 -18.60101 -203.55095 -18.49599 -203.65598 curveto
-18.39096 -203.761 -18.24854 -203.82 -18.1 -203.82 curveto
-17.95148 -203.82 -17.80905 -203.761 -17.70403 -203.65598 curveto
-17.599 -203.55095 -17.54 -203.40852 -17.54 -203.26 curveto closepath fill
 0 0 0 setrgbcolor 0 0.35 dtransform truncate idtransform setlinewidth pop
newpath -18.1 -203.26 moveto 0 0 rlineto stroke
 0 0.24501 dtransform truncate idtransform setlinewidth pop
newpath 0.30002 -173.75 moveto
3.09998 -173.75 lineto stroke
 0.24501 0 dtransform exch truncate exch idtransform pop setlinewidth
newpath 1.7 -175.14998 moveto
1.7 -172.35002 lineto stroke
 0.00002 0.00018 0.00029 setrgbcolor
newpath 2.26001 -173.75 moveto
2.26001 -173.60147 2.201 -173.45905 2.09598 -173.35402 curveto
1.99095 -173.249 1.84853 -173.18999 1.7 -173.18999 curveto
1.55147 -173.18999 1.40904 -173.249 1.30402 -173.35402 curveto
1.19899 -173.45905 1.13998 -173.60147 1.13998 -173.75 curveto
1.13998 -173.89853 1.19899 -174.04095 1.30402 -174.14598 curveto
1.40904 -174.251 1.55147 -174.31001 1.7 -174.31001 curveto
1.84853 -174.31001 1.99095 -174.251 2.09598 -174.14598 curveto
2.201 -174.04095 2.26001 -173.89853 2.26001 -173.75 curveto closepath fill
 0 0 0 setrgbcolor 0 0.35 dtransform truncate idtransform setlinewidth pop
newpath 1.7 -173.75 moveto 0 0 rlineto stroke
 0 0.24501 dtransform truncate idtransform setlinewidth pop
newpath 38.76003 -178.28 moveto
41.55998 -178.28 lineto stroke
 0.24501 0 dtransform exch truncate exch idtransform pop setlinewidth
newpath 40.16 -179.67998 moveto
40.16 -176.88002 lineto stroke
 0.00002 0.00018 0.00029 setrgbcolor
newpath 40.72002 -178.28 moveto
40.72002 -178.13147 40.66101 -177.98904 40.55598 -177.88402 curveto
40.45096 -177.77899 40.30853 -177.71999 40.16 -177.71999 curveto
40.01147 -177.71999 39.86905 -177.77899 39.76402 -177.88402 curveto
39.659 -177.98904 39.59999 -178.13147 39.59999 -178.28 curveto
39.59999 -178.42853 39.659 -178.57095 39.76402 -178.67598 curveto
39.86905 -178.781 40.01147 -178.84001 40.16 -178.84001 curveto
40.30853 -178.84001 40.45096 -178.781 40.55598 -178.67598 curveto
40.66101 -178.57095 40.72002 -178.42853 40.72002 -178.28 curveto closepath fill
 0 0 0 setrgbcolor 0 0.35 dtransform truncate idtransform setlinewidth pop
newpath 40.16 -178.28 moveto 0 0 rlineto stroke
 0 0.24501 dtransform truncate idtransform setlinewidth pop
newpath 59.83002 -185.13 moveto
62.62997 -185.13 lineto stroke
 0.24501 0 dtransform exch truncate exch idtransform pop setlinewidth
newpath 61.23 -186.52998 moveto
61.23 -183.73003 lineto stroke
 0.00002 0.00018 0.00029 setrgbcolor
newpath 61.79001 -185.13 moveto
61.79001 -184.98148 61.731 -184.83905 61.62598 -184.73402 curveto
61.52095 -184.629 61.37852 -184.56999 61.23 -184.56999 curveto
61.08147 -184.56999 60.93904 -184.629 60.83401 -184.73402 curveto
60.72899 -184.83905 60.66998 -184.98148 60.66998 -185.13 curveto
60.66998 -185.27853 60.72899 -185.42096 60.83401 -185.52599 curveto
60.93904 -185.63101 61.08147 -185.69002 61.23 -185.69002 curveto
61.37852 -185.69002 61.52095 -185.63101 61.62598 -185.52599 curveto
61.731 -185.42096 61.79001 -185.27853 61.79001 -185.13 curveto closepath fill
 0 0 0 setrgbcolor 0 0.35 dtransform truncate idtransform setlinewidth pop
newpath 61.23 -185.13 moveto 0 0 rlineto stroke
 0 0.24501 dtransform truncate idtransform setlinewidth pop
newpath 71.98003 -138.88 moveto
74.77998 -138.88 lineto stroke
 0.24501 0 dtransform exch truncate exch idtransform pop setlinewidth
newpath 73.38 -140.27998 moveto
73.38 -137.48003 lineto stroke
 0.00002 0.00018 0.00029 setrgbcolor
newpath 73.94002 -138.88 moveto
73.94002 -138.73148 73.88101 -138.58905 73.77599 -138.48402 curveto
73.67096 -138.379 73.52853 -138.31999 73.38 -138.31999 curveto
73.23148 -138.31999 73.08905 -138.379 72.98402 -138.48402 curveto
72.879 -138.58905 72.81999 -138.73148 72.81999 -138.88 curveto
72.81999 -139.02853 72.879 -139.17096 72.98402 -139.27599 curveto
73.08905 -139.38101 73.23148 -139.44002 73.38 -139.44002 curveto
73.52853 -139.44002 73.67096 -139.38101 73.77599 -139.27599 curveto
73.88101 -139.17096 73.94002 -139.02853 73.94002 -138.88 curveto closepath fill
 0 0 0 setrgbcolor 0 0.35 dtransform truncate idtransform setlinewidth pop
newpath 73.38 -138.88 moveto 0 0 rlineto stroke
 0 0.24501 dtransform truncate idtransform setlinewidth pop
newpath 133.20003 -109.32 moveto
135.99998 -109.32 lineto stroke
 0.24501 0 dtransform exch truncate exch idtransform pop setlinewidth
newpath 134.6 -110.71999 moveto
134.6 -107.92003 lineto stroke
 0.00002 0.00018 0.00029 setrgbcolor
newpath 135.16002 -109.32 moveto
135.16002 -109.17148 135.10101 -109.02905 134.99599 -108.92403 curveto
134.89096 -108.819 134.74854 -108.76 134.6 -108.76 curveto
134.45148 -108.76 134.30905 -108.819 134.20403 -108.92403 curveto
134.099 -109.02905 134.04 -109.17148 134.04 -109.32 curveto
134.04 -109.46854 134.099 -109.61096 134.20403 -109.71599 curveto
134.30905 -109.82101 134.45148 -109.88002 134.6 -109.88002 curveto
134.74854 -109.88002 134.89096 -109.82101 134.99599 -109.71599 curveto
135.10101 -109.61096 135.16002 -109.46854 135.16002 -109.32 curveto closepath
 fill
 0 0 0 setrgbcolor 0 0.35 dtransform truncate idtransform setlinewidth pop
newpath 134.6 -109.32 moveto 0 0 rlineto stroke
 0 0.24501 dtransform truncate idtransform setlinewidth pop
newpath 156.24002 -100.23 moveto
159.03998 -100.23 lineto stroke
 0.24501 0 dtransform exch truncate exch idtransform pop setlinewidth
newpath 157.64 -101.62997 moveto
157.64 -98.83002 lineto stroke
 0.00002 0.00018 0.00029 setrgbcolor
newpath 158.20001 -100.23 moveto
158.20001 -100.08147 158.141 -99.93904 158.03598 -99.83401 curveto
157.93095 -99.72899 157.78853 -99.66998 157.64 -99.66998 curveto
157.49147 -99.66998 157.34904 -99.72899 157.24402 -99.83401 curveto
157.13899 -99.93904 157.07999 -100.08147 157.07999 -100.23 curveto
157.07999 -100.37852 157.13899 -100.52095 157.24402 -100.62598 curveto
157.34904 -100.731 157.49147 -100.79001 157.64 -100.79001 curveto
157.78853 -100.79001 157.93095 -100.731 158.03598 -100.62598 curveto
158.141 -100.52095 158.20001 -100.37852 158.20001 -100.23 curveto closepath
 fill
 0 0 0 setrgbcolor 0 0.35 dtransform truncate idtransform setlinewidth pop
newpath 157.64 -100.23 moveto 0 0 rlineto stroke
 0 0.24501 dtransform truncate idtransform setlinewidth pop
newpath 171.93002 -50.18 moveto
174.72998 -50.18 lineto stroke
 0.24501 0 dtransform exch truncate exch idtransform pop setlinewidth
newpath 173.33 -51.57997 moveto
173.33 -48.78001 lineto stroke
 0.00002 0.00018 0.00029 setrgbcolor
newpath 173.89001 -50.18 moveto
173.89001 -50.03146 173.83101 -49.88904 173.72598 -49.78401 curveto
173.62096 -49.67899 173.47853 -49.61998 173.33 -49.61998 curveto
173.18147 -49.61998 173.03905 -49.67899 172.93402 -49.78401 curveto
172.829 -49.88904 172.76999 -50.03146 172.76999 -50.18 curveto
172.76999 -50.32852 172.829 -50.47095 172.93402 -50.57597 curveto
173.03905 -50.681 173.18147 -50.74 173.33 -50.74 curveto
173.47853 -50.74 173.62096 -50.681 173.72598 -50.57597 curveto
173.83101 -50.47095 173.89001 -50.32852 173.89001 -50.18 curveto closepath fill
 0 0 0 setrgbcolor 0 0.35 dtransform truncate idtransform setlinewidth pop
newpath 173.33 -50.18 moveto 0 0 rlineto stroke
 0 0.24501 dtransform truncate idtransform setlinewidth pop
newpath 218.82002 -47.51 moveto
221.61998 -47.51 lineto stroke
 0.24501 0 dtransform exch truncate exch idtransform pop setlinewidth
newpath 220.22 -48.90997 moveto
220.22 -46.11002 lineto stroke
 0.00002 0.00018 0.00029 setrgbcolor
newpath 220.78001 -47.51 moveto
220.78001 -47.36147 220.72101 -47.21904 220.61598 -47.11401 curveto
220.51096 -47.00899 220.36853 -46.94998 220.22 -46.94998 curveto
220.07147 -46.94998 219.92905 -47.00899 219.82402 -47.11401 curveto
219.719 -47.21904 219.65999 -47.36147 219.65999 -47.51 curveto
219.65999 -47.65852 219.719 -47.80095 219.82402 -47.90598 curveto
219.92905 -48.011 220.07147 -48.07 220.22 -48.07 curveto
220.36853 -48.07 220.51096 -48.011 220.61598 -47.90598 curveto
220.72101 -47.80095 220.78001 -47.65852 220.78001 -47.51 curveto closepath fill
 0 0 0 setrgbcolor 0 0.35 dtransform truncate idtransform setlinewidth pop
newpath 220.22 -47.51 moveto 0 0 rlineto stroke
 0 0.24501 dtransform truncate idtransform setlinewidth pop
newpath 238.05002 -8.92 moveto
240.84998 -8.92 lineto stroke
 0.24501 0 dtransform exch truncate exch idtransform pop setlinewidth
newpath 239.45 -10.31998 moveto
239.45 -7.52002 lineto stroke
 0.00002 0.00018 0.00029 setrgbcolor
newpath 240.01001 -8.92 moveto
240.01001 -8.77147 239.951 -8.62904 239.84598 -8.52402 curveto
239.74095 -8.41899 239.59853 -8.35999 239.45 -8.35999 curveto
239.30147 -8.35999 239.15904 -8.41899 239.05402 -8.52402 curveto
238.94899 -8.62904 238.88998 -8.77147 238.88998 -8.92 curveto
238.88998 -9.06853 238.94899 -9.21095 239.05402 -9.31598 curveto
239.15904 -9.421 239.30147 -9.48001 239.45 -9.48001 curveto
239.59853 -9.48001 239.74095 -9.421 239.84598 -9.31598 curveto
239.951 -9.21095 240.01001 -9.06853 240.01001 -8.92 curveto closepath fill
 0 0 0 setrgbcolor 0 0.35 dtransform truncate idtransform setlinewidth pop
newpath 239.45 -8.92 moveto 0 0 rlineto stroke
 0 0.24501 dtransform truncate idtransform setlinewidth pop
newpath 267.85002 -22.32 moveto
270.64998 -22.32 lineto stroke
 0.24501 0 dtransform exch truncate exch idtransform pop setlinewidth
newpath 269.25 -23.71999 moveto
269.25 -20.92003 lineto stroke
 0.00002 0.00018 0.00029 setrgbcolor
newpath 269.81001 -22.32 moveto
269.81001 -22.17148 269.751 -22.02905 269.64598 -21.92403 curveto
269.54095 -21.819 269.39853 -21.76 269.25 -21.76 curveto
269.10147 -21.76 268.95905 -21.819 268.85402 -21.92403 curveto
268.749 -22.02905 268.68999 -22.17148 268.68999 -22.32 curveto
268.68999 -22.46854 268.749 -22.61096 268.85402 -22.71599 curveto
268.95905 -22.82101 269.10147 -22.88002 269.25 -22.88002 curveto
269.39853 -22.88002 269.54095 -22.82101 269.64598 -22.71599 curveto
269.751 -22.61096 269.81001 -22.46854 269.81001 -22.32 curveto closepath fill
 0 0 0 setrgbcolor 0 0.35 dtransform truncate idtransform setlinewidth pop
newpath 269.25 -22.32 moveto 0 0 rlineto stroke
 0 0.24501 dtransform truncate idtransform setlinewidth pop
newpath 269.81003 -51.11 moveto
272.60999 -51.11 lineto stroke
 0.24501 0 dtransform exch truncate exch idtransform pop setlinewidth
newpath 271.21 -52.50998 moveto
271.21 -49.71002 lineto stroke
 0.00002 0.00018 0.00029 setrgbcolor
newpath 271.77002 -51.11 moveto
271.77002 -50.96147 271.71101 -50.81905 271.60599 -50.71402 curveto
271.50096 -50.609 271.35854 -50.54999 271.21 -50.54999 curveto
271.06148 -50.54999 270.91905 -50.609 270.81403 -50.71402 curveto
270.709 -50.81905 270.65 -50.96147 270.65 -51.11 curveto
270.65 -51.25853 270.709 -51.40096 270.81403 -51.50598 curveto
270.91905 -51.61101 271.06148 -51.67001 271.21 -51.67001 curveto
271.35854 -51.67001 271.50096 -51.61101 271.60599 -51.50598 curveto
271.71101 -51.40096 271.77002 -51.25853 271.77002 -51.11 curveto closepath fill
 0 0 0 setrgbcolor 0 0.35 dtransform truncate idtransform setlinewidth pop
newpath 271.21 -51.11 moveto 0 0 rlineto stroke
 0 0.24501 dtransform truncate idtransform setlinewidth pop
newpath 432.12003 187.17 moveto
434.91998 187.17 lineto stroke
 0.24501 0 dtransform exch truncate exch idtransform pop setlinewidth
newpath 433.52 185.77002 moveto
433.52 188.56998 lineto stroke
 0.00002 0.00018 0.00029 setrgbcolor
newpath 434.08002 187.17 moveto
434.08002 187.31853 434.02101 187.46095 433.91599 187.56598 curveto
433.81096 187.671 433.66853 187.73001 433.52 187.73001 curveto
433.37148 187.73001 433.22905 187.671 433.12402 187.56598 curveto
433.019 187.46095 432.95999 187.31853 432.95999 187.17 curveto
432.95999 187.02147 433.019 186.87904 433.12402 186.77402 curveto
433.22905 186.66899 433.37148 186.60999 433.52 186.60999 curveto
433.66853 186.60999 433.81096 186.66899 433.91599 186.77402 curveto
434.02101 186.87904 434.08002 187.02147 434.08002 187.17 curveto closepath fill
 0 0 0 setrgbcolor 0 0.35 dtransform truncate idtransform setlinewidth pop
newpath 433.52 187.17 moveto 0 0 rlineto stroke
 0 0.24501 dtransform truncate idtransform setlinewidth pop
newpath 458.88002 204.54 moveto
461.67998 204.54 lineto stroke
 0.24501 0 dtransform exch truncate exch idtransform pop setlinewidth
newpath 460.28 203.14001 moveto
460.28 205.93997 lineto stroke
 0.00002 0.00018 0.00029 setrgbcolor
newpath 460.84001 204.54 moveto
460.84001 204.68852 460.781 204.83095 460.67598 204.93597 curveto
460.57095 205.041 460.42853 205.1 460.28 205.1 curveto
460.13147 205.1 459.98904 205.041 459.88402 204.93597 curveto
459.77899 204.83095 459.71999 204.68852 459.71999 204.54 curveto
459.71999 204.39146 459.77899 204.24904 459.88402 204.14401 curveto
459.98904 204.03899 460.13147 203.97998 460.28 203.97998 curveto
460.42853 203.97998 460.57095 204.03899 460.67598 204.14401 curveto
460.781 204.24904 460.84001 204.39146 460.84001 204.54 curveto closepath fill
 0 0 0 setrgbcolor 0 0.35 dtransform truncate idtransform setlinewidth pop
newpath 460.28 204.54 moveto 0 0 rlineto stroke
 0 0.24501 dtransform truncate idtransform setlinewidth pop
newpath 430.28001 245.25 moveto
433.07997 245.25 lineto stroke
 0.24501 0 dtransform exch truncate exch idtransform pop setlinewidth
newpath 431.68 243.85002 moveto
431.68 246.64998 lineto stroke
 0.00002 0.00018 0.00029 setrgbcolor
newpath 432.24 245.25 moveto
432.24 245.39853 432.181 245.54095 432.07597 245.64598 curveto
431.97095 245.751 431.82852 245.81001 431.68 245.81001 curveto
431.53146 245.81001 431.38904 245.751 431.28401 245.64598 curveto
431.17899 245.54095 431.11998 245.39853 431.11998 245.25 curveto
431.11998 245.10147 431.17899 244.95905 431.28401 244.85402 curveto
431.38904 244.749 431.53146 244.68999 431.68 244.68999 curveto
431.82852 244.68999 431.97095 244.749 432.07597 244.85402 curveto
432.181 244.95905 432.24 245.10147 432.24 245.25 curveto closepath fill
 0 0 0 setrgbcolor 0 0.35 dtransform truncate idtransform setlinewidth pop
newpath 431.68 245.25 moveto 0 0 rlineto stroke
 0 0.24501 dtransform truncate idtransform setlinewidth pop
newpath 453.37003 271.99 moveto
456.16998 271.99 lineto stroke
 0.24501 0 dtransform exch truncate exch idtransform pop setlinewidth
newpath 454.77 270.59003 moveto
454.77 273.38998 lineto stroke
 0.00002 0.00018 0.00029 setrgbcolor
newpath 455.33002 271.99 moveto
455.33002 272.13853 455.27101 272.28096 455.16599 272.38599 curveto
455.06096 272.49101 454.91853 272.55002 454.77 272.55002 curveto
454.62148 272.55002 454.47905 272.49101 454.37402 272.38599 curveto
454.269 272.28096 454.20999 272.13853 454.20999 271.99 curveto
454.20999 271.84148 454.269 271.69905 454.37402 271.59402 curveto
454.47905 271.489 454.62148 271.43 454.77 271.43 curveto
454.91853 271.43 455.06096 271.489 455.16599 271.59402 curveto
455.27101 271.69905 455.33002 271.84148 455.33002 271.99 curveto closepath fill
 0 0 0 setrgbcolor 0 0.35 dtransform truncate idtransform setlinewidth pop
newpath 454.77 271.99 moveto 0 0 rlineto stroke
 0 0.24501 dtransform truncate idtransform setlinewidth pop
newpath 484.50002 289.7 moveto
487.29997 289.7 lineto stroke
 0.24501 0 dtransform exch truncate exch idtransform pop setlinewidth
newpath 485.9 288.30002 moveto
485.9 291.09998 lineto stroke
 0.00002 0.00018 0.00029 setrgbcolor
newpath 486.46 289.7 moveto
486.46 289.84853 486.401 289.99095 486.29597 290.09598 curveto
486.19095 290.201 486.04852 290.26001 485.9 290.26001 curveto
485.75146 290.26001 485.60904 290.201 485.50401 290.09598 curveto
485.39899 289.99095 485.33998 289.84853 485.33998 289.7 curveto
485.33998 289.55147 485.39899 289.40904 485.50401 289.30402 curveto
485.60904 289.19899 485.75146 289.13998 485.9 289.13998 curveto
486.04852 289.13998 486.19095 289.19899 486.29597 289.30402 curveto
486.401 289.40904 486.46 289.55147 486.46 289.7 curveto closepath fill
 0 0 0 setrgbcolor 0 0.35 dtransform truncate idtransform setlinewidth pop
newpath 485.9 289.7 moveto 0 0 rlineto stroke
 0 0.24501 dtransform truncate idtransform setlinewidth pop
newpath 507.80002 293.42 moveto
510.59998 293.42 lineto stroke
 0.24501 0 dtransform exch truncate exch idtransform pop setlinewidth
newpath 509.2 292.02002 moveto
509.2 294.81998 lineto stroke
 0.00002 0.00018 0.00029 setrgbcolor
newpath 509.76001 293.42 moveto
509.76001 293.56853 509.701 293.71095 509.59598 293.81598 curveto
509.49095 293.921 509.34853 293.98001 509.2 293.98001 curveto
509.05147 293.98001 508.90904 293.921 508.80402 293.81598 curveto
508.69899 293.71095 508.63998 293.56853 508.63998 293.42 curveto
508.63998 293.27147 508.69899 293.12904 508.80402 293.02402 curveto
508.90904 292.91899 509.05147 292.85999 509.2 292.85999 curveto
509.34853 292.85999 509.49095 292.91899 509.59598 293.02402 curveto
509.701 293.12904 509.76001 293.27147 509.76001 293.42 curveto closepath fill
 0 0 0 setrgbcolor 0 0.35 dtransform truncate idtransform setlinewidth pop
newpath 509.2 293.42 moveto 0 0 rlineto stroke
 0 0.24501 dtransform truncate idtransform setlinewidth pop
newpath 529.99002 337.16 moveto
532.78998 337.16 lineto stroke
 0.24501 0 dtransform exch truncate exch idtransform pop setlinewidth
newpath 531.39 335.76003 moveto
531.39 338.55998 lineto stroke
 0.00002 0.00018 0.00029 setrgbcolor
newpath 531.95001 337.16 moveto
531.95001 337.30853 531.891 337.45096 531.78598 337.55598 curveto
531.68095 337.66101 531.53853 337.72002 531.39 337.72002 curveto
531.24147 337.72002 531.09904 337.66101 530.99402 337.55598 curveto
530.88899 337.45096 530.82999 337.30853 530.82999 337.16 curveto
530.82999 337.01147 530.88899 336.86905 530.99402 336.76402 curveto
531.09904 336.659 531.24147 336.59999 531.39 336.59999 curveto
531.53853 336.59999 531.68095 336.659 531.78598 336.76402 curveto
531.891 336.86905 531.95001 337.01147 531.95001 337.16 curveto closepath fill
 0 0 0 setrgbcolor 0 0.35 dtransform truncate idtransform setlinewidth pop
newpath 531.39 337.16 moveto 0 0 rlineto stroke
 0 0.24501 dtransform truncate idtransform setlinewidth pop
newpath 572.47002 322.48 moveto
575.26997 322.48 lineto stroke
 0.24501 0 dtransform exch truncate exch idtransform pop setlinewidth
newpath 573.87 321.08002 moveto
573.87 323.87997 lineto stroke
 0.00002 0.00018 0.00029 setrgbcolor
newpath 574.43001 322.48 moveto
574.43001 322.62852 574.371 322.77095 574.26598 322.87598 curveto
574.16095 322.981 574.01852 323.04001 573.87 323.04001 curveto
573.72147 323.04001 573.57904 322.981 573.47401 322.87598 curveto
573.36899 322.77095 573.30998 322.62852 573.30998 322.48 curveto
573.30998 322.33147 573.36899 322.18904 573.47401 322.08401 curveto
573.57904 321.97899 573.72147 321.91998 573.87 321.91998 curveto
574.01852 321.91998 574.16095 321.97899 574.26598 322.08401 curveto
574.371 322.18904 574.43001 322.33147 574.43001 322.48 curveto closepath fill
 0 0 0 setrgbcolor 0 0.35 dtransform truncate idtransform setlinewidth pop
newpath 573.87 322.48 moveto 0 0 rlineto stroke
 0 0.24501 dtransform truncate idtransform setlinewidth pop
newpath -538.78998 -75.49 moveto
-535.99002 -75.49 lineto stroke
 0.24501 0 dtransform exch truncate exch idtransform pop setlinewidth
newpath -537.39 -76.88998 moveto
-537.39 -74.09003 lineto stroke
 0.00002 0.00018 0.00029 setrgbcolor
newpath -536.82999 -75.49 moveto
-536.82999 -75.34148 -536.88899 -75.19905 -536.99402 -75.09402 curveto
-537.09904 -74.989 -537.24147 -74.93 -537.39 -74.93 curveto
-537.53853 -74.93 -537.68095 -74.989 -537.78598 -75.09402 curveto
-537.891 -75.19905 -537.95001 -75.34148 -537.95001 -75.49 curveto
-537.95001 -75.63853 -537.891 -75.78096 -537.78598 -75.88599 curveto
-537.68095 -75.99101 -537.53853 -76.05002 -537.39 -76.05002 curveto
-537.24147 -76.05002 -537.09904 -75.99101 -536.99402 -75.88599 curveto
-536.88899 -75.78096 -536.82999 -75.63853 -536.82999 -75.49 curveto closepath
 fill
 0 0 0 setrgbcolor 0 0.35 dtransform truncate idtransform setlinewidth pop
newpath -537.39 -75.49 moveto 0 0 rlineto stroke
 0 0.24501 dtransform truncate idtransform setlinewidth pop
newpath 588.47002 303.86 moveto
591.26997 303.86 lineto stroke
 0.24501 0 dtransform exch truncate exch idtransform pop setlinewidth
newpath 589.87 302.46002 moveto
589.87 305.25998 lineto stroke
 0.00002 0.00018 0.00029 setrgbcolor
newpath 590.43001 303.86 moveto
590.43001 304.00853 590.371 304.15096 590.26598 304.25598 curveto
590.16095 304.36101 590.01852 304.42001 589.87 304.42001 curveto
589.72147 304.42001 589.57904 304.36101 589.47401 304.25598 curveto
589.36899 304.15096 589.30998 304.00853 589.30998 303.86 curveto
589.30998 303.71147 589.36899 303.56905 589.47401 303.46402 curveto
589.57904 303.359 589.72147 303.29999 589.87 303.29999 curveto
590.01852 303.29999 590.16095 303.359 590.26598 303.46402 curveto
590.371 303.56905 590.43001 303.71147 590.43001 303.86 curveto closepath fill
 0 0 0 setrgbcolor 0 0.35 dtransform truncate idtransform setlinewidth pop
newpath 589.87 303.86 moveto 0 0 rlineto stroke
showpage
%%EOF
