%!PS
%%BoundingBox: -45 -61 49 61 
%%HiResBoundingBox: -44.21526 -60.07152 48.19861 60.90936 
%%Creator: MetaPost 1.209
%%CreationDate: 2019.09.26:1811
%%Pages: 1
%%BeginProlog
%%EndProlog
%%Page: 1 1
 0 0 0 setrgbcolor 0 0.24501 dtransform truncate idtransform setlinewidth pop
 [] 0 setdash 1 setlinecap 1 setlinejoin 10 setmiterlimit
newpath 40.08 -17.63 moveto
40.08 -17.63 29.87 -21.45 29.1 -20.95 curveto
28.33 -20.44 22.65 -13.57 22.06 -13.48 curveto
21.48 -13.39 17.72 -13.44 17.11 -13.06 curveto
16.49 -12.69 13.5 -6.74 13.17 -4.74 curveto
12.85 -2.75 9.76 1.02 8.87 4.56 curveto
7.97 8.09 5.73 8.9 5.73 8.9 curveto
5.73 8.9 7.23 11.49 7.69 12.83 curveto
8.14 14.18 11.66 19.84 12.56 21.08 curveto
13.46 22.32 18.78 25.84 19.58 26.63 curveto
20.38 27.43 37.43 32.29 42.64 35.37 curveto
47.86 38.44 47.77 44.21 48.07 50.46 curveto
48.37 56.7 37.5 60.2 36.02 60.64 curveto
34.53 61.09 33.29 60.4 27.11 59.99 curveto
20.93 59.57 19.95 57.61 18.1 55.7 curveto
16.24 53.8 9.8 49.89 6.96 47.76 curveto
4.12 45.62 -4.62 41.51 -9.06 39.37 curveto
-13.49 37.23 -12.19 35.11 -12.19 35.11 curveto
-12.19 35.11 -17.04 33.29 -17.53 32.38 curveto
-18.03 31.47 -29.84 21.42 -30.22 20.81 curveto
-30.6 20.2 -33.65 3 -33.57 0.55 curveto
-33.49 -1.9 -32.78 -28.87 -32.42 -32.88 curveto
-32.06 -36.9 -34.23 -43.17 -34.76 -45.39 curveto
-35.28 -47.6 -40.34 -53.99 -41.17 -54.35 curveto
-42 -54.72 -44.4 -56.96 -44.06 -57.51 curveto
-43.73 -58.06 -41.95 -61.65 -40.9 -58.96 curveto
-39.84 -56.26 -34.38 -55.91 -34.38 -55.91 curveto
-34.38 -55.91 -23.5 -57.96 -22.64 -57.88 curveto
-21.78 -57.8 -2.69 -41.9 -1.39 -40.34 curveto
-0.08 -38.77 4.6 -33 4.6 -33 curveto
4.6 -33 9.8 -36.14 10.31 -36.96 curveto
10.81 -37.78 3.29 -48.88 3.29 -48.88 curveto stroke
showpage
%%EOF
