%!PS
%%BoundingBox: -132 -44 131 44 
%%HiResBoundingBox: -131.54251 -43.87251 130.41109 43.53299 
%%Creator: MetaPost 1.209
%%CreationDate: 2019.09.26:1811
%%Pages: 1
%%BeginProlog
%%EndProlog
%%Page: 1 1
 0 0 0 setrgbcolor 0 0.24501 dtransform truncate idtransform setlinewidth pop
 [] 0 setdash 1 setlinecap 1 setlinejoin 10 setmiterlimit
newpath 29.2 -24.35 moveto
29.2 -24.35 25.58 -21.14 27.15 -20.85 curveto
28.71 -20.57 29.84 -20.25 31.7 -20 curveto
33.56 -19.76 39.79 -19.12 41.5 -18.89 curveto
43.22 -18.66 43.31 -18.08 44.62 -18.25 curveto
45.94 -18.42 46.55 -18 46.55 -18 curveto
46.55 -18 46.98 -18.76 47.72 -18.91 curveto
48.45 -19.06 52.66 -19.25 53.48 -18.67 curveto
54.29 -18.09 57.52 -18.6 60.4 -20.14 curveto
63.29 -21.69 68.22 -24.35 69.72 -24.07 curveto
71.21 -23.79 76.95 -23.35 77.86 -23.05 curveto
78.77 -22.75 80.69 -21.57 82.12 -21.44 curveto
83.55 -21.31 86.67 -19.8 88.69 -18.96 curveto
90.71 -18.13 100.89 -13.88 102.65 -13.36 curveto
104.41 -12.84 107.69 -9.15 108.11 -8.24 curveto
108.54 -7.34 109.68 -3.98 113.06 -2.23 curveto
116.45 -0.47 122.35 3.04 124.22 3.21 curveto
126.08 3.38 129.35 5.56 129.58 6.31 curveto stroke
newpath 129.58 6.31 moveto
129.58 6.31 131.22 14.49 129.51 16.58 curveto
127.81 18.67 121.32 24.15 118.21 25.02 curveto
115.09 25.88 114.02 27.37 112.23 27.13 curveto stroke
newpath 112.23 27.13 moveto
112.23 27.13 105.3 24.32 103.98 22.83 curveto
102.67 21.34 99.29 14.1 97.16 17.67 curveto
95.03 21.23 95.82 22.17 96.24 23.15 curveto
96.65 24.12 97.2 25.93 97.74 26.32 curveto stroke
newpath 97.74 26.32 moveto
97.74 26.32 98.93 26.88 99.51 27.46 curveto
100.09 28.03 101.29 28.76 101.54 29.85 curveto
101.79 30.94 102.23 32.14 102.41 32.54 curveto
102.59 32.93 103.4 35.38 103.37 35.67 curveto stroke
newpath 103.37 35.67 moveto
103.37 35.67 103.75 36.18 104.81 36.38 curveto
105.87 36.58 106.67 36.93 107.38 37.06 curveto
108.1 37.2 109.24 37.69 110.37 37.46 curveto
111.49 37.24 112.84 38.67 113.2 38.9 curveto
113.56 39.13 113.74 38.06 114.22 37.36 curveto
114.7 36.66 115.84 35.14 116.07 35.07 curveto
116.29 35 116.83 35.08 117.08 35.49 curveto
117.33 35.89 118.02 36.19 118.62 36.19 curveto
119.22 36.19 121.41 35.91 121.64 35.88 curveto
121.88 35.85 122.34 36.07 122.31 36.4 curveto
122.28 36.72 121.73 38.26 121.48 38.44 curveto
121.23 38.61 119.77 38.86 119.33 38.82 curveto
118.89 38.78 119.28 39.52 119.7 39.69 curveto
120.12 39.85 120.07 40.93 120.05 41.13 curveto
120.04 41.33 119.19 41.95 118.89 42.03 curveto stroke
newpath 117.54 41.2 moveto
117.54 41.2 117.65 39.98 117.69 39.58 curveto
117.73 39.19 117.78 38.7 117.3 38.07 curveto
116.81 37.43 115.84 38.08 115.78 38.1 curveto
115.73 38.11 114.3 39.74 113.85 40.27 curveto
113.41 40.81 112.23 41.05 112.01 41.12 curveto
111.78 41.19 110.66 40.96 110.38 40.75 curveto
110.09 40.55 108.68 40.08 107.89 39.89 curveto
107.09 39.71 106.82 39.45 105.98 38.93 curveto
105.14 38.4 105.04 38.75 105.04 38.75 curveto
105.04 38.75 104.72 39.26 104.51 39.78 curveto
104.29 40.31 103.1 42.04 102.41 42.98 curveto
101.73 43.93 101.07 43.02 100.43 42.96 curveto
99.79 42.9 97.17 39.2 97.33 38.28 curveto
97.48 37.35 96.17 32.6 95.8 29.46 curveto
95.44 26.32 93.89 25.24 93.09 24.53 curveto
92.29 23.81 92.78 22.34 93.38 21.31 curveto
93.97 20.27 95.01 18.2 95.17 16.47 curveto
95.34 14.76 93.08 14.98 92.44 14.92 curveto
91.79 14.86 91.74 13.13 91.01 11.62 curveto
90.28 10.11 93.22 4.59 92.67 3.53 curveto
92.11 2.46 88.34 1.76 86.59 -0.5 curveto
84.84 -2.76 81.05 -2.38 79.69 -2.58 curveto
78.34 -2.77 74.15 -0.4 72.19 -1.09 curveto
70.23 -1.77 62.62 -0.65 62.11 -0.63 curveto
61.6 -0.6 51.18 1.2 49.95 1.16 curveto
48.73 1.13 46.62 2.02 41.88 -2.24 curveto
37.13 -6.5 34.53 -4.14 34.53 -4.14 curveto stroke
newpath 3.32 4.98 moveto
3.63 4.72 8.85 3.02 12.26 2.83 curveto
15.68 2.63 15.17 1.86 14.88 1.11 curveto
14.58 0.36 13.6 -1.61 12.54 -1.85 curveto
11.48 -2.09 4.15 -0.23 4.15 -0.23 curveto
4.15 -0.23 -5.45 1.22 -7.57 1.53 curveto
-9.69 1.84 -14.78 2.9 -16.03 3.94 curveto
-17.29 4.99 -19.71 6.21 -20.59 6.35 curveto
-21.47 6.49 -24.73 4.89 -26.98 5.77 curveto
-29.23 6.65 -32.58 6.13 -32.58 6.13 curveto
-32.58 6.13 -36.13 5.45 -37.13 5.28 curveto
-38.13 5.12 -42.85 5.41 -45.35 5.04 curveto
-47.84 4.67 -52.57 5.76 -52.87 5.88 curveto
-53.17 6 -57.23 6.93 -59.23 7.48 curveto
-61.23 8.02 -64.24 7.75 -66.52 7.4 curveto
-68.8 7.05 -71.52 3.48 -73.15 2.39 curveto
-74.79 1.3 -77.74 0.31 -77.74 0.31 curveto
-77.74 0.31 -78.49 -0.19 -81.77 -1.5 curveto
-85.05 -2.81 -84.97 -0.49 -84.97 -0.49 curveto stroke
newpath -88.27 -1.59 moveto
-86.04 -1.46 -85.78 -2.74 -86.21 -2.7 curveto
-86.65 -2.67 -94.49 -4.83 -96.68 -5.39 curveto
-98.87 -5.95 -103.41 -10.19 -103.41 -10.19 curveto stroke
newpath -80.65 -16.63 moveto
-80.65 -16.63 -80.73 -14.58 -79.28 -13.8 curveto
-77.83 -13.02 -76.01 -10.75 -75.48 -10.2 curveto
-74.95 -9.64 -73.4 -7.69 -71.4 -8.23 curveto
-69.4 -8.77 -59.3 -9.3 -58.75 -8.96 curveto stroke
newpath -63.68 -8.83 moveto
-63.68 -8.83 -55.41 -16.33 -51.12 -15 curveto
-46.84 -13.67 -42.38 -12.62 -40.66 -12.47 curveto
-38.93 -12.31 -36.73 -12.69 -36.15 -12.64 curveto
-35.58 -12.59 -33.36 -11.52 -30.34 -12.91 curveto
-27.32 -14.3 -24.03 -14.65 -23.08 -14.78 curveto
-22.13 -14.91 -19.6 -14.1 -17.99 -14.32 curveto
-16.38 -14.53 -14.52 -15.01 -13.15 -15.03 curveto
-11.77 -15.05 -5.12 -15.1 -3.89 -15.13 curveto
-2.66 -15.17 5.34 -14.95 5.21 -17.49 curveto
5.08 -20.04 4.09 -21.14 4.09 -21.14 curveto stroke
newpath 3.32 4.98 moveto
3.32 4.98 1.79 7.45 4 8.59 curveto
6.21 9.73 6.63 9.91 7.28 9.97 curveto stroke
newpath 7.28 9.97 moveto
7.28 9.97 13.96 10.5 14.37 9.96 curveto
14.78 9.42 17.15 11.23 17.5 11.4 curveto stroke
newpath -110.36 -43.75 moveto
-110.36 -43.75 -104.87 -41.23 -101.86 -40.16 curveto
-98.84 -39.09 -87.77 -32.74 -82.39 -32.97 curveto stroke
newpath -131.42 -24.39 moveto
-131.42 -24.39 -126.98 -26.3 -121.3 -25.93 curveto
-115.62 -25.56 -107.97 -24.65 -107.97 -24.65 curveto
-107.97 -24.65 -101.16 -22.37 -100.03 -22.77 curveto
-98.91 -23.18 -94.7 -24.97 -97.78 -26.04 curveto
-100.87 -27.12 -103.74 -27.38 -105.93 -29.53 curveto
-108.13 -31.68 -116.07 -34.21 -116.07 -34.21 curveto stroke
newpath 97.65 27.02 moveto
97.65 27.02 99.39 28.35 99.69 28.87 curveto
99.99 29.38 100.78 30.39 100.99 30.9 curveto
101.2 31.41 101.97 33.2 102.06 33.81 curveto
102.15 34.41 102.46 35.91 102.46 35.98 curveto stroke
newpath 102.46 35.98 moveto
102.46 35.98 102.11 38.18 101.96 38.62 curveto
101.81 39.06 101.19 40.21 100.79 40.11 curveto
100.38 40 99.77 37.4 99.78 36.91 curveto
99.79 36.42 98.8 33.8 98.69 32.98 curveto
98.58 32.15 97.91 30.39 97.75 29.96 curveto
97.59 29.53 97.65 27.02 97.65 27.02 curveto stroke
showpage
%%EOF
