%!PS
%%BoundingBox: -144 -109 157 104 
%%HiResBoundingBox: -143.32663 -108.96701 156.33667 103.64667 
%%Creator: MetaPost 1.209
%%CreationDate: 2018.11.10:1625
%%Pages: 1
%%BeginProlog
%%EndProlog
%%Page: 1 1
 0 0 0 setrgbcolor 0 0.33333 dtransform truncate idtransform setlinewidth pop
 [] 0 setdash 1 setlinecap 1 setlinejoin 10 setmiterlimit
newpath 145.43 103.48 moveto
144.63 103.25 143.6 103.36 141.66 102.45 curveto
139.71 101.54 132.52 93.99 130.69 91.58 curveto
128.86 89.18 120.29 80.15 119.26 79.58 curveto
118.23 79.01 115.86 79.93 115.34 80.33 curveto
114.89 80.68 113.49 79.29 113.07 79.65 curveto
112.64 80.03 110.28 78.79 110.93 84.63 curveto
111.57 90.49 108.02 90.09 105.41 89.88 curveto
102.78 89.67 99.01 87.72 97.98 86.81 curveto
96.95 85.9 96.15 87.47 96.15 87.47 curveto stroke
 0 0 1 setrgbcolor 0 0.23332 dtransform truncate idtransform setlinewidth pop
newpath 145.43 103.48 moveto
144.63 103.25 143.6 103.36 141.66 102.45 curveto
139.71 101.53 132.51 93.99 130.69 91.59 curveto
128.86 89.18 120.29 80.15 119.26 79.58 curveto
118.23 79.01 115.87 79.94 115.34 80.33 curveto
114.89 80.68 113.51 79.32 113.07 79.65 curveto
112.66 80.06 110.19 78.8 110.93 84.63 curveto
111.48 90.5 108.02 90.08 105.41 89.88 curveto
102.78 89.66 99.01 87.72 97.98 86.81 curveto
96.95 85.9 96.15 87.47 96.15 87.47 curveto stroke
 1 0 0 setrgbcolor
newpath 145.43 103.42 moveto
144.63 103.2 143.6 103.31 141.66 102.4 curveto
139.72 101.48 132.52 93.94 130.69 91.54 curveto
128.86 89.14 120.29 80.12 119.26 79.54 curveto
118.23 78.97 115.94 79.89 115.49 80.34 curveto
115.03 80.8 113.55 79.66 113.09 80 curveto
112.63 80.35 110.23 78.75 110.92 84.69 curveto
111.6 90.63 108.06 90.17 105.43 89.95 curveto
102.8 89.72 99.03 87.77 98 86.86 curveto
96.98 85.95 96.18 87.55 96.18 87.55 curveto stroke
 0 0 0 setrgbcolor 0 0.33333 dtransform truncate idtransform setlinewidth pop
newpath 101.08 68.03 moveto
101.08 68.03 105.98 77.53 109.06 78.68 curveto
110.27 79.13 111.84 76.84 113.07 76.95 curveto
114.27 77.05 116.63 77.87 117.89 78.1 curveto
119.14 78.32 121.09 77.75 122.23 78.09 curveto
123.38 78.44 132.63 83.14 133.66 84.51 curveto
134.69 85.88 138.12 93.42 139.72 95.36 curveto
141.31 97.3 143.71 100.16 145.66 100.96 curveto
147.6 101.76 150.11 100.84 151.72 100.61 curveto
153.32 100.38 154.8 99.7 156.17 99.59 curveto stroke
 0 0 1 setrgbcolor 0 0.23332 dtransform truncate idtransform setlinewidth pop
newpath 101.08 68.03 moveto
101.08 68.03 105.99 77.52 109.06 78.68 curveto
110.28 79.12 111.83 76.99 113.07 76.95 curveto
114.25 77.2 116.63 77.88 117.89 78.1 curveto
119.14 78.32 121.09 77.75 122.23 78.09 curveto
123.38 78.44 132.63 83.14 133.66 84.51 curveto
134.68 85.88 138.12 93.42 139.71 95.36 curveto
141.31 97.31 143.71 100.16 145.65 100.96 curveto
147.6 101.76 150.11 100.84 151.71 100.62 curveto
153.31 100.39 154.79 99.7 156.16 99.59 curveto stroke
 1 0 0 setrgbcolor
newpath 101.09 68.01 moveto
101.09 68.01 106 77.49 109.09 78.63 curveto
110.29 79.08 111.83 77.26 112.97 77.26 curveto
114.12 77.26 116.63 77.83 117.89 78.06 curveto
119.14 78.29 121.09 77.72 122.23 78.06 curveto
123.37 78.4 132.63 83.09 133.66 84.46 curveto
134.69 85.83 138.12 93.37 139.72 95.31 curveto
141.32 97.25 143.72 100.11 145.66 100.91 curveto
147.6 101.71 150.12 100.8 151.72 100.57 curveto
153.32 100.34 154.8 99.65 156.17 99.54 curveto stroke
 0 0 0 setrgbcolor 0 0.33333 dtransform truncate idtransform setlinewidth pop
newpath 89.54 72.02 moveto
89.54 72.02 91.94 71.91 91.37 70.54 curveto
90.79 69.18 86.34 63.35 81.54 59.12 curveto
76.74 54.89 75.83 51.24 74.11 49.18 curveto
72.4 47.13 65.43 44.27 62.91 43.81 curveto
60.4 43.35 55.03 44.14 52.41 45.28 curveto
49.79 46.41 48.31 47.21 46.6 48.34 curveto
44.89 49.47 44.55 50.27 42.27 50.83 curveto stroke
 0 0 1 setrgbcolor 0 0.23332 dtransform truncate idtransform setlinewidth pop
newpath 89.54 72.02 moveto
89.54 72.02 91.94 71.91 91.37 70.54 curveto
90.79 69.18 86.34 63.35 81.54 59.12 curveto
76.74 54.89 75.82 51.24 74.11 49.18 curveto
72.4 47.13 65.43 44.27 62.91 43.81 curveto
60.4 43.35 55.03 44.14 52.41 45.28 curveto
49.79 46.41 48.31 47.21 46.6 48.34 curveto
44.89 49.47 44.55 50.27 42.27 50.83 curveto stroke
 1 0 0 setrgbcolor
newpath 89.55 72.01 moveto
89.55 72.01 91.95 71.89 91.37 70.52 curveto
90.8 69.15 86.35 63.32 81.55 59.09 curveto
76.75 54.87 75.83 51.21 74.12 49.15 curveto
72.4 47.1 65.43 44.24 62.92 43.78 curveto
60.4 43.33 55.03 44.13 52.4 45.27 curveto
49.78 46.41 48.29 47.21 46.58 48.36 curveto
44.86 49.5 44.52 50.3 42.23 50.87 curveto stroke
 0 0 0 setrgbcolor 0 0.33333 dtransform truncate idtransform setlinewidth pop
newpath 36.77 39.65 moveto
36.77 39.65 38.81 28.6 42.46 23.92 curveto
46.11 19.24 46.8 15.93 46.8 13.76 curveto
46.8 11.58 47.03 10.21 44.74 8.73 curveto
42.46 7.24 37.21 3.59 34.81 -0.76 curveto
32.41 -5.1 30.46 -11.27 29.09 -12.41 curveto
27.71 -13.56 25.88 -13.44 24.28 -12.76 curveto
22.69 -12.07 14.23 -7.04 12.86 -6.02 curveto stroke
 0 0 1 setrgbcolor 0 0.23332 dtransform truncate idtransform setlinewidth pop
newpath 36.77 39.65 moveto
36.77 39.65 38.81 28.6 42.46 23.92 curveto
46.11 19.24 46.8 15.93 46.8 13.76 curveto
46.8 11.58 47.03 10.21 44.74 8.73 curveto
42.46 7.24 37.2 3.59 34.81 -0.76 curveto
32.41 -5.1 30.46 -11.27 29.09 -12.41 curveto
27.71 -13.56 25.88 -13.44 24.28 -12.76 curveto
22.68 -12.07 14.23 -7.04 12.86 -6.02 curveto stroke
 1 0 0 setrgbcolor
newpath 36.75 39.67 moveto
36.75 39.67 38.8 28.59 42.46 23.9 curveto
46.12 19.22 46.8 15.9 46.8 13.73 curveto
46.8 11.56 47.03 10.19 44.74 8.7 curveto
42.46 7.22 37.2 3.56 34.8 -0.78 curveto
32.4 -5.12 30.46 -11.29 29.08 -12.43 curveto
27.71 -13.58 25.89 -13.46 24.29 -12.78 curveto
22.69 -12.09 14.23 -7.06 12.86 -6.03 curveto stroke
 0 0 0 setrgbcolor 0 0.33333 dtransform truncate idtransform setlinewidth pop
newpath 3.84 -10.82 moveto
3.84 -10.82 6.23 -13.45 7.95 -15.84 curveto
9.66 -18.24 11.71 -19.27 11.83 -20.76 curveto stroke
 0 0 1 setrgbcolor 0 0.23332 dtransform truncate idtransform setlinewidth pop
newpath 3.84 -10.82 moveto
3.84 -10.82 6.23 -13.45 7.95 -15.84 curveto
9.66 -18.24 11.71 -19.27 11.83 -20.76 curveto stroke
 1 0 0 setrgbcolor
newpath 3.83 -10.83 moveto
3.83 -10.83 6.23 -13.46 7.94 -15.86 curveto
9.66 -18.26 11.71 -19.29 11.83 -20.77 curveto stroke
 0 0 0 setrgbcolor 0 0.33333 dtransform truncate idtransform setlinewidth pop
newpath 6.34 -25.45 moveto
6.34 -25.45 15.03 -34.94 16.74 -37.22 curveto
18.46 -39.51 20.18 -44.2 20.52 -46.6 curveto
20.87 -49 21.1 -51.29 21.68 -53.23 curveto
22.25 -55.18 24.21 -61.12 22.96 -63.07 curveto
21.71 -65.01 6.44 -78.38 1.53 -81.46 curveto
-3.38 -84.54 -13.46 -92.41 -22.51 -93.77 curveto
-31.56 -95.13 -34.88 -94.67 -40.03 -93.87 curveto
-45.18 -93.07 -47.47 -92.96 -49.76 -92.5 curveto
-52.05 -92.05 -51.93 -86.33 -52.28 -83.82 curveto
-52.62 -81.31 -54.22 -73.54 -55.48 -71.94 curveto
-56.74 -70.34 -59.6 -68.63 -60.74 -67.26 curveto stroke
 0 0 1 setrgbcolor 0 0.23332 dtransform truncate idtransform setlinewidth pop
newpath 6.34 -25.45 moveto
6.34 -25.45 15.03 -34.94 16.74 -37.22 curveto
18.46 -39.51 20.18 -44.2 20.52 -46.6 curveto
20.87 -49 21.1 -51.29 21.68 -53.23 curveto
22.25 -55.18 24.21 -61.12 22.96 -63.07 curveto
21.71 -65.01 6.44 -78.38 1.53 -81.46 curveto
-3.39 -84.54 -13.46 -92.41 -22.51 -93.77 curveto
-31.56 -95.13 -34.88 -94.67 -40.03 -93.87 curveto
-45.18 -93.07 -47.47 -92.96 -49.76 -92.5 curveto
-52.05 -92.05 -51.93 -86.33 -52.28 -83.82 curveto
-52.62 -81.31 -54.22 -73.54 -55.48 -71.94 curveto
-56.74 -70.34 -59.6 -68.63 -60.74 -67.26 curveto stroke
 1 0 0 setrgbcolor
newpath 6.34 -25.46 moveto
6.34 -25.46 15.03 -34.94 16.74 -37.23 curveto
18.45 -39.52 20.17 -44.2 20.51 -46.6 curveto
20.85 -49 21.08 -51.29 21.65 -53.23 curveto
22.22 -55.17 24.16 -61.11 22.91 -63.06 curveto
21.65 -65 6.34 -78.37 1.42 -81.45 curveto
-3.49 -84.54 -13.55 -92.42 -22.58 -93.79 curveto
-31.61 -95.16 -34.92 -94.7 -40.06 -93.9 curveto
-45.2 -93.1 -47.49 -92.99 -49.77 -92.53 curveto
-52.06 -92.07 -51.94 -86.36 -52.29 -83.85 curveto
-52.63 -81.33 -54.23 -73.56 -55.49 -71.96 curveto
-56.74 -70.36 -59.6 -68.65 -60.74 -67.27 curveto stroke
 0 0 0 setrgbcolor 0 0.33333 dtransform truncate idtransform setlinewidth pop
newpath -139.6 -106.01 moveto
-139.6 -106.01 -129.76 -97.67 -124.5 -95.38 curveto
-119.25 -93.09 -116.16 -94.36 -113.87 -92.99 curveto
-111.59 -91.61 -107.25 -88.86 -106.56 -86.92 curveto
-105.88 -84.98 -106.79 -83.61 -106.22 -82.81 curveto
-105.65 -82.01 -101.89 -81.44 -100.4 -81.67 curveto
-98.91 -81.9 -96.74 -82.02 -96.06 -83.27 curveto
-95.37 -84.53 -94.92 -85.1 -94 -86.82 curveto
-93.09 -88.53 -89.21 -90.93 -87.72 -92.3 curveto
-86.23 -93.67 -78.46 -97.09 -76.74 -97.77 curveto
-75.03 -98.46 -71.48 -99.82 -68.51 -99.94 curveto
-65.54 -100.05 -60.51 -100.16 -58.79 -100.73 curveto
-57.07 -101.3 -51.47 -101.75 -47.69 -102.55 curveto
-43.92 -103.35 -35.56 -105.98 -32.81 -106.67 curveto
-30.06 -107.35 -26.51 -109.18 -23.64 -108.73 curveto
-20.78 -108.27 -10.01 -103.03 -5.88 -100.3 curveto
-1.76 -97.56 8.65 -90.84 11.27 -88.78 curveto
13.9 -86.73 22.11 -80.33 23.82 -78.27 curveto
25.53 -76.22 32.94 -70.96 33.39 -69.58 curveto
33.85 -68.21 39.66 -61.01 40.33 -58.15 curveto
41.01 -55.29 41.67 -53.69 41.34 -51.29 curveto
41.02 -48.89 39.27 -41.11 38.46 -38.94 curveto
37.66 -36.77 34.8 -25.79 34.8 -20.88 curveto
34.8 -15.96 36.4 -14.93 39.03 -11.16 curveto
41.66 -7.38 42.69 -5.44 43.26 -3.84 curveto
43.83 -2.24 47.26 1.99 49.08 3.25 curveto
50.91 4.5 61.08 10.67 62.22 11.81 curveto
63.36 12.95 68.74 17.75 70.57 19.81 curveto
72.39 21.87 78.92 29.75 80.4 32.49 curveto
81.89 35.23 85.78 42.43 86.35 44.83 curveto
86.92 47.23 90 52.38 91.94 54.55 curveto
93.89 56.72 98.24 60.13 99.03 61.96 curveto
99.83 63.79 100.39 66.54 101.08 68.03 curveto stroke
 0 0 1 setrgbcolor 0 0.23332 dtransform truncate idtransform setlinewidth pop
newpath -139.6 -106.01 moveto
-139.6 -106.01 -129.76 -97.66 -124.5 -95.38 curveto
-119.25 -93.09 -116.16 -94.36 -113.87 -92.99 curveto
-111.59 -91.61 -107.25 -88.86 -106.56 -86.92 curveto
-105.88 -84.98 -106.79 -83.61 -106.22 -82.81 curveto
-105.65 -82.01 -101.89 -81.44 -100.4 -81.67 curveto
-98.91 -81.9 -96.74 -82.02 -96.06 -83.27 curveto
-95.37 -84.53 -94.92 -85.1 -94 -86.82 curveto
-93.09 -88.53 -89.21 -90.93 -87.72 -92.3 curveto
-86.23 -93.67 -78.46 -97.09 -76.74 -97.77 curveto
-75.03 -98.46 -71.48 -99.82 -68.51 -99.94 curveto
-65.54 -100.05 -60.51 -100.16 -58.79 -100.73 curveto
-57.07 -101.3 -51.47 -101.75 -47.69 -102.55 curveto
-43.92 -103.35 -35.56 -105.98 -32.81 -106.67 curveto
-30.06 -107.35 -26.51 -109.18 -23.64 -108.73 curveto
-20.78 -108.27 -10.01 -103.03 -5.88 -100.3 curveto
-1.76 -97.56 8.65 -90.84 11.27 -88.78 curveto
13.9 -86.73 22.11 -80.33 23.82 -78.27 curveto
25.53 -76.21 32.94 -70.96 33.39 -69.58 curveto
33.85 -68.21 39.66 -61.01 40.33 -58.15 curveto
41.01 -55.29 41.67 -53.69 41.34 -51.29 curveto
41.02 -48.89 39.27 -41.11 38.46 -38.94 curveto
37.66 -36.77 34.8 -25.79 34.8 -20.88 curveto
34.8 -15.96 36.4 -14.93 39.03 -11.16 curveto
41.66 -7.38 42.69 -5.44 43.26 -3.84 curveto
43.83 -2.24 47.26 1.99 49.08 3.25 curveto
50.91 4.5 61.08 10.67 62.22 11.81 curveto
63.36 12.95 68.74 17.75 70.57 19.81 curveto
72.39 21.87 78.92 29.75 80.4 32.49 curveto
81.89 35.23 85.78 42.43 86.35 44.83 curveto
86.92 47.23 90 52.38 91.94 54.55 curveto
93.89 56.72 98.24 60.13 99.03 61.96 curveto
99.83 63.8 100.39 66.54 101.08 68.03 curveto stroke
 1 0 0 setrgbcolor
newpath -139.6 -106 moveto
-139.6 -106 -129.77 -97.66 -124.51 -95.38 curveto
-119.25 -93.09 -116.17 -94.35 -113.88 -92.98 curveto
-111.6 -91.61 -107.25 -88.87 -106.57 -86.92 curveto
-105.88 -84.98 -106.8 -83.61 -106.22 -82.81 curveto
-105.65 -82.01 -101.88 -81.44 -100.4 -81.67 curveto
-98.91 -81.9 -96.74 -82.01 -96.05 -83.27 curveto
-95.37 -84.53 -94.91 -85.1 -94 -86.81 curveto
-93.08 -88.53 -89.2 -90.93 -87.71 -92.3 curveto
-86.23 -93.67 -78.46 -97.1 -76.74 -97.78 curveto
-75.03 -98.47 -71.49 -99.84 -68.52 -99.96 curveto
-65.55 -100.07 -60.52 -100.19 -58.8 -100.76 curveto
-57.09 -101.33 -51.49 -101.79 -47.72 -102.59 curveto
-43.95 -103.39 -35.61 -106.02 -32.86 -106.7 curveto
-30.12 -107.39 -26.58 -109.22 -23.72 -108.76 curveto
-20.87 -108.3 -10.12 -103.05 -6.01 -100.31 curveto
-1.89 -97.56 8.51 -90.82 11.13 -88.77 curveto
13.76 -86.71 21.99 -80.31 23.71 -78.26 curveto
25.42 -76.2 32.85 -70.94 33.31 -69.57 curveto
33.76 -68.2 39.59 -61 40.28 -58.15 curveto
40.96 -55.29 41.63 -53.69 41.31 -51.29 curveto
40.98 -48.89 39.25 -41.12 38.45 -38.95 curveto
37.65 -36.78 34.8 -25.81 34.8 -20.89 curveto
34.8 -15.98 36.4 -14.95 39.03 -11.18 curveto
41.66 -7.41 42.68 -5.47 43.26 -3.87 curveto
43.83 -2.27 47.26 1.96 49.08 3.22 curveto
50.91 4.48 61.08 10.64 62.23 11.79 curveto
63.37 12.93 68.74 17.73 70.57 19.79 curveto
72.4 21.84 78.91 29.73 80.4 32.47 curveto
81.89 35.21 85.77 42.41 86.34 44.81 curveto
86.92 47.21 90 52.35 91.94 54.52 curveto
93.89 56.69 98.23 60.12 99.03 61.95 curveto
99.83 63.78 100.4 66.52 101.09 68.01 curveto stroke
 0 0 0 setrgbcolor 0 0.33333 dtransform truncate idtransform setlinewidth pop
newpath -59.01578 -67.38805 moveto
-59.40193 -67.10048 -59.87782 -66.99539 -60.57584 -66.92334 curveto
-60.50208 -66.3666 -60.35428 -66.2276 -60.82202 -65.47424 curveto
-61.2757 -64.9632 -62.13606 -64.33484 -62.75612 -63.85947 curveto
-62.55014 -63.38644 -62.3464 -63.24892 -62.59392 -62.71712 curveto stroke
newpath -63.47716 -62.48686 moveto
-63.84465 -62.94571 -63.63286 -63.35196 -64.07451 -63.31201 curveto
-64.99582 -63.48285 -65.84738 -62.97386 -66.912 -63.09662 curveto
-67.28171 -63.05627 -67.33527 -63.01358 -67.92395 -63.05313 curveto
-67.682 -62.33899 -67.78386 -62.15343 -67.52309 -61.6734 curveto stroke
newpath -68.6161 -61.18661 moveto
-68.98744 -61.48848 -68.93771 -62.11392 -68.77376 -62.52446 curveto
-69.95532 -62.36232 -71.84535 -62.28494 -72.40723 -62.638 curveto
-72.47891 -62.57048 -72.54854 -62.68167 -72.78694 -63.18582 curveto
-73.20334 -62.65244 -73.33781 -62.33379 -73.69836 -61.6178 curveto stroke
newpath -74.36755 -62.19783 moveto
-74.57288 -62.88982 -73.85956 -63.33092 -73.69984 -63.36345 curveto
-74.65233 -63.91127 -75.30247 -64.46327 -76.14877 -64.85713 curveto
-76.32663 -64.70511 -76.76979 -65.17834 -77.23094 -65.14903 curveto
-77.29681 -64.62288 -77.72664 -64.4963 -77.82109 -64.02637 curveto stroke
newpath -78.75623 -64.09113 moveto
-78.49821 -64.24728 -78.67165 -64.88913 -78.35281 -65.38533 curveto
-78.64381 -65.57495 -79.45824 -65.14885 -79.23447 -65.28815 curveto
-79.80283 -65.68492 -80.24858 -64.4882 -80.44675 -64.21956 curveto
-80.07697 -64.44904 -81.0911 -64.79808 -81.68863 -64.80103 curveto
-81.90689 -64.18684 -82.06049 -63.85948 -82.31851 -63.81229 curveto stroke
newpath -82.92876 -63.67778 moveto
-82.90729 -63.9768 -82.76321 -64.75987 -82.77034 -65.12213 curveto
-83.02681 -64.98668 -82.70322 -65.19044 -82.56824 -65.07253 curveto
-83.41978 -65.31602 -85.91362 -65.7909 -86.23358 -66.58739 curveto
-86.44585 -66.76645 -86.23651 -66.89902 -86.258 -66.80481 curveto
-86.76993 -66.33244 -87.20163 -66.67537 -87.54341 -66.34158 curveto stroke
newpath -87.98744 -67.86673 moveto
-87.44427 -67.63927 -87.0442 -67.56226 -86.2653 -67.62823 curveto
-86.3055 -68.52263 -86.20833 -69.23418 -85.91934 -69.91817 curveto
-86.00063 -70.19118 -86.48311 -70.33017 -87.599 -71.17247 curveto
-87.54109 -70.68867 -87.98297 -70.44264 -88.06465 -69.95619 curveto stroke
newpath -89.072 -71.07202 moveto
-88.79305 -71.40785 -88.53226 -71.26254 -88.15688 -71.6951 curveto
-88.47061 -72.25217 -88.57683 -72.4114 -88.70967 -72.63318 curveto
-89.66437 -74.29874 -90.28401 -75.04086 -90.38104 -75.10147 curveto
-90.99347 -75.11806 -91.23918 -74.8736 -91.94865 -74.52454 curveto stroke
newpath -89.68771 -74.17546 moveto
-90.18466 -74.39029 -90.79306 -74.49358 -91.26408 -74.57898 curveto
-91.17612 -74.35199 -91.03534 -74.42128 -91.49828 -74.17844 curveto
-91.70918 -74.20518 -92.4695 -74.71143 -93.2421 -74.82648 curveto
-93.01909 -74.7903 -92.78026 -76.27145 -93.40834 -76.45654 curveto
-93.39824 -75.91489 -94.12285 -75.59514 -94.17691 -75.43639 curveto stroke
newpath -94.19673 -74.77957 moveto
-94.01851 -75.6648 -94.30775 -75.83296 -94.07916 -76.19305 curveto
-94.7103 -76.49892 -94.9464 -76.35347 -95.30727 -76.308 curveto
-96.05804 -76.84668 -95.83682 -77.7943 -95.69167 -77.81851 curveto
-95.98618 -77.47908 -94.52994 -78.03242 -94.89973 -78.24405 curveto
-94.8518 -78.72426 -94.54567 -78.46736 -94.45445 -78.84393 curveto
-95.1814 -78.82567 -95.6102 -78.83217 -96.30652 -78.55208 curveto stroke
newpath -95.71042 -77.77077 moveto
-95.4285 -78.23973 -95.29018 -78.86583 -95.64131 -79.41739 curveto
-95.31795 -79.38504 -95.68634 -79.17134 -95.81914 -79.0028 curveto
-96.50539 -79.53934 -97.8739 -79.51237 -98.6391 -78.92087 curveto
-98.52698 -78.56427 -99.06895 -78.82019 -99.49394 -78.42255 curveto
-99.34671 -78.14426 -99.2202 -77.87874 -99.1619 -77.21832 curveto stroke
newpath -99.78688 -77.21571 moveto
-100.1346 -77.48116 -99.86588 -77.78294 -100.17451 -78.27405 curveto
-100.59375 -78.15495 -100.68048 -77.90253 -100.8851 -77.42432 curveto
-101.02972 -76.95865 -100.59993 -76.91637 -101.05786 -76.1475 curveto
-102.25357 -76.12057 -102.36945 -75.44624 -102.28543 -74.68628 curveto
-101.72733 -74.56891 -101.58112 -74.58623 -100.73535 -74.64691 curveto stroke
newpath -103.36855 -72.65793 moveto
-103.11949 -73.13824 -102.71591 -73.58434 -102.8335 -74.36546 curveto
-103.12186 -74.3041 -104.08794 -74.37817 -104.37994 -74.44629 curveto
-104.648 -74.89552 -104.76782 -73.8492 -104.35866 -73.82886 curveto
-105.17868 -74.03421 -105.51262 -74.5343 -105.87282 -75.03712 curveto
-106.1784 -74.58228 -106.63892 -74.15956 -106.64499 -74.31207 curveto stroke
newpath -105.3401 -74.20067 moveto
-105.81342 -74.56873 -105.86636 -74.85918 -106.18217 -75.25822 curveto
-106.93614 -75.2636 -107.1112 -74.55313 -107.12239 -74.3115 curveto
-108.24132 -74.55428 -109.25127 -74.42685 -110.17152 -74.53088 curveto
-110.31508 -74.28258 -110.20683 -73.62103 -110.26476 -72.95862 curveto stroke
newpath -110.03983 -73.83554 moveto
-110.13759 -74.30937 -110.4084 -74.55017 -110.49341 -74.90044 curveto
-111.0191 -75.19916 -111.27347 -74.90224 -111.4378 -74.94923 curveto
-111.80025 -75.22559 -111.84445 -75.12689 -111.8147 -75.3476 curveto
-111.64125 -75.65678 -111.98865 -75.80199 -112.2335 -76.04758 curveto
-112.0932 -76.23326 -111.6222 -76.86673 -111.35728 -77.37051 curveto
-111.66211 -77.0539 -111.11438 -77.40234 -111.1867 -77.02864 curveto
-111.18112 -77.74692 -111.23143 -77.9395 -111.49805 -78.72635 curveto stroke
newpath -112.02248 -76.88094 moveto
-111.4507 -77.21687 -111.32153 -77.19315 -110.80511 -77.38919 curveto
-111.1172 -77.8453 -110.94716 -78.0847 -111.25632 -78.31877 curveto
-110.36938 -78.89085 -110.08209 -80.10872 -109.13954 -80.63857 curveto
-109.6027 -80.90231 -109.76285 -81.52295 -110.34332 -81.84656 curveto stroke
newpath -109.25574 -82.5414 moveto
-109.35992 -82.16696 -108.83238 -81.8765 -108.65228 -81.36603 curveto
-108.09206 -81.79558 -108.04045 -81.62445 -108.33324 -82.04274 curveto
-108.25594 -81.77188 -109.86517 -83.00473 -109.85368 -84.00375 curveto
-110.29988 -84.15892 -110.18437 -84.63322 -110.30219 -84.99759 curveto
-110.60042 -84.41472 -111.20056 -84.14693 -111.46817 -84.42287 curveto stroke
newpath -112.1078 -84.74672 moveto
-111.7346 -85.32727 -111.28812 -85.54326 -111.20226 -85.97517 curveto
-111.37076 -86.91753 -112.23347 -88.13269 -112.61655 -88.08434 curveto
-113.24924 -88.49477 -113.31802 -88.2765 -113.48433 -88.10144 curveto
-113.37645 -87.79443 -113.2336 -87.25365 -112.87689 -87.02742 curveto stroke
newpath -113.66777 -86.57875 moveto
-113.96216 -86.52345 -114.28206 -86.8812 -114.30734 -87.63284 curveto
-114.82922 -87.33199 -115.05397 -86.84116 -115.03113 -86.71518 curveto
-114.22981 -86.13484 -113.49261 -84.72981 -113.1588 -83.93561 curveto
-112.78986 -83.82582 -112.27403 -84.19102 -111.86946 -84.47835 curveto stroke
newpath -113.63916 -82.19437 moveto
-113.84851 -82.45073 -113.79793 -82.82777 -113.8919 -83.70903 curveto
-114.21515 -83.34654 -114.06784 -83.45198 -114.36664 -83.1818 curveto
-114.7246 -84.1149 -115.70284 -84.94199 -116.06897 -85.42172 curveto
-116.3113 -85.7408 -116.8144 -85.53448 -116.93695 -86.16158 curveto
-117.00937 -85.55067 -117.46977 -85.2185 -117.51335 -84.86438 curveto stroke
newpath -118.56357 -85.30016 moveto
-118.29079 -85.83179 -117.86021 -85.76945 -118.10751 -86.31334 curveto
-118.33353 -86.67648 -118.38298 -86.62448 -118.40434 -86.73477 curveto
-119.12186 -86.39195 -121.39586 -86.49005 -121.55379 -86.90216 curveto
-121.81876 -86.88089 -122.05241 -87.07059 -121.77934 -87.00905 curveto
-121.884 -86.33206 -122.49745 -86.13861 -122.20337 -85.67378 curveto stroke
newpath -123.28247 -86.22682 moveto
-123.16528 -86.53793 -123.05127 -86.69945 -123.05258 -87.16193 curveto
-124.36949 -87.91214 -126.1398 -88.2043 -127.02045 -88.48894 curveto
-127.0255 -88.11519 -126.96736 -87.3104 -126.98521 -86.97418 curveto stroke
 0 0 1 setrgbcolor 0 0.23332 dtransform truncate idtransform setlinewidth pop
newpath -60.74 -67.26 moveto
-60.74 -67.26 -59.94 -66.34 -60.74 -65.66 curveto
-61.54 -64.97 -62.23 -63.94 -63.37 -63.71 curveto
-64.51 -63.49 -66 -62.8 -66.8 -62.91 curveto
-67.6 -63.03 -70.91 -61.89 -72.51 -62.69 curveto
-74.11 -63.49 -74.57 -64.52 -76.06 -64.86 curveto
-77.54 -65.21 -78.91 -65.32 -79.48 -65.44 curveto
-80.05 -65.55 -80.28 -64.29 -80.28 -64.29 curveto
-80.28 -64.29 -82.11 -64.98 -82.8 -65.09 curveto
-83.48 -65.21 -86 -65.55 -86.34 -66.58 curveto
-86.68 -67.61 -86.11 -69.21 -85.99 -69.67 curveto
-85.88 -70.13 -87.36 -70.58 -88.85 -72.64 curveto
-90.33 -74.7 -90.68 -75.39 -90.68 -75.39 curveto
-91.25 -74.24 lineto
-93.08 -74.7 lineto
-93.08 -74.7 -92.96 -76.3 -93.42 -76.42 curveto
-93.88 -76.53 -94.91 -76.07 -95.48 -76.53 curveto
-96.05 -76.99 -95.71 -77.67 -95.71 -77.67 curveto
-95.71 -77.67 -94.57 -78.02 -94.68 -78.47 curveto
-94.8 -78.93 -94.57 -79.16 -95.6 -79.27 curveto
-96.62 -79.39 -98 -79.27 -98.57 -78.93 curveto
-99.14 -78.58 -100.62 -78.24 -100.74 -77.67 curveto
-100.85 -77.09 -100.51 -76.64 -101.31 -76.29 curveto
-102.11 -75.95 -102.34 -75.04 -102.34 -74.46 curveto
-102.34 -73.89 -103.82 -74.46 -104.17 -74.58 curveto
-104.51 -74.69 -104.62 -73.66 -104.62 -73.66 curveto
-106.22 -75.49 lineto
-107.25 -74.46 lineto
-110.46 -74.46 lineto
-110.68 -75.15 lineto
-111.6 -74.8 lineto
-111.71 -75.6 lineto
-112.17 -75.95 lineto
-111.6 -77.21 lineto
-110.57 -77.32 lineto
-111.26 -78.12 lineto
-108.17 -82.01 lineto
-108.17 -82.01 -109.77 -83.26 -110.11 -84.18 curveto
-110.45 -85.09 -112.17 -87.72 -112.86 -88.18 curveto
-113.55 -88.64 -114.92 -86.93 -114.92 -86.93 curveto
-113.09 -83.73 lineto
-114.24 -83.39 lineto
-116.29 -85.56 lineto
-116.29 -85.56 -117.77 -86.58 -118.46 -86.58 curveto
-119.14 -86.58 -121.31 -86.47 -121.77 -86.81 curveto
-122.22 -87.15 -126.45 -88.29 -127.36 -88.52 curveto stroke
 1 0 0 setrgbcolor
newpath -60.74 -67.27 moveto
-60.74 -67.27 -59.94 -66.36 -60.74 -65.67 curveto
-61.54 -64.99 -62.23 -63.96 -63.37 -63.73 curveto
-64.51 -63.5 -66 -62.82 -66.8 -62.93 curveto
-67.6 -63.05 -70.91 -61.9 -72.51 -62.7 curveto
-74.11 -63.5 -74.57 -64.53 -76.05 -64.87 curveto
-77.54 -65.22 -78.91 -65.33 -79.48 -65.44 curveto
-80.05 -65.56 -80.28 -64.3 -80.28 -64.3 curveto
-80.28 -64.3 -82.11 -64.99 -82.8 -65.1 curveto
-83.48 -65.21 -86 -65.56 -86.34 -66.59 curveto
-86.68 -67.61 -86.11 -69.21 -86 -69.67 curveto
-85.88 -70.13 -87.37 -70.59 -88.85 -72.64 curveto
-90.34 -74.7 -90.68 -75.38 -90.68 -75.38 curveto
-91.25 -74.24 lineto
-93.08 -74.7 lineto
-93.08 -74.7 -92.97 -76.3 -93.43 -76.41 curveto
-93.88 -76.53 -94.91 -76.07 -95.48 -76.53 curveto
-96.05 -76.98 -95.71 -77.67 -95.71 -77.67 curveto
-95.71 -77.67 -94.57 -78.01 -94.68 -78.47 curveto
-94.8 -78.93 -94.57 -79.15 -95.6 -79.27 curveto
-96.63 -79.38 -98 -79.27 -98.57 -78.93 curveto
-99.14 -78.58 -100.62 -78.24 -100.74 -77.67 curveto
-100.85 -77.1 -100.51 -76.64 -101.31 -76.3 curveto
-102.11 -75.95 -102.34 -75.04 -102.34 -74.47 curveto
-102.34 -73.9 -103.82 -74.47 -104.17 -74.58 curveto
-104.51 -74.7 -104.62 -73.67 -104.62 -73.67 curveto
-106.22 -75.5 lineto
-107.25 -74.47 lineto
-110.45 -74.47 lineto
-110.68 -75.15 lineto
-111.59 -74.81 lineto
-111.71 -75.61 lineto
-112.17 -75.95 lineto
-111.59 -77.21 lineto
-110.57 -77.32 lineto
-111.25 -78.12 lineto
-108.17 -82.01 lineto
-108.17 -82.01 -109.77 -83.27 -110.11 -84.18 curveto
-110.45 -85.1 -112.17 -87.72 -112.85 -88.18 curveto
-113.54 -88.64 -114.91 -86.92 -114.91 -86.92 curveto
-113.08 -83.72 lineto
-114.22 -83.38 lineto
-116.28 -85.55 lineto
-116.28 -85.55 -117.77 -86.58 -118.45 -86.58 curveto
-119.14 -86.58 -121.31 -86.46 -121.77 -86.81 curveto
-122.22 -87.15 -126.45 -88.29 -127.37 -88.52 curveto stroke
 0 0 0 setrgbcolor 0 0.33333 dtransform truncate idtransform setlinewidth pop
newpath -126.3957 -87.48349 moveto
-127.14658 -87.4405 -127.51007 -87.73102 -127.6363 -88.2369 curveto
-128.25272 -87.2144 -129.13232 -86.06882 -129.35951 -84.72853 curveto
-129.79834 -85.20709 -129.99591 -85.27194 -131.00789 -85.0892 curveto
-130.76678 -84.82727 -130.96786 -84.25693 -130.98898 -83.75835 curveto stroke
newpath -132.4598 -83.98776 moveto
-132.35733 -84.51973 -132.14534 -84.71756 -132.146 -85.58 curveto
-133.16328 -85.3885 -134.66974 -85.90225 -135.9839 -86.34502 curveto
-136.14584 -86.45882 -136.45433 -86.41263 -136.7001 -86.6014 curveto
-136.79314 -85.99179 -136.94629 -85.81168 -137.05975 -85.57303 curveto stroke
newpath -138.68863 -85.85564 moveto
-138.38818 -86.38785 -138.35857 -86.45903 -137.71457 -86.95364 curveto
-139.6649 -87.67668 -141.29663 -88.53833 -142.3125 -88.79349 curveto
-142.84628 -88.46866 -143.01138 -88.04214 -143.15996 -87.9538 curveto stroke
 0 0 1 setrgbcolor 0 0.23332 dtransform truncate idtransform setlinewidth pop
newpath -127.36 -88.52 moveto
-129.53 -84.98 lineto
-129.53 -84.98 -132.96 -85.21 -135.93 -86.35 curveto
-138.91 -87.49 -143.03 -89.2 -143.03 -89.2 curveto stroke
 1 0 0 setrgbcolor
newpath -127.37 -88.52 moveto
-129.54 -84.98 lineto
-129.54 -84.98 -132.96 -85.21 -135.94 -86.35 curveto
-138.91 -87.49 -143.02 -89.2 -143.02 -89.2 curveto stroke
 0 0 0 setrgbcolor 0 3.98505 dtransform truncate idtransform setlinewidth pop
newpath 114.71 78.35 moveto 0 0 rlineto stroke
newpath 113.07 79.65 moveto 0 0 rlineto stroke
 0 0.23332 dtransform truncate idtransform setlinewidth pop
newpath 114.71 78.35 moveto
113.07 79.65 lineto stroke
 1 0.85 0 setrgbcolor 0 3.98505
 dtransform truncate idtransform setlinewidth pop
newpath 114.71 78.31 moveto 0 0 rlineto stroke
newpath 113.09 80 moveto 0 0 rlineto stroke
 0 0.23332 dtransform truncate idtransform setlinewidth pop
newpath 114.71 78.35 moveto
114.71 78.31 lineto
113.09 80 lineto
113.07 79.65 lineto stroke
showpage
%%EOF
