%!PS
%%BoundingBox: -609 -343 612 343 
%%HiResBoundingBox: -608.87251 -342.98251 611.44252 342.83357 
%%Creator: MetaPost 1.209
%%CreationDate: 2019.09.26:1811
%%Pages: 1
%%BeginProlog
%%EndProlog
%%Page: 1 1
 0 0 0 setrgbcolor 0 0.24501 dtransform truncate idtransform setlinewidth pop
 [] 0 setdash 1 setlinecap 1 setlinejoin 10 setmiterlimit
newpath 605.96 322.27 moveto
605.96 322.27 593.71 313.87 588.5 314.77 curveto
583.29 315.67 567.63 328.63 563.82 331.17 curveto
560.01 333.7 540.81 345.1 534.33 342.26 curveto
527.85 339.42 517.07 332.34 512.27 324.71 curveto
507.48 317.09 500.58 300.79 497.75 297.49 curveto
489.73 288.11 484.76 292.1 476.01 291.91 curveto
467.26 291.73 461.78 292.58 459.48 289.04 curveto
457.19 285.5 440.86 267.17 438.71 264.93 curveto
436.57 262.69 427.01 253.43 426.4 247.97 curveto
425.78 242.5 425.07 231.35 429 226.74 curveto
432.94 222.13 441.95 215.03 443.1 209.92 curveto
444.25 204.77 448.44 200.96 440.92 194.94 curveto
433.41 188.91 424.83 180.23 423.09 172.87 curveto
421.36 165.51 417.65 156.97 416.87 150.47 curveto
416.09 143.96 414.36 129.89 412.92 125.38 curveto
411.47 120.87 407.65 110.7 404.54 107.84 curveto
401.43 104.98 392.31 100.27 390.41 95.39 curveto
388.51 90.5 383.59 72.92 380.38 68.4 curveto
377.17 63.87 369.99 47.61 370.22 41.67 curveto
370.45 35.74 374.1 31.63 379.01 27.9 curveto
383.91 24.16 389.23 21.77 391.82 21.48 curveto
394.41 21.2 399.93 19.61 399.91 16.48 curveto
399.9 13.35 399.03 1.06 395.83 -0.78 curveto
392.62 -2.61 375.36 -12.58 368.95 -16.44 curveto
362.54 -20.3 351.66 -26.55 346.5 -30.03 curveto
341.34 -33.51 330.76 -36.87 323.7 -35.33 curveto
316.63 -33.79 308.88 -33.33 302.36 -35.86 curveto
295.85 -38.39 284.12 -43.59 280.17 -42.33 curveto
276.23 -41.07 271.95 -34.96 272.13 -26.73 curveto
272.19 -24.43 262.29 -11.77 257.51 -9.81 curveto
252.74 -7.85 244.25 -4.34 240.12 -4.39 curveto
235.98 -4.44 226.48 -9.29 223.03 -15.54 curveto
219.58 -21.8 209.29 -38.6 205.64 -40.95 curveto
202 -43.29 181.3 -44.52 173.33 -50.18 curveto
165.3 -55.87 155.64 -70.62 151.35 -81.31 curveto
147.06 -91.98 137.75 -104.54 133.15 -108.28 curveto
128.56 -112.02 113.82 -114.59 108.32 -116.61 curveto
102.82 -118.63 76.75 -127.33 72.36 -133.37 curveto
67.96 -139.42 61.52 -152.57 58.57 -157.72 curveto
55.63 -162.86 52.06 -169.36 50.03 -172.86 curveto
47.99 -176.37 46.22 -180.11 42.97 -178.05 curveto
39.72 -175.98 25.24 -168.88 20.58 -168.47 curveto
15.91 -168.07 6.07 -164.2 -2.13 -171.3 curveto
-10.35 -178.4 -9.5 -179.37 -13 -184.03 curveto
-16.5 -188.7 -19.6 -195.15 -24.03 -197.82 curveto
-28.46 -200.5 -46.86 -209.17 -51.77 -209.04 curveto
-56.68 -208.91 -68.63 -207.03 -69.79 -205.05 curveto
-70.95 -203.07 -71.82 -194.63 -73.23 -192.94 curveto
-74.64 -191.24 -82.15 -190.54 -86.58 -189.86 curveto
-91.02 -189.18 -98.01 -188.7 -102.87 -189.08 curveto
-107.74 -189.46 -114.34 -190.75 -116.25 -189.35 curveto
-118.16 -187.96 -121.33 -186.92 -122.24 -185.18 curveto
-123.15 -183.45 -122.45 -175.93 -124.55 -175.32 curveto stroke
newpath -136.08 -172.87 moveto
-136.08 -172.87 -148.8 -168.19 -151.8 -166.1 curveto
-154.79 -164.01 -161.43 -161.44 -164.35 -160.38 curveto
-167.26 -159.32 -177.06 -155.96 -179.3 -156.9 curveto stroke
newpath -186.33 -159.26 moveto
-186.33 -159.26 -190.59 -161.06 -191.92 -166.17 curveto
-193.01 -170.4 -199.5 -175.81 -204.87 -176.22 curveto
-210.24 -176.63 -221.55 -173.37 -223.48 -168.36 curveto
-225.4 -163.36 -229.35 -157.34 -232.5 -153.4 curveto
-235.64 -149.47 -245.72 -138.64 -248.97 -136.57 curveto
-252.22 -134.5 -255.89 -130.4 -258.35 -131.88 curveto
-260.81 -133.35 -264.91 -133.67 -268.3 -129.8 curveto
-271.69 -125.94 -279 -121.35 -280.79 -118.13 curveto
-282.58 -114.92 -291.64 -107.63 -293.16 -104.65 curveto
-294.68 -101.68 -300.96 -89.62 -299.85 -83.11 curveto
-298.73 -76.6 -295.59 -69.7 -294.44 -67.55 curveto
-293.3 -65.41 -292.51 -62.01 -292.55 -57.89 curveto
-292.59 -53.77 -293.19 -49.18 -296.43 -47.36 curveto
-299.67 -45.54 -306.78 -43.51 -311.43 -43.35 curveto
-316.08 -43.19 -324.37 -42.54 -327.34 -40.7 curveto
-330.32 -38.87 -333.29 -37.04 -335.45 -39.27 curveto
-337.6 -41.5 -339.04 -46.27 -340.69 -48.2 curveto
-342.35 -50.14 -347.98 -53.94 -351.15 -56.25 curveto
-354.33 -58.57 -362.8 -65.68 -365.33 -69.5 curveto
-367.87 -73.31 -376.29 -87.64 -378.4 -90.39 curveto
-380.51 -93.13 -384.73 -102.2 -390.82 -107.07 curveto
-396.93 -111.96 -403.2 -114.3 -406.91 -116.42 curveto stroke
newpath -406.91 -116.42 moveto
-407.38 -113.61 -412.85 -112.78 -416.02 -111.74 curveto
-419.19 -110.71 -425.61 -107.62 -429.31 -106.37 curveto
-433.01 -105.12 -443.01 -102.31 -448.77 -100.97 curveto
-454.54 -99.62 -466.17 -95.65 -469.51 -92.31 curveto
-472.86 -88.97 -473.87 -85.96 -476.51 -81.79 curveto
-479.15 -77.63 -487.08 -74.9 -490.61 -72.61 curveto
-494.13 -70.31 -502.45 -69.17 -505.28 -69.13 curveto
-508.12 -69.1 -513.39 -70.8 -515.28 -69.66 curveto
-517.17 -68.52 -513.96 -56.95 -513.96 -56.95 curveto stroke
newpath -542.52 -92.89 moveto
-542.52 -92.89 -540.56 -91.7 -539.29 -94.69 curveto
-538.03 -97.68 -535.85 -99.31 -534.15 -101.23 curveto
-532.46 -103.16 -529.42 -107.91 -525.62 -109.36 curveto
-521.83 -110.81 -514.9 -110.53 -511.56 -110.52 curveto
-508.21 -110.52 -498.87 -111.59 -495.68 -112.88 curveto
-492.49 -114.17 -483.17 -118.33 -479.8 -118.58 curveto
-476.44 -118.83 -459.23 -118.51 -455.06 -119.21 curveto
-450.89 -119.92 -441.58 -120.47 -437.58 -125.56 curveto
-433.58 -130.65 -433.19 -132.42 -429.78 -133.18 curveto
-426.38 -133.94 -423.78 -134.26 -423.78 -134.26 curveto
-423.78 -134.26 -435.76 -148.83 -439.14 -151.66 curveto
-442.52 -154.5 -457.08 -169.01 -459.95 -171.81 curveto
-462.82 -174.6 -478.67 -190.09 -482.59 -192.71 curveto
-486.5 -195.33 -496.67 -202.92 -499.57 -205.45 curveto
-502.47 -207.99 -504.62 -212.09 -507.01 -213.64 curveto
-509.39 -215.2 -521.76 -225.39 -526.21 -227.79 curveto
-530.67 -230.19 -543.59 -236.58 -548.38 -241.31 curveto
-553.18 -246.05 -564.28 -256.15 -569.02 -261.66 curveto
-573.76 -267.16 -581.76 -277.29 -584.53 -281.61 curveto
-587.3 -285.94 -587.98 -290.62 -588.59 -296.32 curveto
-589.2 -302.03 -590.6 -303.93 -590.7 -306 curveto
-590.81 -308.06 -589.07 -314.1 -589.98 -315.72 curveto
-590.89 -317.33 -597.79 -321.46 -599.92 -323.94 curveto
-602.06 -326.42 -608.45 -330.52 -608.75 -333.37 curveto stroke
newpath -598.25 -342.86 moveto
-598.25 -342.86 -592.37 -335.45 -588.97 -332.62 curveto
-585.58 -329.79 -577.09 -329.65 -575.62 -325.16 curveto
-574.15 -320.67 -576.05 -308.99 -574.83 -301.18 curveto
-573.61 -293.37 -568.07 -281.37 -564.35 -275.94 curveto
-560.63 -270.52 -551.27 -261.32 -546 -256.03 curveto
-540.72 -250.74 -533.74 -247.63 -528.28 -244.9 curveto
-522.82 -242.17 -508.89 -232.11 -504.84 -227.69 curveto
-500.8 -223.27 -479.76 -205.21 -474.7 -200.7 curveto
-469.64 -196.2 -452.8 -181.02 -449.95 -177.97 curveto
-447.1 -174.92 -433.32 -163.56 -430.24 -160.23 curveto
-427.15 -156.9 -416.07 -147.29 -415.49 -144.92 curveto
-414.9 -142.56 -408.93 -136.69 -407.3 -134.5 curveto
-405.67 -132.31 -400.84 -124.96 -399.36 -124.07 curveto stroke
newpath -399.36 -124.07 moveto
-399.36 -124.07 -386.57 -122.72 -382.19 -119.01 curveto
-377.82 -115.3 -371.66 -107.62 -369.8 -104.9 curveto
-367.94 -102.19 -361.57 -94.48 -360.54 -91.05 curveto
-359.52 -87.62 -355.43 -80.59 -352.79 -78.06 curveto
-350.15 -75.53 -343.57 -70.62 -341.86 -69.45 curveto
-340.14 -68.29 -337.67 -63.71 -336.31 -61.28 curveto
-334.95 -58.85 -329.69 -56.89 -326.1 -56.6 curveto
-322.52 -56.31 -314.81 -56.48 -312.71 -57.09 curveto
-310.61 -57.7 -308.71 -58.85 -309.43 -63.01 curveto
-310.16 -67.14 -316.15 -82.29 -315.31 -87.12 curveto
-314.47 -91.96 -314.78 -95.73 -305.41 -108.81 curveto
-299.09 -117.62 -291.99 -126.72 -287.81 -130.78 curveto
-283.63 -134.84 -272.01 -141.94 -269.25 -144.31 curveto
-266.49 -146.67 -263.54 -151.6 -260.62 -152.67 curveto
-257.71 -153.73 -251.22 -150.91 -248.27 -152.49 curveto
-245.31 -154.07 -242.91 -158.78 -242.34 -163.11 curveto
-241.78 -167.44 -240.78 -177.65 -237.44 -181 curveto
-234.1 -184.35 -225.92 -190.42 -218.17 -190.86 curveto
-210.42 -191.31 -197.76 -188.55 -194.1 -185.96 curveto
-190.43 -183.36 -183.22 -177.1 -180.88 -175.21 curveto
-178.54 -173.33 -171.63 -169.44 -166.47 -172.91 curveto
-161.3 -176.37 -148.89 -183.65 -148.1 -187.19 curveto
-147.31 -190.74 -144.39 -198.5 -140.45 -199.48 curveto
-136.51 -200.46 -132.37 -200.66 -129.75 -201.23 curveto
-127.13 -201.79 -127.22 -203.86 -125.14 -204.22 curveto
-123.05 -204.57 -116.7 -203.3 -113.08 -203.53 curveto
-109.45 -203.76 -102.82 -202.98 -99.52 -205.56 curveto
-96.23 -208.13 -88.94 -212.45 -84.91 -214.98 curveto
-80.92 -217.5 -76.76 -222.1 -73.97 -224.97 curveto
-71.17 -227.84 -67.28 -228.05 -62.42 -227.67 curveto
-60.1 -227.49 -57.51 -227.8 -57.51 -227.8 curveto stroke
newpath -53.35 -228.24 moveto
-53.35 -228.24 -47.01 -226.97 -44.01 -225.7 curveto
-41.02 -224.44 -30.24 -220.5 -26.77 -218.68 curveto
-23.3 -216.86 -9.73 -212.17 -8.08 -210.24 curveto
-6.43 -208.3 -2.92 -197.17 -1.64 -193.72 curveto
-0.37 -190.26 3.01 -184.05 6.23 -182.49 curveto
9.46 -180.94 12.79 -177.59 18.73 -180.98 curveto
24.66 -184.38 27.98 -190.55 30.68 -192.14 curveto
33.37 -193.73 41.23 -195.44 44.85 -195.68 curveto
48.47 -195.92 56.8 -197.09 57.59 -193.93 curveto
57.77 -193.18 60.99 -197.79 60.99 -197.79 curveto stroke
newpath 60.99 -197.79 moveto
60.99 -197.79 60.66 -190.34 62.05 -188.42 curveto
63.45 -186.51 70.51 -168.12 72.06 -164.9 curveto
73.61 -161.68 78.04 -149.18 90.73 -143.17 curveto
103.38 -137.17 116.34 -131.92 122.13 -130.38 curveto
127.92 -128.85 143.39 -120.07 149.16 -111.91 curveto
154.95 -103.73 159.77 -99.23 162.53 -88.67 curveto
164.4 -81.54 173.68 -66.84 181.29 -62.58 curveto
188.83 -58.36 194.74 -58.67 199.01 -61.17 curveto
203.27 -63.67 215.08 -57.68 217.35 -53.65 curveto
219.61 -49.62 229.98 -31.94 234.58 -27.42 curveto
239.18 -22.91 241.87 -17.19 247.73 -20.07 curveto
253.61 -22.96 257.32 -27.83 256.51 -34.3 curveto
255.69 -40.78 258.69 -43.36 261.53 -47.25 curveto
264.38 -51.15 272.45 -56.48 276.79 -56.17 curveto
281.13 -55.86 291.76 -53.57 294.2 -51.6 curveto
296.63 -49.63 304.77 -44.43 309.21 -45.39 curveto
313.66 -46.35 320.82 -49.17 324.02 -50.74 curveto
327.22 -52.3 338.67 -53.78 346.64 -49.84 curveto
354.6 -45.89 364.08 -41.56 370.28 -38.24 curveto
376.48 -34.93 387.78 -30.93 391.72 -28.54 curveto
395.67 -26.15 407.08 -16.91 408.1 -13.46 curveto
409.13 -10 411.15 7.33 411.48 9.7 curveto
411.81 12.08 411.43 25.39 411.15 26.4 curveto stroke
newpath 411.15 26.4 moveto
411.15 26.4 414.67 28.02 413.31 28.94 curveto
411.96 29.86 401.42 33.34 398.94 35.46 curveto
396.47 37.59 384.92 44.11 384.76 46.2 curveto
384.59 48.28 392.19 61.89 392.71 64.84 curveto
393.23 67.78 398.65 79.61 399.43 82.57 curveto
400.21 85.53 405.05 92.24 407.92 94.84 curveto
410.79 97.44 413.54 101.58 415.63 104.35 curveto
417.72 107.12 423.98 112.56 425.55 115.53 curveto
427.11 118.51 432.92 129.83 433.19 132.95 curveto
433.46 136.06 436.27 162.84 438.88 168.98 curveto
441.48 175.12 449.69 185.33 454.34 188.28 curveto
458.99 191.23 469.16 199.75 467.78 204.29 curveto
466.4 208.83 453.4 217.42 451.03 221.63 curveto
448.66 225.85 441.46 236.42 443.42 241.23 curveto
445.4 246.07 450.97 256.88 454.53 260.78 curveto
458.09 264.68 460.74 273.4 461.92 274.79 curveto
463.09 276.17 470.18 277.78 472.79 277.47 curveto
475.39 277.16 483.73 272.68 488.25 274.07 curveto
492.78 275.45 503.23 283.46 505.63 285.71 curveto
508.04 287.96 518.33 304.29 520.82 308.63 curveto
523.3 312.96 530.13 321.01 533.87 322.61 curveto
537.59 324.2 545.68 325.87 551.98 321.22 curveto
558.27 316.57 568.19 311.44 570.76 308.04 curveto
573.32 304.63 583.65 296.92 591.35 300.58 curveto
599.06 304.24 608.85 309.21 611.32 311.52 curveto stroke
newpath -526.42 -93.23 moveto
-525.77 -92.54 lineto
-526.01 -91.85 lineto
-524.87 -90.8 lineto
-523.92 -90.59 lineto
-523.56 -90.31 lineto
-523.22 -90.6 lineto
-522.23 -90.07 lineto
-522.23 -90.07 -520.12 -90.68 -519.42 -90.63 curveto
-518.72 -90.57 -516.54 -90.4 -516.54 -90.4 curveto
-513.24 -90.66 lineto
-511.61 -90.21 lineto
-508.51 -91.19 lineto
-506.74 -91.56 lineto
-505.92 -91.37 lineto
-504.68 -91.59 lineto
-504.11 -91.55 lineto
-503.11 -91.98 lineto
-500.25 -92.4 lineto
-499.09 -92.38 lineto
-498.47 -92.91 lineto
-497.64 -92.84 lineto
-496.82 -93.42 lineto
-496.82 -93.42 -491.91 -96.25 -490.31 -97.73 curveto
-488.71 -99.22 -487.46 -102.14 -487.13 -103.08 curveto
-486.8 -104.02 -488.04 -103.73 -488.04 -103.73 curveto
-488.04 -103.73 -491.5 -101.43 -492.39 -100.79 curveto
-493.27 -100.15 -497.01 -97.55 -498.93 -97.64 curveto
-500.86 -97.72 -506.04 -97.23 -507.93 -96.93 curveto
-509.82 -96.63 -515.04 -97.23 -516.75 -96.78 curveto
-518.46 -96.34 -521.07 -95.77 -522.21 -95.22 curveto
-523.35 -94.66 -524.81 -94.91 -525.35 -94.56 curveto
-525.89 -94.22 -526.42 -93.23 -526.42 -93.23 curveto closepath stroke
showpage
%%EOF
