%!PS
%%BoundingBox: -87 -70 84 72 
%%HiResBoundingBox: -86.44 -69.74873 83.86221 71.12238 
%%Creator: MetaPost 1.209
%%CreationDate: 2019.09.26:1811
%%Pages: 1
%%BeginProlog
%%EndProlog
%%Page: 1 1
 0 0 0 setrgbcolor 0 0.7 dtransform truncate idtransform setlinewidth pop
 [] 0 setdash 1 setlinecap 1 setlinejoin 10 setmiterlimit
newpath -82.1 -15.81 moveto
-82.1 -15.81 -80.73 -16.55 -81.28 -18.48 curveto
-81.83 -20.41 -81.95 -22.3 -86.09 -24.41 curveto stroke
newpath -16.65 10.6 moveto
-16.65 10.6 -18.36 9.54 -18.44 10.44 curveto
-18.52 11.34 -19.22 13.98 -18.13 15.29 curveto
-17.04 16.59 -15.75 18.97 -14 19.58 curveto
-12.25 20.19 -9.59 22.39 -8.45 23.09 curveto
-7.3 23.8 -4.94 25.97 -3.51 26.85 curveto
-2.09 27.74 0.97 30.57 2.09 31.43 curveto
3.22 32.28 7.92 33.61 9.67 34.22 curveto
11.42 34.83 13.86 36.26 15.89 37.05 curveto
17.93 37.83 18.77 38.51 18.87 37.47 curveto
18.96 36.42 16.9 35.93 17.7 35.4 curveto
18.5 34.87 21.85 31.11 22.71 29.98 curveto
23.56 28.86 28.56 25.24 30.81 25.3 curveto
33.07 25.35 34.21 24.4 35.29 24.05 curveto
36.38 23.69 40.82 24.55 43.44 25.54 curveto
46.06 26.53 65.04 33.22 66.72 34.58 curveto stroke
newpath 4.36 66.27 moveto
0.65 63.98 -6.68 60.15 -9.78 54.45 curveto
-12.88 48.75 -18.15 40.44 -19.6 38.2 curveto
-21.06 35.96 -22.27 31.03 -24.2 29.04 curveto
-26.12 27.06 -26.22 24.79 -27.33 23.79 curveto stroke
newpath 42.78903 37.2492 moveto
43.96341 36.85487 43.81718 35.80214 44.43196 35.34186 curveto
42.4578 34.99174 40.62947 34.34023 40.36191 33.26157 curveto
39.56926 32.88387 37.1061 32.49382 35.60909 30.83514 curveto
34.61507 32.4174 34.47954 33.53336 34.53162 34.40858 curveto stroke
newpath 33.25986 33.52081 moveto
33.3506 32.53252 33.33356 31.65587 33.01262 30.6825 curveto
33.18825 30.99527 33.14519 30.0686 33.31073 30.58432 curveto
31.90335 30.73508 26.2775 33.87242 26.30081 35.38527 curveto
26.71584 35.01738 26.19951 35.20403 26.56328 36.45135 curveto
26.67836 35.96637 28.11504 35.98962 28.53185 36.89183 curveto stroke
newpath 27.93587 39.0604 moveto
27.69508 38.89833 26.8507 38.00534 25.38162 37.86497 curveto
25.15596 38.60384 25.53702 39.95709 26.34898 40.1 curveto
26.08174 40.85417 24.37625 39.79665 24.65808 39.68501 curveto
23.84814 39.11243 22.91025 39.56035 22.5398 39.68214 curveto
21.54683 41.65823 20.82494 40.72624 22.24527 42.66597 curveto
22.35313 42.11656 22.69698 42.7915 22.326 43.02887 curveto
23.10864 42.20427 23.98976 41.3426 25.17665 41.1335 curveto stroke
newpath 23.33426 47.3119 moveto
22.96165 46.51129 23.29755 45.24966 22.10707 44.60927 curveto
21.61227 44.29794 18.88898 44.42024 18.72511 43.44302 curveto
18.32968 43.95235 16.67522 42.57074 13.8548 41.64592 curveto
14.03201 41.9315 13.9308 42.43526 13.56558 44.00423 curveto stroke
newpath 11.21126 43.25494 moveto
11.87961 41.73732 12.32007 40.81573 11.86185 40.85353 curveto
11.71637 40.25938 12.69646 39.7984 12.40123 40.68027 curveto
11.79295 40.15868 10.20105 40.8734 11.53172 41.59105 curveto
11.40282 43.46603 15.04446 45.00662 16.18646 46.21652 curveto
16.81639 46.08594 16.71878 45.46281 17.06247 46.11316 curveto
17.7686 45.20415 17.88638 44.8962 18.55052 44.20316 curveto stroke
newpath 20.4345 46.31203 moveto
19.68188 46.7702 18.62227 47.61247 17.47723 47.88028 curveto
18.48804 49.45653 19.63687 51.88892 19.05049 53.69595 curveto
19.13531 53.81613 20.02043 55.71376 19.52914 56.32677 curveto
20.38225 56.33325 22.08849 57.23518 22.85898 57.24887 curveto stroke
newpath 22.86343 59.50822 moveto
21.32529 59.18277 20.61629 59.26772 19.42679 59.5409 curveto
18.93684 60.62234 18.83575 62.31175 19.10464 64.03302 curveto
18.19829 65.34415 16.88664 66.53133 16.53595 67.56459 curveto
16.36774 67.70892 16.92802 68.22308 18.06726 68.90874 curveto stroke
newpath 15.06116 70.77237 moveto
14.31233 70.56073 13.90576 69.17056 13.8915 68.50694 curveto
12.79036 68.55215 8.89642 68.32787 5.64153 66.58281 curveto
4.63113 67.4674 4.82928 68.54369 4.29767 68.90955 curveto stroke
newpath -27.33 23.79 moveto
-27.33 23.79 -32.28 23.49 -37.68 24.96 curveto
-42.47 26.26 -47.12 34.35 -50.42 32.54 curveto stroke
newpath -52.28088 34.52367 moveto
-52.18881 33.32535 -52.02103 33.35434 -51.84277 31.9119 curveto
-55.1355 31.00882 -58.96045 31.44676 -62.68341 30.45798 curveto
-62.30122 31.3028 -62.634 32.60336 -63.1264 33.90898 curveto stroke
newpath -65.19455 33.17038 moveto
-65.57518 32.3728 -65.85258 30.724 -65.03876 30.03506 curveto
-67.7 29.30844 -72.70804 29.12326 -75.52005 28.93896 curveto
-75.48792 30.01436 -76.35864 30.70796 -75.5742 31.46538 curveto stroke
newpath -11.77 24.9 moveto
-11.3 24.72 -10.01 25.36 -9.25 26.11 curveto
-8.48 26.85 -5.81 28.9 -4.95 29.43 curveto
-4.1 29.96 -0.4 32.41 0.6 32.95 curveto
1.61 33.49 3.94 35.21 5 35.91 curveto
6.07 36.61 5.82 36.89 4.77 36.79 curveto
3.73 36.7 2.12 36.17 1.79 35.62 curveto
1.46 35.06 -0.89 33.57 -1.95 32.87 curveto
-3.02 32.17 -5.64 30.35 -6.79 29.79 curveto
-7.95 29.24 -10.7 27.18 -11.18 26.69 curveto
-11.66 26.19 -12.24 25.08 -11.77 24.9 curveto closepath stroke
newpath -84.54 -28.75 moveto
-84.54 -28.75 -83.24 -25.6 -79.68 -31.35 curveto
-76.12 -37.1 -74.71 -38.27 -73.62 -40.78 curveto
-72.52 -43.28 -70.71 -45.72 -71.08 -46.47 curveto
-71.44 -47.23 -73.58 -47.57 -73.15 -49.12 curveto
-72.72 -50.67 -72.33 -51.79 -73.83 -52.8 curveto
-75.33 -53.8 -79.23 -55.45 -78.97 -56.73 curveto
-78.71 -58.01 -73.66 -56.25 -72.7 -55.73 curveto
-71.73 -55.21 -69.45 -54.86 -70.34 -56.24 curveto
-71.22 -57.62 -77.24 -64.67 -77.38 -66.28 curveto
-77.52 -67.88 -78.58 -68.99 -77.97 -69.36 curveto
-77.35 -69.74 -73.53 -67.23 -72.35 -65.96 curveto
-71.16 -64.7 -69.48 -59.34 -68.49 -59.11 curveto
-67.5 -58.87 -63.72 -59.11 -62.61 -58.57 curveto
-61.5 -58.04 -59.24 -55.81 -57.38 -55.64 curveto
-55.51 -55.47 -48.41 -49.33 -46.52 -47.86 curveto
-44.63 -46.39 -36.84 -41.35 -33.74 -38.9 curveto
-30.64 -36.45 -20.22 -30.15 -17.47 -28.6 curveto
-14.72 -27.05 -0.73 -18.7 2.32 -17.26 curveto
5.37 -15.83 9.4 -12.43 13.29 -10.63 curveto
17.17 -8.83 26.95 -6.64 30.2 -5.77 curveto
33.44 -4.9 37.68 -3.79 40.12 -3.57 curveto
42.56 -3.35 45.19 -2.1 47.13 -1.2 curveto
49.08 -0.3 52.73 2.49 55.13 3.14 curveto
57.52 3.79 65.18 7.09 67.84 8.05 curveto
70.5 9.02 75.76 11.52 77.33 11.8 curveto
78.89 12.09 78.77 10.2 79.31 10.68 curveto
79.84 11.16 79.18 13.71 80.33 13.81 curveto
81.47 13.92 83.59 14.54 83.51 15.4 curveto
83.43 16.26 83.68 18.31 82.09 18.31 curveto
80.5 18.31 79.47 18.5 78.96 17.74 curveto
78.45 16.97 77.02 16.84 75.2 16.09 curveto
73.39 15.35 67.02 12.31 65.05 11.7 curveto
63.08 11.09 61.12 10.33 61.03 11.34 curveto
60.94 12.34 63.38 14.15 64.45 15.12 curveto
65.52 16.08 69.52 19.77 70.76 20.46 curveto
72 21.15 72.91 22.25 72.43 22.78 curveto
71.95 23.32 66.74 21.69 65.13 20.38 curveto
63.51 19.08 61.23 17.14 60.37 17.06 curveto
59.51 16.98 56.44 17.28 55.99 15.94 curveto
55.53 14.6 56.13 12.77 54.8 13.09 curveto
53.47 13.4 52.94 14.51 49.08 12.42 curveto
45.22 10.34 40.86 8.93 39.63 8.24 curveto
38.39 7.55 36.08 5.84 35.01 8.06 curveto
34.76 8.58 30.89 10.48 29.39 9.48 curveto
27.89 8.48 23.84 8.54 22.4 8.41 curveto
20.97 8.28 18.72 7.65 17.93 6.71 curveto
17.15 5.77 14.73 5.4 13.75 5.03 curveto
12.77 4.65 9.86 3.23 8.86 3.14 curveto
7.86 3.05 6.68 4.29 5.24 4.49 curveto
3.8 4.7 -2.13 1.56 -3.11 1.18 curveto
-4.09 0.81 -4.8 2.33 -4.8 2.33 curveto stroke
newpath -5.72 1.24 moveto
-5.72 1.24 -4.67 -0.69 -6.49 -1.44 curveto
-8.3 -2.18 -11.58 -4.21 -13.33 -4.08 curveto
-15.08 -3.95 -19.67 -2.77 -20.32 -1.97 curveto
-20.97 -1.16 -20.77 -0.13 -21.69 0.37 curveto stroke
newpath 26.91 -3.03 moveto
26.91 -3.03 39.06 0.09 40.45 0.8 curveto
41.83 1.5 49.32 4.93 50.43 5.46 curveto
51.54 6 54.83 8.03 55.97 8.13 curveto
57.12 8.24 60.57 11.32 58.77 11.44 curveto
56.97 11.55 54.48 11.9 52.78 11.46 curveto
51.09 11.01 38.5 3.08 36.56 2.18 curveto
34.62 1.28 26.91 -3.03 26.91 -3.03 curveto closepath stroke
newpath -71.24 -20.75 moveto
-71.24 -20.75 -70.64 -20.19 -68.94 -19.03 curveto
-67.24 -17.86 -60.28 -17.3 -56.73 -15.75 curveto
-53.19 -14.2 -42.35 -14.88 -41.07 -14.69 curveto
-39.78 -14.5 -37.34 -11.97 -35.55 -10.94 curveto
-33.77 -9.91 -27.57 -4.94 -26.23 -3.73 curveto
-24.89 -2.53 -23.73 -1.77 -23.73 -2.64 curveto
-23.72 -3.5 -19.75 -5.02 -18.63 -5.43 curveto
-17.51 -5.83 -13.72 -7.8 -12.3 -7.46 curveto
-10.89 -7.11 -5.17 -2.4 -4.07 -1.79 curveto
-2.97 -1.19 -2.61 -1.88 -2.3 -2.14 curveto
-1.99 -2.4 0.93 -2.64 2.2 -2.38 curveto
3.48 -2.12 6.19 -0.86 7.31 0.25 curveto
8.44 1.36 9.86 0.84 10.66 0.84 curveto
11.45 0.84 11.85 2.04 13.43 2.97 curveto
15.01 3.91 16.09 3.07 17.41 3.62 curveto
18.72 4.16 19.06 4.64 19.62 5.63 curveto
20.18 6.62 21.77 6.69 23.19 6.97 curveto
24.61 7.24 26.37 6.97 28.65 7.32 curveto
30.93 7.67 32.75 6.75 34.08 5.64 curveto
35.41 4.53 31.2 3.86 28.79 3.35 curveto
26.38 2.85 23.77 2.9 23.15 3.42 curveto
22.52 3.94 20.79 2.34 19.42 1.49 curveto
18.05 0.65 13.76 -3.07 11.11 -4.18 curveto
8.47 -5.28 -2.02 -10.86 -4.6 -12.69 curveto
-7.18 -14.51 -14 -17.44 -15.85 -19.34 curveto
-17.7 -21.25 -24.14 -23.57 -26.81 -24.39 curveto
-29.49 -25.21 -34.22 -28.82 -36.96 -32.1 curveto
-39.7 -35.39 -46.41 -39.47 -49.15 -41.16 curveto
-51.89 -42.85 -56.92 -46.35 -59.02 -48.71 curveto
-61.12 -51.07 -63.19 -52.12 -63.28 -51.12 curveto
-63.37 -50.11 -63.53 -46.8 -64.34 -44.27 curveto
-65.15 -41.74 -64.4 -36.26 -66.89 -32.07 curveto
-70.47 -26.03 -74.25 -25.8 -74.25 -25.8 curveto
-75.69 -24.34 lineto
-74.51 -22.93 lineto
-72.59 -23.48 lineto
 closepath stroke
newpath -2.28 -0.76 moveto
-2.28 -0.76 0.61 -1.51 1.34 -1.59 curveto
2.07 -1.67 3.7 -1.38 4.11 -1.05 curveto
4.51 -0.73 6.01 0.28 6.34 0.67 curveto
6.66 1.06 7.01 2.03 6.34 2.26 curveto
5.66 2.49 5.36 2.68 4.45 2.38 curveto
3.53 2.08 1.3 1.22 0.46 0.86 curveto
-0.37 0.49 -2.28 -0.76 -2.28 -0.76 curveto closepath stroke
 0 0.24501 dtransform truncate idtransform setlinewidth pop
newpath -75.41998 -8.41 moveto
-72.62003 -8.41 lineto stroke
 0.24501 0 dtransform exch truncate exch idtransform pop setlinewidth
newpath -74.02 -9.80998 moveto
-74.02 -7.01003 lineto stroke
 0.00002 0.00018 0.00151 setrgbcolor
newpath -73.45999 -8.41 moveto
-73.45999 -8.26147 -73.519 -8.11905 -73.62402 -8.01402 curveto
-73.72905 -7.909 -73.87148 -7.84999 -74.02 -7.84999 curveto
-74.16853 -7.84999 -74.31096 -7.909 -74.41599 -8.01402 curveto
-74.52101 -8.11905 -74.58002 -8.26147 -74.58002 -8.41 curveto
-74.58002 -8.55853 -74.52101 -8.70096 -74.41599 -8.80598 curveto
-74.31096 -8.91101 -74.16853 -8.97002 -74.02 -8.97002 curveto
-73.87148 -8.97002 -73.72905 -8.91101 -73.62402 -8.80598 curveto
-73.519 -8.70096 -73.45999 -8.55853 -73.45999 -8.41 curveto closepath fill
 0 0 0 setrgbcolor 0 0.35 dtransform truncate idtransform setlinewidth pop
newpath -74.02 -8.41 moveto 0 0 rlineto stroke
 0 0.24501 dtransform truncate idtransform setlinewidth pop
newpath 43.07002 34.32 moveto
45.86998 34.32 lineto stroke
 0.24501 0 dtransform exch truncate exch idtransform pop setlinewidth
newpath 44.47 32.92003 moveto
44.47 35.71999 lineto stroke
 0.00002 0.00018 0.00151 setrgbcolor
newpath 45.03001 34.32 moveto
45.03001 34.46854 44.97101 34.61096 44.86598 34.71599 curveto
44.76096 34.82101 44.61853 34.88002 44.47 34.88002 curveto
44.32147 34.88002 44.17905 34.82101 44.07402 34.71599 curveto
43.969 34.61096 43.90999 34.46854 43.90999 34.32 curveto
43.90999 34.17148 43.969 34.02905 44.07402 33.92403 curveto
44.17905 33.819 44.32147 33.76 44.47 33.76 curveto
44.61853 33.76 44.76096 33.819 44.86598 33.92403 curveto
44.97101 34.02905 45.03001 34.17148 45.03001 34.32 curveto closepath fill
 0 0 0 setrgbcolor 0 0.35 dtransform truncate idtransform setlinewidth pop
newpath 44.47 34.32 moveto 0 0 rlineto stroke
showpage
%%EOF
