%!PS
%%BoundingBox: -178 -260 178 259 
%%HiResBoundingBox: -177.55898 -259.22667 177.99667 258.93668 
%%Creator: MetaPost 1.209
%%CreationDate: 2018.11.10:1625
%%Pages: 1
%%BeginProlog
%%EndProlog
%%Page: 1 1
 0 0 0 setrgbcolor 0 0.33333 dtransform truncate idtransform setlinewidth pop
 [] 0 setdash 1 setlinecap 1 setlinejoin 10 setmiterlimit
newpath -16.36 76.56 moveto
-16.08 77.62 -14.44 82.04 -13.58 83.76 curveto
-12.72 85.49 -7.44 91.44 -5.9 93.27 curveto
-4.36 95.09 -1.2 102.48 -0.81 104.79 curveto
-0.43 107.09 -0.04 113.52 0.15 115.35 curveto
0.34 117.17 1.68 123.79 3.41 128.3 curveto
5.14 132.82 9.75 136.47 13.01 137.91 curveto
16.28 139.35 25.49 142.04 27.12 142.14 curveto
28.75 142.24 30.77 141.47 32.01 141.85 curveto
33.26 142.24 40.56 145.6 42.19 146.94 curveto
43.82 148.29 53.71 154.72 55.35 156.06 curveto
56.98 157.41 61.49 162.01 62.55 163.26 curveto
63.6 164.51 70.51 174.97 71.28 176.6 curveto
72.04 178.24 76.26 183.42 77.32 184.76 curveto
78.38 186.1 87.31 196.37 88.36 197.81 curveto
89.42 199.25 98.44 208.57 99.69 209.82 curveto
100.94 211.06 104.2 214.61 104.78 215.57 curveto stroke
 0 0 1 setrgbcolor 0 0.23332 dtransform truncate idtransform setlinewidth pop
newpath -16.36 76.56 moveto
-16.08 77.62 -14.44 82.04 -13.58 83.76 curveto
-12.72 85.49 -7.44 91.44 -5.9 93.27 curveto
-4.36 95.09 -1.2 102.48 -0.81 104.79 curveto
-0.43 107.09 -0.04 113.52 0.15 115.35 curveto
0.34 117.17 1.68 123.79 3.41 128.3 curveto
5.14 132.82 9.75 136.47 13.01 137.91 curveto
16.28 139.35 25.49 142.04 27.12 142.14 curveto
28.75 142.24 30.77 141.47 32.01 141.85 curveto
33.26 142.24 40.56 145.6 42.19 146.94 curveto
43.82 148.29 53.71 154.72 55.35 156.06 curveto
56.98 157.41 61.49 162.02 62.55 163.26 curveto
63.6 164.51 70.51 174.97 71.28 176.6 curveto
72.04 178.24 76.26 183.42 77.32 184.76 curveto
78.38 186.1 87.31 196.37 88.36 197.81 curveto
89.42 199.25 98.44 208.57 99.69 209.82 curveto
100.94 211.06 104.2 214.62 104.78 215.57 curveto stroke
 1 0 0 setrgbcolor
newpath -16.37 76.57 moveto
-16.08 77.62 -14.45 82.04 -13.58 83.77 curveto
-12.72 85.49 -7.44 91.45 -5.9 93.27 curveto
-4.37 95.09 -1.2 102.49 -0.81 104.79 curveto
-0.43 107.09 -0.05 113.53 0.15 115.35 curveto
0.34 117.17 1.68 123.8 3.41 128.31 curveto
5.14 132.82 9.74 136.47 13.01 137.91 curveto
16.27 139.35 25.49 142.04 27.12 142.13 curveto
28.75 142.23 30.77 141.46 32.02 141.85 curveto
33.26 142.23 40.56 145.59 42.19 146.93 curveto
43.82 148.28 53.71 154.71 55.34 156.05 curveto
56.98 157.4 61.49 162.01 62.54 163.25 curveto
63.6 164.5 70.51 174.97 71.28 176.6 curveto
72.05 178.23 76.27 183.41 77.33 184.76 curveto
78.38 186.1 87.31 196.38 88.37 197.82 curveto
89.42 199.26 98.45 208.57 99.7 209.82 curveto
100.94 211.06 104.21 214.62 104.78 215.58 curveto stroke
 0 0 0 setrgbcolor 0 0.33333 dtransform truncate idtransform setlinewidth pop
newpath 49.49 189.94 moveto
49.68 188.5 48.24 186.01 48.05 182.36 curveto
47.86 178.71 43.54 175.45 41.24 172.48 curveto
38.93 169.5 29.8 162.3 27.69 161.44 curveto
25.58 160.57 25.48 159.32 25.2 158.36 curveto
24.91 157.4 24.14 153.47 23.76 151.45 curveto
23.37 149.43 17.62 146.17 16.27 145.69 curveto
14.93 145.21 1.88 142.13 -0.14 141.84 curveto
-2.15 141.55 -9.74 138 -11.56 137.42 curveto
-13.38 136.85 -21.35 133.1 -22.12 132.81 curveto stroke
 0 0 1 setrgbcolor 0 0.23332 dtransform truncate idtransform setlinewidth pop
newpath 49.49 189.94 moveto
49.68 188.5 48.24 186.01 48.05 182.36 curveto
47.86 178.71 43.54 175.45 41.24 172.48 curveto
38.93 169.5 29.8 162.3 27.69 161.44 curveto
25.58 160.57 25.48 159.32 25.2 158.36 curveto
24.91 157.4 24.14 153.47 23.76 151.45 curveto
23.37 149.43 17.62 146.17 16.27 145.69 curveto
14.93 145.21 1.88 142.13 -0.14 141.84 curveto
-2.15 141.55 -9.74 138 -11.56 137.42 curveto
-13.38 136.85 -21.35 133.1 -22.12 132.81 curveto stroke
 1 0 0 setrgbcolor
newpath 49.49 189.94 moveto
49.68 188.5 48.24 186.01 48.05 182.36 curveto
47.86 178.71 43.54 175.45 41.23 172.47 curveto
38.93 169.49 29.81 162.29 27.7 161.43 curveto
25.58 160.57 25.49 159.32 25.2 158.36 curveto
24.91 157.4 24.14 153.46 23.76 151.45 curveto
23.38 149.43 17.62 146.17 16.27 145.69 curveto
14.93 145.21 1.87 142.13 -0.14 141.85 curveto
-2.16 141.56 -9.74 138.01 -11.57 137.43 curveto
-13.39 136.85 -21.36 133.11 -22.13 132.82 curveto stroke
 0 0 0 setrgbcolor 0 0.33333 dtransform truncate idtransform setlinewidth pop
newpath -22.12 132.81 moveto
-22.79 132.53 -25.38 132.24 -25.67 129.17 curveto
-25.96 126.1 -25.58 121.3 -25.38 118.8 curveto
-25.19 116.31 -25 112.47 -25.48 108.92 curveto
-25.96 105.36 -27.98 103.25 -27.69 101.62 curveto
-27.4 99.99 -27.02 99.03 -27.6 95.76 curveto
-28.17 92.5 -29.13 88.66 -30.76 87.51 curveto
-32.4 86.36 -36.24 84.63 -39.6 83.38 curveto
-42.96 82.13 -48.04 81.36 -49.29 80.4 curveto
-50.54 79.44 -56.3 75.8 -56.97 74.84 curveto
-57.64 73.88 -62.53 71.09 -63.59 69.65 curveto
-64.65 68.22 -66.66 65.53 -66.66 65.53 curveto stroke
 0 0 1 setrgbcolor 0 0.23332 dtransform truncate idtransform setlinewidth pop
newpath -22.12 132.81 moveto
-22.79 132.53 -25.38 132.24 -25.67 129.17 curveto
-25.96 126.1 -25.58 121.3 -25.38 118.8 curveto
-25.19 116.31 -25 112.47 -25.48 108.92 curveto
-25.96 105.36 -27.98 103.25 -27.69 101.62 curveto
-27.4 99.99 -27.02 99.03 -27.6 95.76 curveto
-28.17 92.5 -29.13 88.66 -30.76 87.51 curveto
-32.4 86.36 -36.24 84.63 -39.6 83.38 curveto
-42.96 82.13 -48.04 81.36 -49.29 80.4 curveto
-50.54 79.44 -56.3 75.8 -56.97 74.84 curveto
-57.64 73.88 -62.53 71.09 -63.59 69.65 curveto
-64.65 68.22 -66.66 65.53 -66.66 65.53 curveto stroke
 1 0 0 setrgbcolor
newpath -22.13 132.82 moveto
-22.8 132.53 -25.39 132.25 -25.68 129.17 curveto
-25.97 126.1 -25.58 121.3 -25.39 118.81 curveto
-25.2 116.31 -25.01 112.47 -25.49 108.92 curveto
-25.97 105.37 -27.98 103.25 -27.69 101.62 curveto
-27.41 99.99 -27.02 99.03 -27.6 95.77 curveto
-28.17 92.5 -29.13 88.66 -30.77 87.51 curveto
-32.4 86.36 -36.24 84.63 -39.6 83.38 curveto
-42.96 82.13 -48.05 81.37 -49.29 80.41 curveto
-50.54 79.45 -56.3 75.8 -56.97 74.84 curveto
-57.65 73.88 -62.54 71.09 -63.6 69.65 curveto
-64.65 68.21 -66.67 65.52 -66.67 65.52 curveto stroke
 0 0 0 setrgbcolor 0 0.33333 dtransform truncate idtransform setlinewidth pop
newpath -66.66 65.53 moveto
-67.43 65.24 -73.28 63.51 -75.1 61.59 curveto
-76.93 59.68 -78.84 58.33 -79.13 57.57 curveto stroke
 0 0 1 setrgbcolor 0 0.23332 dtransform truncate idtransform setlinewidth pop
newpath -66.66 65.53 moveto
-67.43 65.24 -73.28 63.51 -75.1 61.59 curveto
-76.93 59.68 -78.84 58.33 -79.13 57.57 curveto stroke
 1 0 0 setrgbcolor
newpath -66.67 65.52 moveto
-67.44 65.24 -73.29 63.51 -75.12 61.59 curveto
-76.94 59.67 -78.86 58.32 -79.15 57.56 curveto stroke
 0 0 0 setrgbcolor 0 0.33333 dtransform truncate idtransform setlinewidth pop
newpath -79.9 53.06 moveto
-81.34 52.29 -82.3 52.1 -83.84 50.37 curveto
-85.37 48.64 -86.72 47.39 -87.2 46.05 curveto stroke
 0 0 1 setrgbcolor 0 0.23332 dtransform truncate idtransform setlinewidth pop
newpath -79.9 53.06 moveto
-81.34 52.29 -82.3 52.1 -83.84 50.37 curveto
-85.37 48.64 -86.72 47.39 -87.2 46.05 curveto stroke
 1 0 0 setrgbcolor
newpath -79.92 53.04 moveto
-81.36 52.28 -82.32 52.08 -83.85 50.36 curveto
-85.39 48.63 -86.73 47.38 -87.21 46.04 curveto stroke
 0 0 0 setrgbcolor 0 0.33333 dtransform truncate idtransform setlinewidth pop
newpath -87.87 39.71 moveto
-87.87 38.18 -87.01 36.06 -86.34 35.2 curveto
-85.67 34.33 -84.32 31.64 -83.56 30.2 curveto
-82.79 28.76 -80.1 22.62 -79.33 21.37 curveto
-78.56 20.12 -77.8 16.76 -77.51 15.42 curveto
-77.22 14.07 -76.45 10.62 -76.45 10.04 curveto stroke
 0 0 1 setrgbcolor 0 0.23332 dtransform truncate idtransform setlinewidth pop
newpath -87.87 39.71 moveto
-87.87 38.18 -87.01 36.06 -86.34 35.2 curveto
-85.67 34.33 -84.32 31.64 -83.56 30.2 curveto
-82.79 28.76 -80.1 22.62 -79.33 21.37 curveto
-78.56 20.12 -77.8 16.76 -77.51 15.42 curveto
-77.22 14.07 -76.45 10.62 -76.45 10.04 curveto stroke
 1 0 0 setrgbcolor
newpath -87.89 39.7 moveto
-87.89 38.16 -87.02 36.05 -86.35 35.19 curveto
-85.68 34.32 -84.33 31.64 -83.57 30.2 curveto
-82.8 28.76 -80.11 22.61 -79.34 21.36 curveto
-78.57 20.12 -77.8 16.76 -77.52 15.41 curveto
-77.23 14.07 -76.46 10.61 -76.46 10.04 curveto stroke
 0 0 0 setrgbcolor 0 0.33333 dtransform truncate idtransform setlinewidth pop
newpath -76.45 10.04 moveto
-77.51 9.27 -77.89 9.75 -80.2 7.45 curveto
-82.5 5.14 -86.63 3.22 -87.3 1.11 curveto
-87.97 -1 -91.43 -2.63 -91.05 -5.51 curveto
-90.67 -8.39 -90.19 -10.5 -90.19 -11.85 curveto
-90.19 -13.19 -90.96 -13.86 -92.11 -14.54 curveto
-93.26 -15.21 -94.41 -14.35 -95.37 -15.59 curveto
-96.33 -16.84 -97.01 -17.52 -97.1 -18.57 curveto
-97.2 -19.63 -97.68 -20.2 -98.93 -20.59 curveto
-100.17 -20.97 -101.9 -21.93 -102.38 -22.03 curveto stroke
 0 0 1 setrgbcolor 0 0.23332 dtransform truncate idtransform setlinewidth pop
newpath -76.45 10.04 moveto
-77.51 9.27 -77.89 9.75 -80.2 7.45 curveto
-82.5 5.14 -86.63 3.22 -87.3 1.11 curveto
-87.97 -1 -91.43 -2.63 -91.05 -5.51 curveto
-90.67 -8.39 -90.19 -10.5 -90.19 -11.85 curveto
-90.19 -13.19 -90.96 -13.87 -92.11 -14.54 curveto
-93.26 -15.21 -94.41 -14.35 -95.37 -15.59 curveto
-96.33 -16.84 -97.01 -17.52 -97.1 -18.57 curveto
-97.2 -19.63 -97.68 -20.2 -98.93 -20.59 curveto
-100.17 -20.97 -101.9 -21.93 -102.38 -22.03 curveto stroke
 1 0 0 setrgbcolor
newpath -76.46 10.04 moveto
-77.52 9.27 -77.9 9.75 -80.2 7.44 curveto
-82.51 5.14 -86.64 3.22 -87.31 1.11 curveto
-87.98 -1 -91.44 -2.64 -91.05 -5.52 curveto
-90.67 -8.4 -90.19 -10.51 -90.19 -11.85 curveto
-90.19 -13.2 -90.96 -13.87 -92.11 -14.54 curveto
-93.26 -15.21 -94.41 -14.35 -95.37 -15.6 curveto
-96.33 -16.84 -97 -17.52 -97.1 -18.57 curveto
-97.2 -19.63 -97.68 -20.2 -98.92 -20.59 curveto
-100.17 -20.97 -101.9 -21.93 -102.38 -22.03 curveto stroke
 0 0 0 setrgbcolor 0 0.33333 dtransform truncate idtransform setlinewidth pop
newpath -102.38 -22.03 moveto
-102.96 -22.03 -104.59 -22.03 -107.47 -22.32 curveto
-110.35 -22.6 -116.78 -22.99 -118.22 -23.18 curveto
-119.66 -23.37 -121.58 -23.56 -121.58 -23.56 curveto stroke
 0 0 1 setrgbcolor 0 0.23332 dtransform truncate idtransform setlinewidth pop
newpath -102.38 -22.03 moveto
-102.96 -22.03 -104.59 -22.03 -107.47 -22.32 curveto
-110.35 -22.6 -116.78 -22.99 -118.22 -23.18 curveto
-119.66 -23.37 -121.58 -23.56 -121.58 -23.56 curveto stroke
 1 0 0 setrgbcolor
newpath -102.38 -22.03 moveto
-102.96 -22.03 -104.59 -22.03 -107.47 -22.32 curveto
-110.35 -22.6 -116.78 -22.99 -118.22 -23.18 curveto
-119.66 -23.37 -121.58 -23.56 -121.58 -23.56 curveto stroke
 0 0 0 setrgbcolor 0 0.33333 dtransform truncate idtransform setlinewidth pop
newpath -122.25 -27.02 moveto
-122.06 -27.5 -122.16 -27.12 -122.16 -28.46 curveto
-122.16 -29.81 -121.96 -31.15 -122.64 -31.34 curveto stroke
 0 0 1 setrgbcolor 0 0.23332 dtransform truncate idtransform setlinewidth pop
newpath -122.25 -27.02 moveto
-122.06 -27.5 -122.16 -27.12 -122.16 -28.46 curveto
-122.16 -29.81 -121.96 -31.15 -122.64 -31.34 curveto stroke
 1 0 0 setrgbcolor
newpath -122.25 -27.02 moveto
-122.06 -27.5 -122.16 -27.12 -122.16 -28.46 curveto
-122.16 -29.8 -121.96 -31.15 -122.64 -31.34 curveto stroke
 0 0 0 setrgbcolor 0 0.33333 dtransform truncate idtransform setlinewidth pop
newpath -123.79 -36.24 moveto
-123.02 -36.62 -121.48 -36.81 -120.33 -38.25 curveto
-119.18 -39.69 -117.74 -41.32 -116.68 -42.19 curveto
-115.62 -43.05 -114.18 -46.22 -114.28 -48.04 curveto
-114.37 -49.87 -115.05 -54.19 -115.05 -55.82 curveto
-115.05 -57.45 -116.2 -59.57 -116.68 -60.62 curveto
-117.16 -61.68 -119.75 -64.08 -120.9 -65.14 curveto
-122.05 -66.19 -127.24 -72.15 -129.64 -72.72 curveto
-132.04 -73.3 -140.11 -76.66 -141.26 -76.95 curveto
-142.41 -77.23 -155.37 -81.75 -157.39 -83.86 curveto
-159.4 -85.97 -167.17 -92.69 -168.71 -94.8 curveto
-170.24 -96.91 -175.23 -105.73 -175.62 -107.75 curveto
-176 -109.76 -177.83 -118.98 -177.26 -120.23 curveto
-176.68 -121.47 -175.82 -124.36 -175.92 -126.18 curveto
-176.01 -128.01 -177.64 -132.81 -177.36 -134.44 curveto
-177.07 -136.07 -176.2 -142.12 -175.62 -144.04 curveto
-175.05 -145.96 -173.9 -150.66 -173.61 -152.1 curveto
-173.32 -153.54 -172.74 -157.48 -172.74 -159.11 curveto stroke
 0 0 1 setrgbcolor 0 0.23332 dtransform truncate idtransform setlinewidth pop
newpath -123.79 -36.24 moveto
-123.02 -36.62 -121.48 -36.81 -120.33 -38.25 curveto
-119.18 -39.69 -117.74 -41.32 -116.68 -42.19 curveto
-115.62 -43.05 -114.18 -46.22 -114.28 -48.04 curveto
-114.37 -49.87 -115.05 -54.19 -115.05 -55.82 curveto
-115.05 -57.45 -116.2 -59.57 -116.68 -60.62 curveto
-117.16 -61.68 -119.75 -64.08 -120.9 -65.14 curveto
-122.05 -66.19 -127.24 -72.15 -129.64 -72.72 curveto
-132.04 -73.3 -140.11 -76.66 -141.26 -76.95 curveto
-142.41 -77.23 -155.37 -81.75 -157.39 -83.86 curveto
-159.4 -85.97 -167.17 -92.69 -168.71 -94.8 curveto
-170.24 -96.91 -175.23 -105.73 -175.62 -107.75 curveto
-176 -109.76 -177.83 -118.98 -177.26 -120.23 curveto
-176.68 -121.47 -175.82 -124.36 -175.92 -126.18 curveto
-176.01 -128.01 -177.64 -132.81 -177.36 -134.44 curveto
-177.07 -136.07 -176.2 -142.12 -175.62 -144.04 curveto
-175.05 -145.96 -173.9 -150.66 -173.61 -152.1 curveto
-173.32 -153.54 -172.74 -157.48 -172.74 -159.11 curveto stroke
 1 0 0 setrgbcolor
newpath -123.79 -36.24 moveto
-123.02 -36.62 -121.48 -36.81 -120.33 -38.25 curveto
-119.18 -39.69 -117.74 -41.32 -116.68 -42.19 curveto
-115.63 -43.05 -114.19 -46.22 -114.28 -48.04 curveto
-114.38 -49.87 -115.05 -54.19 -115.05 -55.82 curveto
-115.05 -57.45 -116.2 -59.56 -116.68 -60.62 curveto
-117.16 -61.68 -119.76 -64.08 -120.91 -65.13 curveto
-122.06 -66.19 -127.24 -72.14 -129.64 -72.72 curveto
-132.04 -73.29 -140.11 -76.65 -141.26 -76.94 curveto
-142.41 -77.23 -155.37 -81.74 -157.39 -83.85 curveto
-159.4 -85.96 -167.18 -92.68 -168.71 -94.8 curveto
-170.25 -96.91 -175.24 -105.74 -175.63 -107.76 curveto
-176.01 -109.77 -177.83 -118.99 -177.26 -120.24 curveto
-176.68 -121.48 -175.82 -124.36 -175.91 -126.19 curveto
-176.01 -128.01 -177.64 -132.81 -177.35 -134.44 curveto
-177.07 -136.08 -176.2 -142.12 -175.63 -144.04 curveto
-175.05 -145.96 -173.9 -150.67 -173.61 -152.11 curveto
-173.32 -153.55 -172.75 -157.48 -172.75 -159.12 curveto stroke
 0 0 0 setrgbcolor 0 0.33333 dtransform truncate idtransform setlinewidth pop
newpath -172.74 -159.11 moveto
-173.22 -160.17 -173.22 -164.87 -172.26 -166.6 curveto
-171.3 -168.33 -170.54 -175.72 -170.15 -178.41 curveto
-169.77 -181.1 -168.43 -184.94 -167.37 -187.05 curveto
-166.31 -189.16 -165.35 -195.5 -164.87 -196.56 curveto
-164.39 -197.61 -161.03 -201.36 -160.17 -202.6 curveto
-159.31 -203.85 -156.81 -207.98 -155.75 -209.13 curveto
-154.7 -210.29 -153.54 -210.67 -154.22 -213.55 curveto
-154.89 -216.43 -152.97 -218.16 -154.31 -219.4 curveto stroke
 0 0 1 setrgbcolor 0 0.23332 dtransform truncate idtransform setlinewidth pop
newpath -172.74 -159.11 moveto
-173.22 -160.17 -173.22 -164.87 -172.26 -166.6 curveto
-171.3 -168.33 -170.54 -175.72 -170.15 -178.41 curveto
-169.77 -181.1 -168.43 -184.94 -167.37 -187.05 curveto
-166.31 -189.16 -165.35 -195.5 -164.87 -196.56 curveto
-164.39 -197.61 -161.03 -201.36 -160.17 -202.61 curveto
-159.3 -203.85 -156.81 -207.98 -155.75 -209.13 curveto
-154.7 -210.29 -153.54 -210.67 -154.22 -213.55 curveto
-154.89 -216.43 -152.97 -218.16 -154.31 -219.41 curveto stroke
 1 0 0 setrgbcolor
newpath -172.75 -159.12 moveto
-173.23 -160.17 -173.23 -164.88 -172.27 -166.6 curveto
-171.31 -168.33 -170.54 -175.72 -170.15 -178.41 curveto
-169.77 -181.1 -168.43 -184.94 -167.37 -187.05 curveto
-166.31 -189.16 -165.35 -195.5 -164.87 -196.56 curveto
-164.39 -197.61 -161.03 -201.36 -160.17 -202.6 curveto
-159.31 -203.85 -156.81 -207.98 -155.75 -209.13 curveto
-154.7 -210.28 -153.54 -210.67 -154.22 -213.55 curveto
-154.89 -216.43 -152.97 -218.16 -154.31 -219.4 curveto stroke
 0 0 0 setrgbcolor 0 0.33333 dtransform truncate idtransform setlinewidth pop
newpath -148.17 -222.19 moveto
-147.11 -221.62 -145.86 -218.93 -145.09 -220.08 curveto
-144.33 -221.23 -143.37 -222.87 -143.37 -225.26 curveto
-143.37 -227.66 -144.71 -229.39 -143.27 -231.21 curveto
-141.84 -233.03 -140.88 -234.95 -139.53 -235.82 curveto
-138.19 -236.68 -136.47 -238.7 -136.08 -239.18 curveto
-135.7 -239.66 -134.45 -240.71 -134.45 -242.25 curveto
-134.45 -243.78 -133.87 -246.47 -134.93 -247.72 curveto
-135.99 -248.96 -136.18 -251.27 -136.18 -252.52 curveto
-136.18 -253.77 -135.41 -256.37 -134.54 -256.85 curveto
-133.67 -257.33 -132.51 -258.48 -132.23 -259.06 curveto stroke
 0 0 1 setrgbcolor 0 0.23332 dtransform truncate idtransform setlinewidth pop
newpath -148.17 -222.19 moveto
-147.11 -221.62 -145.86 -218.93 -145.09 -220.08 curveto
-144.33 -221.23 -143.37 -222.87 -143.37 -225.26 curveto
-143.37 -227.66 -144.71 -229.39 -143.27 -231.21 curveto
-141.84 -233.03 -140.88 -234.95 -139.53 -235.82 curveto
-138.19 -236.68 -136.47 -238.7 -136.08 -239.18 curveto
-135.7 -239.66 -134.45 -240.71 -134.45 -242.25 curveto
-134.45 -243.78 -133.87 -246.47 -134.93 -247.72 curveto
-135.99 -248.96 -136.18 -251.27 -136.18 -252.52 curveto
-136.18 -253.77 -135.41 -256.38 -134.54 -256.86 curveto
-133.67 -257.34 -132.51 -258.49 -132.22 -259.07 curveto stroke
 1 0 0 setrgbcolor
newpath -148.17 -222.19 moveto
-147.11 -221.61 -145.86 -218.92 -145.1 -220.08 curveto
-144.33 -221.23 -143.37 -222.86 -143.37 -225.26 curveto
-143.37 -227.66 -144.71 -229.39 -143.27 -231.21 curveto
-141.83 -233.04 -140.87 -234.96 -139.53 -235.82 curveto
-138.18 -236.68 -136.46 -238.7 -136.07 -239.18 curveto
-135.69 -239.66 -134.44 -240.72 -134.44 -242.25 curveto
-134.44 -243.79 -133.86 -246.48 -134.92 -247.72 curveto
-135.98 -248.97 -136.17 -251.28 -136.17 -252.52 curveto
-136.17 -253.77 -135.4 -256.36 -134.54 -256.84 curveto
-133.67 -257.32 -132.52 -258.48 -132.23 -259.05 curveto stroke
 0 0 0 setrgbcolor 0 0.33333 dtransform truncate idtransform setlinewidth pop
newpath -130.5 -257.95 moveto
-131.02 -256.85 -130.74 -255.6 -130.79 -254.63 curveto
-130.84 -253.67 -131.9 -252.37 -132.05 -251.12 curveto
-132.19 -249.87 -132.58 -247.43 -132.34 -245.85 curveto
-132.1 -244.26 -132.39 -240.67 -132.48 -239.42 curveto
-132.58 -238.17 -133.39 -234.19 -133.06 -232.8 curveto
-132.72 -231.41 -132.33 -224.55 -132.57 -223.35 curveto
-132.81 -222.15 -134.49 -211.54 -134.92 -210 curveto
-135.35 -208.47 -136.93 -202.66 -137.27 -201.89 curveto
-137.61 -201.12 -140.34 -195.02 -140.39 -194.35 curveto
-140.44 -193.68 -141.49 -192.24 -139.28 -190.89 curveto
-137.08 -189.55 -135.92 -187.39 -136.36 -186.43 curveto
-136.79 -185.47 -139.24 -184.08 -140.24 -183.98 curveto
-141.25 -183.88 -143.27 -185.52 -145.48 -182.2 curveto
-147.69 -178.89 -147.35 -174.47 -147.54 -173.18 curveto
-147.73 -171.88 -147.16 -159.83 -147.21 -158.39 curveto
-147.26 -156.95 -148.61 -148.94 -148.99 -147.64 curveto
-149.37 -146.35 -152.35 -136.42 -151.63 -132.05 curveto
-150.91 -127.69 -151.1 -127.45 -151.73 -125.72 curveto
-152.35 -123.99 -151.1 -116.84 -149.56 -114.87 curveto
-148.03 -112.9 -139.49 -103.49 -137.14 -102.34 curveto
-134.78 -101.19 -124.98 -96.34 -123.78 -95.86 curveto
-122.58 -95.38 -114.23 -92.5 -112.26 -92.17 curveto
-110.29 -91.83 -98.91 -85.54 -96.56 -82.23 curveto
-94.21 -78.91 -89.98 -68.73 -89.84 -66.43 curveto
-89.7 -64.12 -89.12 -43.62 -89.7 -40.93 curveto
-90.28 -38.25 -92.39 -30.57 -92.2 -28.94 curveto
-92.01 -27.31 -92.49 -25.87 -92.59 -25.48 curveto
-92.68 -25.1 -91.24 -24.91 -90.09 -23.95 curveto
-88.94 -22.99 -80.01 -15.88 -78.95 -15.4 curveto
-77.89 -14.92 -73.09 -10.6 -71.46 -9.35 curveto
-69.83 -8.11 -57.06 1.02 -57.63 7.45 curveto
-58.21 13.88 -62.34 20.79 -62.72 22.71 curveto
-63.11 24.63 -65.51 28.76 -64.45 37.5 curveto
-63.96 41.59 -62.72 44.51 -60.81 45.28 curveto
-58.89 46.05 -50.55 48.83 -48.34 50.56 curveto
-46.13 52.28 -40.37 55.25 -39.17 57.7 curveto
-37.97 60.15 -34.65 62.45 -32.78 63.41 curveto
-30.91 64.37 -24.57 67.2 -22.51 69.31 curveto
-20.44 71.43 -16.7 75.6 -16.36 76.56 curveto stroke
 0 0 1 setrgbcolor 0 0.23332 dtransform truncate idtransform setlinewidth pop
newpath -130.49 -257.96 moveto
-131.02 -256.85 -130.74 -255.6 -130.79 -254.63 curveto
-130.84 -253.67 -131.9 -252.37 -132.05 -251.12 curveto
-132.19 -249.87 -132.58 -247.43 -132.34 -245.85 curveto
-132.1 -244.26 -132.39 -240.67 -132.48 -239.42 curveto
-132.58 -238.17 -133.39 -234.19 -133.06 -232.8 curveto
-132.72 -231.41 -132.33 -224.55 -132.57 -223.35 curveto
-132.81 -222.15 -134.49 -211.54 -134.92 -210 curveto
-135.35 -208.47 -136.93 -202.66 -137.27 -201.89 curveto
-137.61 -201.12 -140.34 -195.02 -140.39 -194.35 curveto
-140.44 -193.68 -141.49 -192.24 -139.28 -190.89 curveto
-137.08 -189.55 -135.92 -187.39 -136.36 -186.43 curveto
-136.79 -185.47 -139.24 -184.08 -140.24 -183.98 curveto
-141.25 -183.88 -143.27 -185.52 -145.48 -182.2 curveto
-147.69 -178.89 -147.35 -174.47 -147.54 -173.18 curveto
-147.73 -171.88 -147.16 -159.83 -147.21 -158.39 curveto
-147.26 -156.95 -148.61 -148.94 -148.99 -147.64 curveto
-149.37 -146.35 -152.35 -136.42 -151.63 -132.05 curveto
-150.91 -127.69 -151.1 -127.45 -151.73 -125.72 curveto
-152.35 -123.99 -151.1 -116.84 -149.56 -114.87 curveto
-148.03 -112.9 -139.49 -103.49 -137.14 -102.34 curveto
-134.78 -101.19 -124.98 -96.34 -123.78 -95.86 curveto
-122.58 -95.38 -114.23 -92.5 -112.26 -92.17 curveto
-110.29 -91.83 -98.91 -85.54 -96.56 -82.23 curveto
-94.21 -78.91 -89.98 -68.73 -89.84 -66.43 curveto
-89.7 -64.12 -89.12 -43.62 -89.7 -40.93 curveto
-90.28 -38.25 -92.39 -30.57 -92.2 -28.94 curveto
-92.01 -27.31 -92.49 -25.87 -92.59 -25.48 curveto
-92.68 -25.1 -91.24 -24.91 -90.09 -23.95 curveto
-88.94 -22.99 -80.01 -15.88 -78.95 -15.4 curveto
-77.89 -14.92 -73.09 -10.6 -71.46 -9.35 curveto
-69.83 -8.11 -57.06 1.02 -57.63 7.45 curveto
-58.21 13.88 -62.34 20.79 -62.72 22.71 curveto
-63.11 24.63 -65.51 28.76 -64.45 37.5 curveto
-63.96 41.59 -62.72 44.51 -60.81 45.28 curveto
-58.89 46.05 -50.55 48.83 -48.34 50.56 curveto
-46.13 52.28 -40.37 55.25 -39.17 57.7 curveto
-37.97 60.15 -34.65 62.45 -32.78 63.41 curveto
-30.91 64.37 -24.57 67.2 -22.51 69.31 curveto
-20.44 71.43 -16.7 75.6 -16.36 76.56 curveto stroke
 1 0 0 setrgbcolor
newpath -130.5 -257.95 moveto
-131.03 -256.84 -130.74 -255.6 -130.79 -254.64 curveto
-130.84 -253.68 -131.9 -252.38 -132.04 -251.13 curveto
-132.18 -249.88 -132.57 -247.44 -132.33 -245.85 curveto
-132.09 -244.27 -132.38 -240.67 -132.47 -239.42 curveto
-132.57 -238.17 -133.38 -234.19 -133.05 -232.8 curveto
-132.71 -231.4 -132.33 -224.54 -132.57 -223.34 curveto
-132.81 -222.14 -134.49 -211.53 -134.92 -210 curveto
-135.35 -208.46 -136.94 -202.65 -137.27 -201.88 curveto
-137.61 -201.12 -140.35 -195.02 -140.39 -194.35 curveto
-140.44 -193.68 -141.5 -192.24 -139.29 -190.89 curveto
-137.08 -189.55 -135.93 -187.39 -136.36 -186.43 curveto
-136.79 -185.47 -139.24 -184.08 -140.25 -183.98 curveto
-141.26 -183.88 -143.27 -185.52 -145.48 -182.2 curveto
-147.69 -178.89 -147.35 -174.48 -147.55 -173.18 curveto
-147.74 -171.88 -147.16 -159.84 -147.21 -158.4 curveto
-147.26 -156.96 -148.6 -148.94 -148.99 -147.64 curveto
-149.37 -146.35 -152.35 -136.41 -151.63 -132.04 curveto
-150.91 -127.68 -151.1 -127.44 -151.72 -125.71 curveto
-152.35 -123.98 -151.1 -116.83 -149.56 -114.86 curveto
-148.03 -112.89 -139.48 -103.48 -137.13 -102.33 curveto
-134.78 -101.18 -124.99 -96.33 -123.79 -95.85 curveto
-122.59 -95.37 -114.23 -92.49 -112.27 -92.16 curveto
-110.3 -91.82 -98.92 -85.53 -96.57 -82.22 curveto
-94.22 -78.91 -90 -68.73 -89.85 -66.43 curveto
-89.71 -64.12 -89.13 -43.63 -89.71 -40.94 curveto
-90.28 -38.25 -92.4 -30.57 -92.2 -28.94 curveto
-92.01 -27.31 -92.49 -25.87 -92.59 -25.48 curveto
-92.68 -25.1 -91.24 -24.91 -90.09 -23.95 curveto
-88.94 -22.99 -80.01 -15.88 -78.96 -15.4 curveto
-77.9 -14.92 -73.1 -10.6 -71.47 -9.36 curveto
-69.84 -8.11 -57.07 1.01 -57.64 7.45 curveto
-58.22 13.88 -62.35 20.79 -62.73 22.71 curveto
-63.12 24.63 -65.52 28.76 -64.46 37.49 curveto
-63.97 41.59 -62.73 44.5 -60.81 45.27 curveto
-58.89 46.04 -50.54 48.82 -48.33 50.55 curveto
-46.13 52.28 -40.37 55.25 -39.17 57.7 curveto
-37.97 60.15 -34.65 62.45 -32.78 63.41 curveto
-30.91 64.37 -24.57 67.21 -22.51 69.32 curveto
-20.45 71.43 -16.7 75.61 -16.37 76.57 curveto stroke
 0 0 0 setrgbcolor 0 0.33333 dtransform truncate idtransform setlinewidth pop
newpath 109.1 219.99 moveto
109.49 220.66 110.54 220.37 111.79 221.52 curveto
113.04 222.67 119.67 227 121.78 228.06 curveto
123.9 229.11 133.4 235.36 134.16 236.03 curveto
134.93 236.7 138.67 240.92 141.26 243.99 curveto
143.85 247.06 145.87 246.68 148.75 246.87 curveto
151.63 247.06 157 243.42 158.54 242.36 curveto
160.07 241.31 169.58 233.73 170.73 233.06 curveto stroke
 0 0 1 setrgbcolor 0 0.23332 dtransform truncate idtransform setlinewidth pop
newpath 109.1 219.99 moveto
109.49 220.66 110.54 220.37 111.79 221.52 curveto
113.04 222.67 119.67 227 121.78 228.06 curveto
123.9 229.12 133.4 235.36 134.16 236.03 curveto
134.93 236.7 138.67 240.92 141.26 243.99 curveto
143.85 247.06 145.87 246.68 148.75 246.87 curveto
151.62 247.07 157 243.42 158.54 242.36 curveto
160.07 241.31 169.58 233.73 170.73 233.06 curveto stroke
 1 0 0 setrgbcolor
newpath 109.1 219.99 moveto
109.49 220.66 110.54 220.38 111.79 221.53 curveto
113.04 222.68 119.66 227 121.78 228.06 curveto
123.89 229.11 133.39 235.35 134.16 236.02 curveto
134.93 236.7 138.67 240.92 141.26 243.99 curveto
143.85 247.06 145.87 246.68 148.75 246.87 curveto
151.63 247.06 157.01 243.42 158.54 242.36 curveto
160.08 241.3 169.58 233.72 170.73 233.05 curveto stroke
 0 0 0 setrgbcolor 0 0.33333 dtransform truncate idtransform setlinewidth pop
newpath 154.6 258.68 moveto
154.6 258.68 152.39 257.91 149.51 258.48 curveto
146.63 259.06 142.79 257.24 141.35 256.37 curveto
139.91 255.51 132.91 249.84 131.76 248.12 curveto
130.61 246.39 121.97 240.44 120.72 239.19 curveto
119.48 237.95 107.18 232.08 105.65 231.7 curveto
104.11 231.31 96.34 227 95.18 225.94 curveto
94.03 224.89 92.11 220.09 90.96 218.36 curveto
89.8 216.63 85.87 209.91 83.75 208.18 curveto
81.64 206.45 75.5 203.57 73.77 202.9 curveto
72.04 202.23 68.87 199.35 69.06 200.79 curveto
69.26 202.23 68.49 202.51 67.53 203.38 curveto stroke
 0 0 1 setrgbcolor 0 0.23332 dtransform truncate idtransform setlinewidth pop
newpath 154.6 258.68 moveto
154.6 258.68 152.39 257.91 149.51 258.49 curveto
146.63 259.06 142.79 257.24 141.35 256.37 curveto
139.91 255.51 132.91 249.85 131.76 248.12 curveto
130.61 246.39 121.97 240.44 120.72 239.19 curveto
119.48 237.95 107.18 232.08 105.65 231.7 curveto
104.11 231.31 96.34 227 95.18 225.94 curveto
94.03 224.89 92.11 220.09 90.96 218.36 curveto
89.8 216.63 85.87 209.91 83.75 208.18 curveto
81.64 206.45 75.5 203.57 73.77 202.9 curveto
72.04 202.23 68.87 199.35 69.06 200.79 curveto
69.26 202.23 68.49 202.51 67.53 203.38 curveto stroke
 1 0 0 setrgbcolor
newpath 154.61 258.68 moveto
154.61 258.68 152.4 257.91 149.52 258.49 curveto
146.64 259.06 142.8 257.24 141.36 256.38 curveto
139.92 255.51 132.91 249.85 131.76 248.12 curveto
130.61 246.39 121.97 240.44 120.72 239.19 curveto
119.47 237.94 107.18 232.09 105.65 231.7 curveto
104.11 231.32 96.34 227 95.18 225.94 curveto
94.03 224.89 92.11 220.09 90.96 218.36 curveto
89.81 216.63 85.87 209.91 83.76 208.18 curveto
81.65 206.46 75.5 203.57 73.78 202.9 curveto
72.05 202.23 68.88 199.35 69.07 200.79 curveto
69.26 202.23 68.5 202.52 67.54 203.38 curveto stroke
 0 0 0 setrgbcolor 0 0.33333 dtransform truncate idtransform setlinewidth pop
newpath 177.83 240.26 moveto
177.83 240.26 176.87 241.89 175.72 243.04 curveto
174.57 244.19 170.54 248.6 169.29 249.95 curveto
168.04 251.29 163.62 253.98 161.51 254.84 curveto
159.4 255.7 159.02 258.01 160.17 258.77 curveto stroke
 0 0 1 setrgbcolor 0 0.23332 dtransform truncate idtransform setlinewidth pop
newpath 177.83 240.26 moveto
177.83 240.26 176.87 241.89 175.72 243.04 curveto
174.57 244.19 170.53 248.61 169.29 249.95 curveto
168.04 251.29 163.62 253.98 161.51 254.84 curveto
159.4 255.71 159.01 258.01 160.16 258.78 curveto stroke
 1 0 0 setrgbcolor
newpath 177.84 240.25 moveto
177.84 240.25 176.88 241.88 175.73 243.03 curveto
174.57 244.18 170.54 248.6 169.29 249.94 curveto
168.05 251.29 163.63 253.98 161.52 254.84 curveto
159.41 255.7 159.02 258.01 160.17 258.78 curveto stroke
 0 0 0 setrgbcolor 0 3.98505 dtransform truncate idtransform setlinewidth pop
newpath -133.82 -254.34 moveto 0 0 rlineto stroke
newpath -136.18 -252.52 moveto 0 0 rlineto stroke
 0 0.23332 dtransform truncate idtransform setlinewidth pop
newpath -133.82 -254.34 moveto
-136.18 -252.52 lineto stroke
 1 0.85 0 setrgbcolor 0 3.98505
 dtransform truncate idtransform setlinewidth pop
newpath -133.82 -254.34 moveto 0 0 rlineto stroke
newpath -136.17 -252.52 moveto 0 0 rlineto stroke
 0 0.23332 dtransform truncate idtransform setlinewidth pop
newpath -133.82 -254.34 moveto
-133.82 -254.34 lineto
-136.17 -252.52 lineto
-136.18 -252.52 lineto stroke
showpage
%%EOF
