%!PS
%%BoundingBox: -69 -176 71 179 
%%HiResBoundingBox: -68.99251 -175.62251 70.44252 178.57251 
%%Creator: MetaPost 1.209
%%CreationDate: 2019.09.26:1811
%%Pages: 1
%%BeginProlog
%%EndProlog
%%Page: 1 1
 0 0 0 setrgbcolor 0 0.24501 dtransform truncate idtransform setlinewidth pop
 [] 0 setdash 1 setlinecap 1 setlinejoin 10 setmiterlimit
newpath 1.02 -66.38 moveto
1.02 -66.38 11.75 -65.74 12.64 -61.71 curveto
13.5 -57.75 13.31 -46.92 16.48 -43.69 curveto
19.69 -40.41 29.87 -28.97 34.22 -16.82 curveto
38.56 -4.69 44.03 2 44.09 7.33 curveto
44.14 12.67 46.74 44.99 47.65 50.04 curveto
48.55 55.08 51.78 76.94 52.77 80.97 curveto
53.75 84.99 54.83 91.59 55.86 96.81 curveto stroke
newpath 55.86 96.81 moveto
56.95 101.53 58.24 111.24 58.14 114.15 curveto
58.03 117.05 58.85 127.66 58.99 128.24 curveto
60.96 136.27 70.32 139.67 70.32 139.67 curveto stroke
newpath 63.68 158.91 moveto
62.1 157.22 57.74 152.77 54.5 152.48 curveto
51.25 152.2 45.94 153.81 43.26 154.16 curveto
38.56 154.78 30.02 155.25 26.17 156.6 curveto
22.26 157.97 13.62 161.91 6.47 164.71 curveto
-0.68 167.5 -8.39 167.94 -13 170.34 curveto
-15.52 171.66 -23.35 178.45 -23.35 178.45 curveto stroke
newpath -36.72 152.81 moveto
-25.45 153.83 -14.84 152.55 -11.5 151.82 curveto stroke
newpath -11.5 151.82 moveto
-8.16 151.09 -0.73 149.01 2.52 147.41 curveto stroke
newpath 2.52 147.41 moveto
5.77 145.81 14.32 139.11 20.61 136.23 curveto
26.89 133.35 34.14 131.91 35.71 129.64 curveto
37.28 127.37 37.2 127.36 37.77 122.94 curveto stroke
newpath 37.77 122.94 moveto
38.18 119.37 lineto stroke
newpath 38.18 119.37 moveto
39.73 110.49 35.28 99.21 35.28 99.21 curveto stroke
newpath 35.28 99.21 moveto
35.28 99.21 33.83 86.67 31.31 81.56 curveto
29.64 78.18 29.48 70.06 26.77 62.58 curveto stroke
newpath 26.77 62.58 moveto
26.77 62.58 25.92 58.91 25.54 57.42 curveto
25.17 55.93 24.88 53.51 23.89 51.2 curveto stroke
newpath 23.89 51.2 moveto
22.8 48.19 18.04 35.42 11.47 24.19 curveto
4.89 12.94 0.15 4.85 -5.23 -0.46 curveto stroke
newpath -5.23 -0.46 moveto
-5.23 -0.46 -7.81 -3.27 -10.51 -6.87 curveto
-13.2 -10.46 -14.25 -12.1 -15.35 -13.31 curveto stroke
newpath -15.35 -13.31 moveto
-20.68 -18.56 -21.39 -23.33 -36.12 -29.23 curveto stroke
newpath -36.12 -29.23 moveto
-36.92 -29.73 -38.07 -30.08 -39.54 -30.54 curveto
-41.01 -31 -43.89 -32.6 -43.89 -32.6 curveto stroke
newpath -43.89 -32.6 moveto
-45.84 -33.19 -52.45 -35.02 -53.44 -37.75 curveto
-55.24 -42.76 -57.66 -48.45 -57.55 -50.84 curveto
-57.45 -53.22 -57.55 -55.1 -58.03 -56.51 curveto
-58.51 -57.91 -65.97 -67.01 -68.87 -69.11 curveto stroke
newpath -68.87 -69.11 moveto
-68.87 -69.11 -58.5 -67.27 -56.54 -68.65 curveto
-54.58 -70.02 -49.26 -69.61 -47.74 -69.16 curveto stroke
newpath -47.74 -69.16 moveto
-47.74 -69.16 -43.55 -72.05 -40.89 -75.58 curveto
-38.23 -79.1 -34.94 -81.38 -33.75 -81.95 curveto
-32.56 -82.53 -29.6 -81.68 -29.49 -82.7 curveto
-29.38 -83.73 -33.36 -86.26 -37.31 -89.03 curveto
-41.13 -91.72 -48.69 -100.45 -52.23 -102.15 curveto
-54.96 -103.47 -54.65 -102.26 -64.31 -104.54 curveto stroke
newpath -59.53 -151.77 moveto
-59.53 -151.77 -54.88 -150.72 -53.38 -152 curveto
-51.63 -153.48 -49.83 -152.85 -50.06 -154.43 curveto
-50.29 -156 -55.63 -157.69 -60.57 -161.2 curveto stroke
newpath -58.76 -175.5 moveto
-58.76 -175.5 -50.26 -173.56 -47.46 -171.9 curveto
-44.74 -170.3 -41.76 -165.02 -39.07 -162.4 curveto
-36.34 -159.74 -34.34 -157.52 -32.04 -157.13 curveto
-29.71 -156.74 -17.68 -160.91 -14.7 -162.87 curveto
-11.72 -164.82 -1.37 -166.81 1.03 -166.76 curveto stroke
newpath 2.83 -155.78 moveto
2.83 -155.78 -4.99 -151.67 -6.82 -150.63 curveto
-8.65 -149.59 -9.58 -150.54 -9.67 -149.69 curveto
-9.77 -148.84 -3.89 -147.45 -0.99 -147.19 curveto
1.91 -146.93 13.85 -146.2 15.52 -145.71 curveto stroke
newpath 20.67 -126.76 moveto
20.67 -126.76 11.05 -125.28 8.81 -125.14 curveto
6.57 -124.99 1.52 -123.71 -0.45 -123.86 curveto
-0.81 -123.88 1.58 -120.1 0.05 -115.64 curveto
-1.38 -111.46 3.2 -105.13 4.67 -104.51 curveto stroke
showpage
%%EOF
