%!PS
%%BoundingBox: -13 -18 21 14 
%%HiResBoundingBox: -12.50252 -17.08847 20.57228 13.81252 
%%Creator: MetaPost 1.209
%%CreationDate: 2019.09.26:1811
%%Pages: 1
%%BeginProlog
%%EndProlog
%%Page: 1 1
 0 0 0 setrgbcolor 0 0.24501 dtransform truncate idtransform setlinewidth pop
 [] 0 setdash 1 setlinecap 1 setlinejoin 10 setmiterlimit
newpath 3.96 -11.88 moveto
3.98 -11.25 0.3 -7.83 0.24 -7.21 curveto
0.19 -6.73 0.44 -5.71 0.69 -5.33 curveto
1.45 -4.14 2.95 -4.06 4.08 -3.63 curveto
4.37 -3.52 5.63 -2.31 5.82 -2.05 curveto
6.18 -1.56 6.31 -0.47 7.26 0.3 curveto
7.51 0.5 8.95 1.13 10.12 1.41 curveto stroke
newpath 10.12 1.41 moveto
11.02 1.55 11.33 2.49 11.92 2.88 curveto
12.27 3.11 12.69 3.95 12.92 4.29 curveto
13.15 4.61 13.82 5.07 14.03 5.4 curveto
14.13 5.56 14.91 6.33 15.12 6.41 curveto
15.57 6.59 16.71 5.84 16.95 5.59 curveto
17.19 5.33 17.31 4.98 17.48 4.67 curveto
17.64 4.38 17.6 3.8 17.93 3.79 curveto
18.51 3.76 18.96 4.32 19.47 4.58 curveto stroke
newpath 19.47 4.58 moveto
19.91 5.96 20.72 5.85 20.36 7.43 curveto
20.29 7.74 20.22 8.09 20 8.32 curveto
19.58 8.76 18.58 8.85 18.06 9 curveto
17.75 9.1 17.45 9.21 17.16 9.34 curveto
15.91 9.9 16.6 9.65 15.48 10.58 curveto
15.23 10.79 14.94 10.95 14.68 11.14 curveto
14.4 11.34 14.15 11.55 13.87 11.73 curveto
12.75 12.42 11.52 12.81 11.47 13.69 curveto stroke
newpath 5.5 10.76 moveto
6.06 10.81 6.76 11.53 7.48 11.51 curveto
7.81 11.5 9.15 10.91 9.39 10.7 curveto
9.68 10.45 10.72 10.16 10.92 9.84 curveto
11.65 8.65 11.84 8.21 11.52 6.77 curveto
11.44 6.41 10.67 6.1 10.46 5.8 curveto
9.78 4.8 7.49 4.56 6.42 4.11 curveto
5.16 3.57 3.93 2.74 2.82 1.95 curveto stroke
newpath 2.82 1.95 moveto
2.48 1.53 2.14 1.11 1.8 0.68 curveto
1.62 0.45 1.47 0.19 1.27 -0.02 curveto
0.6 -0.73 0.47 -0.69 -0.27 -1.22 curveto
-0.51 -1.39 -0.72 -1.61 -0.97 -1.76 curveto
-1.73 -2.23 -3.18 -3.1 -3.9 -3.33 curveto
-4.62 -3.57 -5.86 -3 -6.86 -2.72 curveto
-8.25 -2.34 -10.5 -2.03 -11.07 -1.08 curveto
-11.23 -0.81 -11.27 -0.47 -11.38 -0.17 curveto stroke
newpath -12.38 -3.91 moveto
-11.55 -4.22 -10.72 -4.59 -9.87 -4.83 curveto
-9.55 -4.92 -9.23 -4.97 -8.92 -5.04 curveto
-8.61 -5.15 -8.31 -5.27 -8 -5.36 curveto
-7.54 -5.49 -6.18 -5.64 -5.5 -6.49 curveto
-4.99 -7.12 -5.59 -8.42 -5.76 -8.67 curveto
-6.07 -9.14 -7.06 -10.06 -7.45 -10.38 curveto
-7.7 -10.58 -8.04 -10.63 -8.31 -10.79 curveto
-9.22 -11.35 -9.09 -11.38 -9.65 -12.3 curveto stroke
newpath -9.65 -12.3 moveto
-9.94 -13.32 -10.4 -15.18 -9.75 -16.18 curveto
-9.32 -16.87 -8.09 -17.25 -7.41 -16.71 curveto
-7.04 -16.41 -6.75 -16.01 -6.43 -15.66 curveto stroke
newpath -6.43 -15.66 moveto
-6.24 -15.18 -5.89 -14.15 -5.52 -13.76 curveto
-5.01 -13.2 -4.53 -12.62 -4.34 -12.4 curveto
-4.06 -12.1 -3.54 -10.57 -3.3 -9.83 curveto
-3.13 -9.3 -2.4 -8.22 -2.07 -7.99 curveto
-0.36 -6.82 1.7 -13.12 1.93 -13.31 curveto stroke
showpage
%%EOF
