%!PS
%%BoundingBox: -233 -67 240 85 
%%HiResBoundingBox: -232.595 -66.34 239.905 84.41501 
%%Creator: MetaPost 1.209
%%CreationDate: 2019.09.26:1811
%%Pages: 1
%%BeginProlog
%%EndProlog
%%Page: 1 1
 0.00002 0.00018 0.00029 setrgbcolor
newpath 110.03 -18.3 moveto
110.03 -18.3 108.32 -23.57 108.46 -25.14 curveto
108.6 -26.71 107.99 -30.76 107.99 -30.76 curveto
112.37 -30.13 lineto
112.37 -30.13 112.26 -23.06 112.52 -21.69 curveto
112.77 -20.31 113.35 -18.45 113.35 -18.45 curveto
110.03 -18.3 lineto
 closepath fill
0 0 0 THsetpatterncolor
 0.00002 0.00015 0.00002 setrgbcolor
newpath 110.03 -18.3 moveto
110.03 -18.3 108.32 -23.57 108.46 -25.14 curveto
108.6 -26.71 107.99 -30.76 107.99 -30.76 curveto
112.37 -30.13 lineto
112.37 -30.13 112.26 -23.06 112.52 -21.69 curveto
112.77 -20.31 113.35 -18.45 113.35 -18.45 curveto
110.03 -18.3 lineto
 closepath fill
 0.00002 0.00018 0.00029 setrgbcolor
newpath 66.92 -46.98 moveto
65.79 -49.42 lineto
65.79 -49.42 59.73 -44.92 59.18 -43.01 curveto
58.63 -41.1 56.9 -36.22 55.48 -35.52 curveto
54.06 -34.82 51.81 -34.04 49.09 -35.65 curveto
48.7 -35.88 49.74 -32.87 49.74 -32.87 curveto
49.74 -32.87 54.19 -31.19 55.38 -31.91 curveto
56.58 -32.63 57.96 -33.78 58.8 -34.76 curveto
59.65 -35.74 60.39 -38.08 61.51 -40.54 curveto
62.64 -43 63.28 -44.22 64.34 -45.1 curveto
65.4 -45.99 66.92 -46.98 66.92 -46.98 curveto
 closepath fill
0 0 0 THsetpatterncolor
 0.00002 0.00015 0.00002 setrgbcolor
newpath 66.92 -46.98 moveto
65.79 -49.42 lineto
65.79 -49.42 59.73 -44.92 59.18 -43.01 curveto
58.63 -41.1 56.9 -36.22 55.48 -35.52 curveto
54.06 -34.82 51.81 -34.04 49.09 -35.65 curveto
48.7 -35.88 49.74 -32.87 49.74 -32.87 curveto
49.74 -32.87 54.19 -31.19 55.38 -31.91 curveto
56.58 -32.63 57.96 -33.78 58.8 -34.76 curveto
59.65 -35.74 60.39 -38.08 61.51 -40.54 curveto
62.64 -43 63.28 -44.22 64.34 -45.1 curveto
65.4 -45.99 66.92 -46.98 66.92 -46.98 curveto
 closepath fill
 0.00002 0.00018 0.00029 setrgbcolor
newpath -6.75 -34.38 moveto
-6.75 -34.38 -16.8 -44.03 -21.61 -44.16 curveto
-26.41 -44.29 -36.99 -45.62 -41.6 -45.36 curveto
-46.22 -45.1 -52.22 -44.16 -55.15 -43.17 curveto
-58.08 -42.18 -61.22 -41.56 -61.22 -41.56 curveto
-59.98 -38.66 lineto
-59.98 -38.66 -54.52 -39.07 -51.4 -40.3 curveto
-48.28 -41.52 -46.14 -40.95 -42.44 -41.07 curveto
-38.74 -41.19 -32.79 -41.18 -29.56 -41.11 curveto
-26.33 -41.05 -22.08 -39.76 -20.44 -38.71 curveto
-18.8 -37.66 -12.07 -35.54 -10.88 -34.53 curveto
-9.69 -33.52 -8.76 -32.15 -8.02 -32.84 curveto
-7.28 -33.52 -6.75 -34.38 -6.75 -34.38 curveto
 closepath fill
0 0 0 THsetpatterncolor
 0.00002 0.00015 0.00002 setrgbcolor
newpath -6.75 -34.38 moveto
-6.75 -34.38 -16.8 -44.03 -21.61 -44.16 curveto
-26.41 -44.29 -36.99 -45.62 -41.6 -45.36 curveto
-46.22 -45.1 -52.22 -44.16 -55.15 -43.17 curveto
-58.08 -42.18 -61.22 -41.56 -61.22 -41.56 curveto
-59.98 -38.66 lineto
-59.98 -38.66 -54.52 -39.07 -51.4 -40.3 curveto
-48.28 -41.52 -46.14 -40.95 -42.44 -41.07 curveto
-38.74 -41.19 -32.79 -41.18 -29.56 -41.11 curveto
-26.33 -41.05 -22.08 -39.76 -20.44 -38.71 curveto
-18.8 -37.66 -12.07 -35.54 -10.88 -34.53 curveto
-9.69 -33.52 -8.76 -32.15 -8.02 -32.84 curveto
-7.28 -33.52 -6.75 -34.38 -6.75 -34.38 curveto
 closepath fill
 0.00002 0.00018 0.00029 setrgbcolor
newpath 124.29 -11.06 moveto
124.29 -11.06 128.26 -10.02 130.22 -10.07 curveto
132.18 -10.12 138.47 -9.78 139.72 -9.37 curveto
140.96 -8.95 142.92 -8.1 143.88 -8.76 curveto
144.84 -9.43 146.75 -12.19 146.83 -13.09 curveto
146.91 -13.99 148.31 -16.95 148.9 -17.65 curveto
149.49 -18.35 150.18 -14.37 150.1 -13.4 curveto
150.01 -12.43 149.57 -10.96 149.12 -10.1 curveto
148.67 -9.24 147.84 -7.58 147.84 -7.58 curveto
143.29 -7.62 lineto
139.99 -4.9 lineto
124.29 -11.06 lineto
 closepath fill
0 0 0 THsetpatterncolor
 0.00002 0.00015 0.00002 setrgbcolor
newpath 124.29 -11.06 moveto
124.29 -11.06 128.26 -10.02 130.22 -10.07 curveto
132.18 -10.12 138.47 -9.78 139.72 -9.37 curveto
140.96 -8.95 142.92 -8.1 143.88 -8.76 curveto
144.84 -9.43 146.75 -12.19 146.83 -13.09 curveto
146.91 -13.99 148.31 -16.95 148.9 -17.65 curveto
149.49 -18.35 150.18 -14.37 150.1 -13.4 curveto
150.01 -12.43 149.57 -10.96 149.12 -10.1 curveto
148.67 -9.24 147.84 -7.58 147.84 -7.58 curveto
143.29 -7.62 lineto
139.99 -4.9 lineto
124.29 -11.06 lineto
 closepath fill
 0.00002 0.00018 0.00029 setrgbcolor
newpath 175.64 -9.44 moveto
177.78 -8.11 lineto
177.78 -8.11 175.1 6.49 173.49 5.96 curveto
171.88 5.44 171.23 1.84 170.83 -1.28 curveto
170.44 -4.41 175.64 -9.44 175.64 -9.44 curveto
 closepath fill
0 0 0 THsetpatterncolor
 0.00002 0.00015 0.00002 setrgbcolor
newpath 175.64 -9.44 moveto
177.78 -8.11 lineto
177.78 -8.11 175.1 6.49 173.49 5.96 curveto
171.88 5.44 171.23 1.84 170.83 -1.28 curveto
170.44 -4.41 175.64 -9.44 175.64 -9.44 curveto
 closepath fill
 0.00002 0.00018 0.00029 setrgbcolor
newpath 95.08 -43.82 moveto
95.08 -43.82 96.57 -42.78 97.97 -41.6 curveto
99.37 -40.42 99.26 -37.57 99.02 -37.44 curveto
98.79 -37.31 97.72 -37.18 95.56 -37.46 curveto
93.4 -37.73 94.39 -38.69 94.14 -40.07 curveto
93.89 -41.45 95.08 -43.82 95.08 -43.82 curveto
 closepath fill
0 0 0 THsetpatterncolor
 0.00002 0.00015 0.00002 setrgbcolor
newpath 95.08 -43.82 moveto
95.08 -43.82 96.57 -42.78 97.97 -41.6 curveto
99.37 -40.42 99.26 -37.57 99.02 -37.44 curveto
98.79 -37.31 97.72 -37.18 95.56 -37.46 curveto
93.4 -37.73 94.39 -38.69 94.14 -40.07 curveto
93.89 -41.45 95.08 -43.82 95.08 -43.82 curveto
 closepath fill
gsave newpath 48.14 -41.68 moveto
48.14 -41.68 48.46 -36.98 49.09 -35.65 curveto
49.72 -34.31 49.74 -32.87 49.74 -32.87 curveto
49.74 -32.87 53.58 -27.03 53.73 -25.36 curveto
53.88 -23.69 54.72 -19.69 56.09 -18.21 curveto
57.46 -16.73 59.37 -12.79 59.73 -10.2 curveto
60.1 -7.61 59.76 -0.56 59.76 -0.56 curveto
32.15 18.32 lineto
-7.94 0.39 lineto
-43.08 -14.09 lineto
-57.19 -24.55 lineto
-59.98 -38.66 lineto
-59.98 -38.66 -54.94 -39.41 -51.4 -40.3 curveto
-47.85 -41.18 -44.41 -41.02 -42.44 -41.07 curveto
-40.48 -41.12 -32.62 -41.46 -29.56 -41.11 curveto
-26.51 -40.76 -21.07 -39.22 -18.72 -36.97 curveto
-18.34 -36.61 -17.81 -36.97 -15.04 -35.96 curveto
-12.27 -34.96 -9.34 -32.43 -8.02 -32.84 curveto
-6.7 -33.25 -6.12 -34.7 -6.12 -34.7 curveto
0.14 -29.01 lineto
-0.04 -26.99 lineto
-0.04 -26.99 0.63 -24.44 2.85 -23.19 curveto
5.08 -21.93 9.41 -19.88 11.45 -20 curveto
11.76 -20.01 11.26 -22.88 11.26 -22.88 curveto
11.26 -22.88 11.64 -24.5 9.88 -25.04 curveto
8.12 -25.57 6.42 -25.12 5.23 -26.14 curveto
4.04 -27.15 2.49 -28.34 2.19 -29.2 curveto
1.9 -30.05 4.57 -32.98 7.12 -34.55 curveto
9.68 -36.13 26.09 -41.12 32.75 -41.42 curveto
39.4 -41.72 48.14 -41.68 48.14 -41.68 curveto
 closepath clip
 0 0 0 setrgbcolor 0 0.35 dtransform truncate idtransform setlinewidth pop
 [] 0 setdash 1 setlinecap 1 setlinejoin 10 setmiterlimit
newpath -66.58514 -39.26108 moveto
-66.33882 -38.24973 -64.53128 -38.10596 -64.79817 -39.09819 curveto
-64.52675 -40.61113 -62.92793 -40.38417 -63.16174 -39.12392 curveto stroke
newpath -65.21889 -14.10358 moveto
-65.39886 -12.81302 -63.51085 -13.04247 -63.6583 -13.90211 curveto
-63.54109 -15.37875 -61.84 -15.06084 -61.87585 -14.19325 curveto stroke
newpath -65.95901 -3.29623 moveto
-66.10278 -2.0943 -64.28568 -2.53346 -64.30399 -3.58154 curveto
-64.3312 -4.6864 -62.52505 -4.57707 -62.4008 -3.4589 curveto stroke
newpath -64.4729 7.35002 moveto
-64.57933 8.72298 -62.64969 8.28851 -62.79721 7.39288 curveto
-62.8953 6.26736 -61.2412 5.99829 -61.21474 7.20695 curveto stroke
newpath -60.21307 19.07217 moveto
-60.13866 20.46065 -58.50348 20.15721 -58.55443 19.35542 curveto
-58.34677 17.87819 -56.804 18.06218 -56.94516 19.22221 curveto stroke
newpath -50.56927 -35.78294 moveto
-50.61462 -34.81639 -49.09464 -34.95718 -49.12549 -36.0004 curveto
-49.13579 -36.95694 -47.35968 -36.9783 -47.18004 -35.79951 curveto stroke
newpath -52.164 -8.74876 moveto
-52.11803 -7.95827 -50.20372 -7.79456 -50.17923 -8.70102 curveto
-50.45291 -10.155 -48.7317 -9.8867 -48.56274 -9.03358 curveto stroke
newpath -53.1051 -3.22159 moveto
-53.23453 -2.09093 -51.28458 -2.13568 -51.27884 -3.57753 curveto
-51.49913 -4.73602 -49.49947 -4.74669 -49.67043 -3.40585 curveto stroke
newpath -49.82513 9.28255 moveto
-49.81084 10.63551 -47.91994 10.32896 -47.87503 9.04471 curveto
-48.11403 8.12598 -46.49306 8.00279 -46.29213 9.4812 curveto stroke
newpath -49.4796 23.2643 moveto
-49.4627 24.67828 -47.68256 24.47327 -47.52834 23.38951 curveto
-47.79953 22.0054 -45.69765 21.94891 -45.91884 23.13356 curveto stroke
newpath -44.60217 -39.68808 moveto
-44.35587 -38.7963 -42.58836 -38.61935 -42.9093 -39.79192 curveto
-42.69884 -41.15733 -41.15935 -41.00522 -41.08754 -39.6557 curveto stroke
newpath -41.60188 -36.5277 moveto
-41.6599 -35.14023 -39.525 -35.13371 -39.92143 -36.47302 curveto
-39.47293 -37.6004 -38.1676 -37.62321 -38.032 -36.67183 curveto stroke
newpath -44.65753 -26.67839 moveto
-44.48303 -25.4639 -42.84961 -25.641 -42.62523 -26.5909 curveto
-43.01599 -27.7047 -41.21864 -27.62978 -40.96272 -26.50038 curveto stroke
newpath -40.38521 -14.62836 moveto
-40.19272 -13.52805 -38.43565 -13.6013 -38.5757 -14.61845 curveto
-38.65004 -15.6173 -36.90665 -15.71742 -36.79109 -14.66219 curveto stroke
newpath -42.18518 0.58647 moveto
-42.06339 1.65181 -40.74101 1.38866 -40.71776 0.34628 curveto
-40.31769 -0.77364 -38.81667 -0.92847 -38.80577 0.50145 curveto stroke
newpath -39.91449 12.27605 moveto
-39.71611 13.09369 -38.37138 13.35085 -38.05396 12.06232 curveto
-38.23091 10.87839 -36.45059 11.05154 -36.30676 11.98181 curveto stroke
newpath -46.10155 17.1474 moveto
-46.09845 18.38715 -44.35283 18.19412 -44.09781 17.24504 curveto
-44.13268 15.69095 -42.72682 15.94589 -42.34628 17.06422 curveto stroke
newpath -35.1962 -44.35661 moveto
-35.40688 -43.20903 -33.69885 -43.2336 -33.78569 -44.5439 curveto
-33.50162 -45.71924 -31.91055 -45.46881 -31.79398 -44.41954 curveto stroke
newpath -34.71638 -33.54796 moveto
-34.90526 -32.62915 -33.1424 -32.2542 -33.09483 -33.40088 curveto
-33.20885 -34.76947 -31.3483 -34.63481 -31.41776 -33.7669 curveto stroke
newpath -33.61299 -22.66667 moveto
-33.55539 -21.7114 -31.71846 -21.57074 -31.8887 -22.74745 curveto
-31.6486 -23.80968 -29.86456 -24.01756 -30.08084 -22.72017 curveto stroke
newpath -31.51637 -15.70341 moveto
-31.80469 -14.73462 -29.70848 -14.62321 -30.10983 -15.78143 curveto
-30.05678 -17.0144 -28.07999 -17.03526 -28.17049 -16.00224 curveto stroke
newpath -35.4055 -4.23953 moveto
-35.4523 -3.06778 -33.58055 -3.21329 -33.80966 -4.35541 curveto
-33.95981 -5.49458 -32.13321 -5.38284 -32.0611 -4.2256 curveto stroke
newpath -28.28394 8.07458 moveto
-28.06316 9.22014 -26.71388 9.26695 -26.40721 7.89433 curveto
-26.53273 6.80435 -24.95215 6.91585 -24.72466 8.05591 curveto stroke
newpath -35.25323 19.39856 moveto
-35.11104 20.46635 -33.52487 20.46414 -33.39787 19.24268 curveto
-33.49995 17.84819 -31.81352 18.10397 -31.87325 19.184 curveto stroke
newpath -19.23589 -46.10399 moveto
-19.35606 -44.51569 -17.72122 -44.79758 -17.43886 -45.78816 curveto
-17.52437 -46.85307 -15.97128 -47.09247 -15.6072 -45.83745 curveto stroke
newpath -23.83228 -37.37514 moveto
-23.49991 -36.11804 -22.04546 -35.9661 -22.00145 -37.08554 curveto
-21.8575 -38.30023 -20.00818 -38.3457 -20.02667 -37.34746 curveto stroke
newpath -20.49062 -21.87726 moveto
-20.7553 -20.81609 -19.04823 -20.66689 -18.91634 -21.80122 curveto
-19.0859 -23.29744 -17.08987 -23.31577 -17.39998 -21.8499 curveto stroke
newpath -22.32007 -9.81168 moveto
-22.53711 -8.67807 -20.76326 -8.81244 -20.90675 -10.09445 curveto
-20.6475 -11.22482 -18.95677 -10.94147 -19.10579 -10.16093 curveto stroke
newpath -24.02191 -1.0407 moveto
-24.27095 -0.21553 -22.29945 0.18796 -22.13313 -0.97696 curveto
-22.52765 -2.29669 -20.77148 -2.32333 -20.4153 -1.05786 curveto stroke
newpath -23.94585 6.44196 moveto
-23.93161 7.67677 -22.31447 7.8786 -22.16345 6.75368 curveto
-22.19185 5.36737 -20.43219 5.60631 -20.56535 6.72879 curveto stroke
newpath -20.81033 17.40013 moveto
-21.19273 18.64058 -19.38234 18.49825 -19.42276 17.27075 curveto
-19.37907 16.30666 -17.65923 16.2999 -17.64685 17.5366 curveto stroke
newpath -12.41278 -39.75531 moveto
-12.64038 -38.27249 -10.68852 -38.5138 -10.59828 -39.48563 curveto
-10.88184 -40.62762 -8.92798 -40.6591 -8.9219 -39.57121 curveto stroke
newpath -15.0284 -37.5697 moveto
-15.03131 -36.37244 -13.42805 -36.1193 -13.22299 -37.35988 curveto
-13.16241 -38.47925 -11.36812 -38.47775 -11.48946 -37.51137 curveto stroke
newpath -13.87985 -24.8056 moveto
-13.95856 -23.38596 -12.2778 -23.6075 -12.21263 -24.92955 curveto
-12.41148 -26.13712 -10.56497 -25.7264 -10.47362 -24.66638 curveto stroke
newpath -14.80193 -13.35046 moveto
-14.51976 -12.16699 -12.99329 -12.28662 -13.00917 -13.33557 curveto
-12.72656 -14.31424 -11.1162 -14.38766 -11.01094 -13.04675 curveto stroke
newpath -14.03358 -3.73994 moveto
-14.11615 -2.73924 -12.13316 -2.67299 -12.03383 -4.037 curveto
-12.20868 -5.21431 -10.28093 -4.75208 -10.45403 -3.78618 curveto stroke
newpath -14.62411 8.16776 moveto
-14.635 9.60971 -12.76491 9.52571 -12.8053 8.30525 curveto
-12.85141 7.21039 -11.0503 6.91579 -10.89542 8.41945 curveto stroke
newpath -6.63734 19.75682 moveto
-6.81377 21.22917 -5.13495 20.86095 -4.99086 19.86975 curveto
-4.90945 18.82631 -3.04688 18.6692 -3.1259 19.71196 curveto stroke
newpath 2.92728 -43.72643 moveto
2.8217 -42.69421 4.34738 -42.30087 4.454 -43.62932 curveto
4.37462 -45.00308 6.3585 -44.75075 6.323 -43.84268 curveto stroke
newpath 3.59488 -30.69347 moveto
3.4991 -29.59323 5.20851 -29.4852 5.15575 -31.02153 curveto
5.39128 -32.21588 7.17345 -31.97617 7.10533 -30.9676 curveto stroke
newpath 0.95012 -26.03865 moveto
1.01692 -24.42467 2.86868 -24.53339 2.57439 -25.6102 curveto
2.74947 -27.21036 4.2911 -27.07094 4.43282 -25.98965 curveto stroke
newpath 0.65639 -15.48509 moveto
0.96121 -14.25842 2.62337 -14.32637 2.79335 -15.18623 curveto
2.35501 -16.64774 4.11845 -16.46118 4.37373 -15.59923 curveto stroke
newpath 0.10693 2.73419 moveto
0.15431 4.15695 1.86104 3.91975 1.89374 2.82141 curveto
1.80109 1.71994 3.55583 1.58092 3.51978 2.98601 curveto stroke
newpath 0.91489 12.2146 moveto
1.23363 13.43707 2.65504 13.38174 2.93512 12.0718 curveto
2.69856 11.10638 4.65352 11.28146 4.4382 12.31561 curveto stroke
newpath -4.9472 14.87955 moveto
-4.67741 16.3206 -2.93294 16.06937 -3.18692 14.96353 curveto
-2.94644 13.76968 -1.32237 13.6325 -1.48595 14.96663 curveto stroke
newpath 13.3111 -42.758 moveto
13.35399 -41.54208 15.02458 -41.49052 14.79341 -42.68602 curveto
15.10489 -43.82372 16.7245 -43.95639 16.64464 -42.86238 curveto stroke
newpath 5.7321 -37.03781 moveto
5.91801 -35.82181 7.297 -35.81927 7.6601 -37.1736 curveto
7.54453 -38.08151 9.43819 -38.34216 9.21286 -36.73557 curveto stroke
newpath 7.05463 -9.4741 moveto
7.32928 -8.35123 8.99022 -8.24312 9.16765 -9.50067 curveto
9.00432 -10.90527 10.90063 -10.5919 10.92264 -9.73552 curveto stroke
newpath 7.25774 -5.10081 moveto
7.42293 -4.27179 9.2304 -4.30148 9.0113 -5.42392 curveto
9.0735 -6.21239 10.87836 -6.33218 10.66821 -5.32991 curveto stroke
newpath 6.82945 4.45154 moveto
7.19905 5.6921 8.9786 5.30453 8.74948 4.57098 curveto
8.725 3.27487 10.6438 3.06598 10.51367 4.25478 curveto stroke
newpath 9.21834 23.84239 moveto
9.19057 24.82307 11.3091 24.88455 11.17032 23.83702 curveto
11.33049 22.75562 12.84781 22.65242 12.93358 23.68755 curveto stroke
newpath 16.55121 -44.25554 moveto
16.23497 -42.98833 18.23967 -43.11642 17.98825 -44.4431 curveto
18.26308 -45.29999 19.90631 -45.4227 19.78015 -44.03757 curveto stroke
newpath 20.61348 -34.63554 moveto
20.33572 -33.45474 22.10806 -33.61244 22.10905 -34.82362 curveto
22.11523 -36.04358 24.02818 -36.12213 23.92987 -34.62704 curveto stroke
newpath 18.8172 -19.26262 moveto
18.58633 -17.91579 20.2864 -17.88005 20.30655 -18.86765 curveto
20.4345 -20.28674 22.04666 -20.03418 22.17023 -19.00542 curveto stroke
newpath 21.22266 -13.66614 moveto
21.47386 -12.37459 23.11125 -12.3483 23.19713 -13.68001 curveto
23.21732 -14.96239 24.76552 -14.7409 25.15047 -13.60757 curveto stroke
newpath 20.25775 -2.782 moveto
20.20958 -1.96602 21.8975 -1.96689 21.69305 -3.13062 curveto
21.91022 -3.9224 23.77248 -3.96152 23.75356 -2.91301 curveto stroke
newpath 20.31436 5.99469 moveto
20.15005 6.72792 21.85365 6.9765 21.84457 5.80115 curveto
22.01622 4.76971 23.6917 4.79976 23.77267 5.82678 curveto stroke
newpath 17.76865 17.39603 moveto
17.74486 18.59554 19.8446 18.836 19.66016 17.5345 curveto
19.4732 16.29268 21.51077 16.52774 21.51216 17.67554 curveto stroke
newpath 30.17747 -44.62311 moveto
29.78647 -43.46545 31.8071 -43.30568 31.65282 -44.62158 curveto
31.54044 -46.00708 33.5668 -45.91637 33.54579 -44.66655 curveto stroke
newpath 34.95253 -33.94281 moveto
34.78986 -32.65717 36.56476 -32.5524 36.61758 -33.86543 curveto
36.63252 -34.85463 38.52834 -34.92732 38.22438 -33.60469 curveto stroke
newpath 30.18752 -18.71808 moveto
29.95679 -17.85619 31.78117 -17.56396 31.69228 -18.9753 curveto
31.62044 -20.12685 33.82245 -19.89574 33.37982 -18.978 curveto stroke
newpath 26.33328 -8.01353 moveto
26.33246 -7.09657 28.24103 -7.03545 27.90031 -8.42285 curveto
28.09781 -9.42462 29.91287 -9.33556 29.69884 -8.12775 curveto stroke
newpath 27.72531 1.96837 moveto
27.7728 2.78703 29.73924 2.85152 29.41554 1.64989 curveto
29.7657 0.75436 31.28493 0.5388 31.10748 1.89313 curveto stroke
newpath 35.22908 12.64412 moveto
35.155 13.52571 36.81216 13.79695 36.7635 12.41327 curveto
36.8585 11.55586 38.64374 11.22365 38.57346 12.5741 curveto stroke
newpath 32.74014 19.9841 moveto
32.46034 21.25058 34.27469 21.0518 34.55247 20.05812 curveto
34.28311 18.88585 36.023 18.50627 36.08533 20.07297 curveto stroke
newpath 42.77179 -35.38869 moveto
42.5322 -34.15053 44.28099 -34.4246 44.32973 -35.25114 curveto
44.2413 -36.70885 46.01431 -36.86282 46.15959 -35.52406 curveto stroke
newpath 43.92764 -26.50711 moveto
43.90585 -25.56131 45.62051 -25.24944 45.71332 -26.3952 curveto
45.40012 -27.7515 47.25543 -27.65677 47.30522 -26.54375 curveto stroke
newpath 37.4401 -9.27965 moveto
37.52005 -8.24821 39.2886 -8.39343 39.4698 -9.22397 curveto
39.17348 -10.72714 41.07971 -10.57657 41.29883 -9.55223 curveto stroke
newpath 44.0767 -2.97215 moveto
44.07121 -1.83588 46.03929 -1.9711 45.60341 -3.21065 curveto
45.88799 -4.25008 47.64514 -4.05249 47.55994 -3.01006 curveto stroke
newpath 43.38956 5.78787 moveto
43.63992 7.16647 45.3648 6.8946 45.50824 5.70532 curveto
45.17545 4.74623 47.21402 4.61186 47.21516 6.06601 curveto stroke
newpath 43.1414 21.33917 moveto
43.2312 22.18277 44.68892 22.31511 44.7188 21.31735 curveto
45.02614 19.85156 46.4931 19.90169 46.61433 20.91026 curveto stroke
newpath 55.83594 -46.01105 moveto
55.79315 -44.74536 57.85388 -44.94002 57.48012 -45.65944 curveto
57.87837 -47.0774 59.63333 -47.17119 59.40529 -45.99464 curveto stroke
newpath 55.95428 -32.33095 moveto
56.10207 -31.19583 58.05228 -30.85652 57.79297 -32.16673 curveto
58.1156 -33.41446 59.5923 -33.29436 59.6059 -32.32039 curveto stroke
newpath 48.31938 -20.63292 moveto
48.55153 -19.60414 49.99551 -19.42575 50.13823 -20.90433 curveto
50.10136 -21.65387 52.08987 -21.8973 51.6737 -20.7682 curveto stroke
newpath 53.57646 -12.9369 moveto
53.36584 -11.71687 55.11499 -11.62651 54.94641 -12.6741 curveto
54.98172 -14.0268 56.83186 -13.88776 56.9587 -12.97147 curveto stroke
newpath 53.1111 -0.40887 moveto
53.01617 0.70895 54.84802 0.77641 54.97679 -0.72491 curveto
54.79942 -1.88739 56.81013 -1.81952 56.65291 -0.61441 curveto stroke
newpath 55.83174 9.3182 moveto
55.8306 10.18991 57.72577 10.45003 57.87611 8.97626 curveto
57.95728 7.8871 59.6029 7.97571 59.6102 9.08627 curveto stroke
newpath 55.25616 16.36612 moveto
55.68887 17.21317 57.00989 17.2793 57.01637 16.11873 curveto
57.4301 15.17062 58.7494 14.82275 58.84149 15.98042 curveto stroke
grestore
gsave newpath 0.14 -29.01 moveto
0.14 -29.01 -5.14 -33.86 -6.12 -34.7 curveto
-7.1 -35.54 -12.12 -41.57 -13.72 -42.24 curveto
-15.32 -42.92 -21.61 -44.16 -21.61 -44.16 curveto
-32.35 -45.28 lineto
-41.6 -45.36 lineto
-41.6 -45.36 -48.88 -44.89 -51.16 -44.64 curveto
-53.44 -44.4 -55.15 -43.17 -55.15 -43.17 curveto
-61.22 -41.56 lineto
-59.98 -38.66 lineto
-57.19 -24.55 lineto
-57.19 -24.55 -78.7 -28.17 -85.05 -26.33 curveto
-91.39 -24.49 -100.22 -11.89 -100.22 -11.89 curveto
-100.22 -11.89 -113.84 -2.88 -114.2 -5.47 curveto
-114.57 -8.07 -119.31 -15.58 -122.8 -18.61 curveto
-126.29 -21.63 -133.49 -26.95 -133.49 -26.95 curveto
-131.99 -41.88 lineto
-117.54 -63.32 lineto
-99.34 -66.34 lineto
-99.34 -66.34 -36.84 -59.77 -26.29 -56.56 curveto
-15.73 -53.35 4.54 -34.33 4.54 -34.33 curveto
2.03 -29.89 lineto
0.14 -29.01 lineto
 closepath clip
 0 0 0 setrgbcolor 0 0.35 dtransform truncate idtransform setlinewidth pop
 [] 0 setdash 1 setlinecap 1 setlinejoin 10 setmiterlimit
newpath -135.8891 -68.84036 moveto
-135.92262 -67.60167 -134.46817 -67.86952 -134.44977 -68.65068 curveto
-134.07596 -69.77438 -132.53545 -69.87093 -132.6107 -68.73024 curveto stroke
newpath -141.44644 -55.42703 moveto
-141.42906 -54.38 -139.68077 -54.07292 -139.40395 -55.21701 curveto
-139.51675 -56.43819 -137.5942 -56.38338 -137.73808 -55.6058 curveto stroke
newpath -141.36598 -44.61942 moveto
-141.38664 -43.5624 -139.90248 -43.75154 -139.69588 -44.70454 curveto
-139.64766 -46.0737 -138.11346 -46.01689 -137.88501 -44.50165 curveto stroke
newpath -141.80003 -36.86185 moveto
-141.52393 -35.53525 -140.08354 -35.49704 -140.14632 -36.87222 curveto
-139.9012 -37.65953 -138.0419 -38.00925 -138.29884 -36.51707 curveto stroke
newpath -141.80928 -24.9925 moveto
-141.91312 -23.84496 -139.85878 -24.18704 -140.02995 -25.31693 curveto
-139.95853 -26.14658 -138.36584 -26.21442 -138.06523 -25.24368 curveto stroke
newpath -135.0351 -19.96262 moveto
-135.07237 -19.06581 -133.25452 -19.08209 -133.23485 -19.98427 curveto
-133.38696 -21.01144 -131.49976 -21.06947 -131.79205 -20.17752 curveto stroke
newpath -133.93817 -0.76414 moveto
-134.12805 0.60414 -132.41411 0.23299 -132.49243 -0.59381 curveto
-132.41298 -1.73691 -130.67342 -1.99857 -130.72864 -0.59326 curveto stroke
newpath -126.43427 -68.9293 moveto
-126.21446 -67.97044 -124.36131 -67.95578 -124.36404 -68.95804 curveto
-124.6415 -70.1189 -122.64479 -70.09207 -122.72684 -68.8436 curveto stroke
newpath -131.2946 -39.42554 moveto
-131.0777 -38.31203 -129.33264 -38.15697 -129.4292 -39.40932 curveto
-129.4026 -40.51497 -127.86652 -40.39554 -127.87152 -39.4961 curveto stroke
newpath -125.32028 -15.11719 moveto
-125.45078 -13.99687 -123.55055 -14.11311 -123.82506 -15.40108 curveto
-123.868 -16.13869 -122.19385 -16.53879 -122.01524 -15.25453 curveto stroke
newpath -122.5918 -7.97253 moveto
-122.34962 -6.89081 -120.85362 -6.9236 -120.54665 -8.04614 curveto
-120.61206 -9.21274 -119.14969 -9.17772 -118.96864 -8.00041 curveto stroke
newpath -117.8559 -64.7481 moveto
-117.72513 -63.45103 -116.13676 -63.53471 -116.19994 -64.90898 curveto
-116.05112 -65.81145 -114.30536 -65.96304 -114.23448 -64.62265 curveto stroke
newpath -114.83884 -56.8135 moveto
-115.07103 -55.6868 -112.88034 -55.794 -113.1741 -56.70161 curveto
-113.05473 -57.72429 -111.17207 -57.74828 -111.24649 -56.93541 curveto stroke
newpath -111.80087 -43.1245 moveto
-112.18112 -41.73384 -110.0377 -41.70355 -110.22235 -42.76675 curveto
-110.01079 -44.08708 -108.4822 -44.29437 -108.6003 -43.10136 curveto stroke
newpath -120.6504 -37.54024 moveto
-120.36276 -36.66602 -118.65459 -36.58672 -118.74487 -37.57603 curveto
-118.89828 -38.5656 -116.70148 -38.61098 -116.9773 -37.85284 curveto stroke
newpath -112.99718 -25.23769 moveto
-113.3274 -24.11774 -111.49208 -23.8371 -111.31161 -25.00247 curveto
-111.33696 -26.31638 -109.83958 -26.30956 -109.78711 -25.0141 curveto stroke
newpath -117.92679 -17.8289 moveto
-117.53342 -16.66867 -115.95139 -16.68486 -115.96602 -17.56168 curveto
-115.79678 -18.64609 -114.31848 -18.79729 -114.37732 -17.87091 curveto stroke
newpath -120.74841 -8.98723 moveto
-120.51556 -7.52701 -118.73785 -7.74034 -119.06096 -8.54324 curveto
-118.80888 -9.84358 -117.00958 -9.91156 -117.19542 -8.7597 curveto stroke
newpath -103.3842 -72.5098 moveto
-103.35518 -71.26515 -101.51605 -71.2095 -101.44543 -72.24982 curveto
-101.60266 -73.50401 -99.82614 -73.449 -99.82751 -72.20534 curveto stroke
newpath -102.73091 -61.57143 moveto
-103.07263 -60.84528 -101.05753 -60.4541 -101.23526 -61.86331 curveto
-101.11345 -62.8545 -99.30348 -62.82486 -99.5239 -61.91458 curveto stroke
newpath -107.9529 -44.4899 moveto
-107.88339 -43.48741 -106.44398 -43.2353 -106.3159 -44.62558 curveto
-106.16727 -45.73714 -104.70425 -45.48167 -104.49506 -44.34265 curveto stroke
newpath -103.7133 -39.46423 moveto
-103.7797 -38.02853 -101.82549 -38.25343 -101.7681 -39.17531 curveto
-102.15733 -40.30653 -100.16139 -40.66785 -100.09111 -39.25377 curveto stroke
newpath -105.4354 -21.80646 moveto
-105.32155 -20.86754 -103.52742 -20.69633 -103.40266 -21.65497 curveto
-103.68085 -22.99025 -101.93243 -22.97845 -101.68478 -21.73541 curveto stroke
newpath -103.69896 -18.57835 moveto
-103.66908 -17.56099 -102.17036 -17.66142 -101.90224 -18.72519 curveto
-102.18488 -20.03864 -100.45815 -19.74258 -100.22098 -18.48051 curveto stroke
newpath -107.9677 -5.84152 moveto
-107.79507 -4.72433 -106.11584 -4.83366 -106.13121 -5.98918 curveto
-106.03168 -7.43185 -104.28189 -7.03629 -104.287 -6.00339 curveto stroke
newpath -99.62907 -64.61935 moveto
-99.30333 -63.59265 -97.53838 -63.55998 -97.78273 -64.702 curveto
-97.6745 -66.05728 -95.84166 -65.79861 -95.79854 -64.75024 curveto stroke
newpath -93.57622 -55.86191 moveto
-93.30696 -54.41994 -91.95593 -54.56682 -91.66997 -56.00702 curveto
-91.95432 -56.82486 -89.93646 -57.18147 -90.16324 -55.759 curveto stroke
newpath -96.18819 -45.55042 moveto
-96.47011 -44.26196 -94.8559 -44.36061 -94.57257 -45.83543 curveto
-94.50558 -46.61626 -92.82658 -46.63474 -92.79686 -45.41887 curveto stroke
newpath -95.17926 -36.59483 moveto
-95.12978 -35.32281 -93.72008 -35.31049 -93.42741 -36.37099 curveto
-93.70766 -37.52927 -91.84636 -37.41388 -91.61514 -36.59447 curveto stroke
newpath -95.66869 -17.40219 moveto
-95.3375 -15.96466 -93.52472 -16.25392 -93.8374 -17.12473 curveto
-93.60962 -18.57457 -92.07999 -18.21912 -92.02113 -16.9986 curveto stroke
newpath -95.65285 -6.93626 moveto
-95.2882 -5.69948 -93.60777 -5.90276 -93.8747 -7.03357 curveto
-93.65007 -8.04865 -92.12122 -8.07964 -91.92819 -6.81343 curveto stroke
newpath -84.78139 -68.46254 moveto
-84.90588 -67.32047 -83.3134 -67.091 -83.19183 -68.39136 curveto
-83.12314 -69.6583 -81.28964 -69.6987 -81.63751 -68.50406 curveto stroke
newpath -85.73143 -54.47554 moveto
-85.5639 -53.3105 -84.06367 -53.10115 -83.68579 -54.47443 curveto
-83.72124 -55.76573 -81.90912 -55.40672 -82.30452 -54.33012 curveto stroke
newpath -81.42462 -44.72063 moveto
-81.44844 -43.62685 -79.72008 -43.4156 -79.62457 -44.61696 curveto
-79.71541 -45.61368 -77.79602 -45.7482 -77.99033 -44.79749 curveto stroke
newpath -82.67511 -35.1106 moveto
-82.46637 -34.24014 -80.61023 -33.9961 -80.89685 -35.07181 curveto
-80.76012 -36.63383 -79.09749 -36.50208 -79.022 -35.04305 curveto stroke
newpath -80.78488 -29.48003 moveto
-80.41748 -28.24841 -78.67647 -28.29938 -78.87584 -29.10558 curveto
-78.87595 -30.41982 -77.0296 -30.22885 -77.21742 -29.08421 curveto stroke
newpath -86.34056 -14.2335 moveto
-86.40175 -13.35901 -84.608 -13.16318 -84.59756 -14.07782 curveto
-84.89842 -15.28859 -82.81517 -15.47577 -83.2471 -14.18196 curveto stroke
newpath -80.39049 -5.2475 moveto
-80.14491 -4.0549 -78.46442 -4.12164 -78.5849 -4.96655 curveto
-78.68274 -6.28593 -76.9792 -6.38916 -76.64636 -4.83583 curveto stroke
newpath -74.63239 -68.3204 moveto
-74.5719 -66.98817 -72.64536 -67.01982 -72.8069 -68.24138 curveto
-72.58838 -69.4344 -70.75182 -69.65463 -70.89827 -68.18599 curveto stroke
newpath -75.81424 -54.65912 moveto
-75.90414 -53.41771 -73.9343 -53.36275 -73.80142 -54.56714 curveto
-73.7847 -55.55757 -72.41147 -55.86871 -72.22173 -54.70853 curveto stroke
newpath -75.4217 -46.91904 moveto
-75.26405 -45.69835 -73.34482 -46.09125 -73.62674 -47.10245 curveto
-73.53804 -48.2973 -71.50717 -48.0932 -71.74905 -47.06761 curveto stroke
newpath -74.08372 -34.62624 moveto
-73.99915 -33.10469 -72.7097 -33.08775 -72.42152 -34.46005 curveto
-72.34006 -35.7407 -70.9349 -35.76001 -70.51033 -34.54025 curveto stroke
newpath -78.09877 -29.32796 moveto
-78.35371 -27.96823 -76.42857 -27.94765 -76.55006 -29.13516 curveto
-76.3399 -30.51494 -74.69545 -30.41849 -74.66353 -29.37248 curveto stroke
newpath -71.97234 -16.33806 moveto
-71.95183 -14.93277 -70.55904 -15.29482 -70.43192 -16.49228 curveto
-70.24745 -17.46759 -68.70105 -17.26276 -68.7165 -16.25256 curveto stroke
newpath -73.7521 -9.3144 moveto
-73.57181 -8.02432 -71.79875 -8.23744 -72.05704 -9.35008 curveto
-71.73788 -10.5069 -70.31952 -10.55577 -70.43547 -9.52986 curveto stroke
newpath -63.76813 -65.05237 moveto
-63.51051 -63.9213 -61.6713 -64.04674 -61.74976 -65.08696 curveto
-61.63367 -66.5626 -59.85983 -66.46123 -60.02397 -65.10486 curveto stroke
newpath -61.6515 -53.73154 moveto
-61.56163 -52.56367 -59.76343 -52.7112 -60.03308 -54.08638 curveto
-60.06844 -55.27113 -57.99902 -55.1664 -57.99977 -53.68758 curveto stroke
newpath -60.29633 -45.7039 moveto
-60.41312 -44.53732 -58.56702 -44.72235 -58.54675 -45.4914 curveto
-58.31818 -46.76344 -56.56161 -46.73271 -56.73048 -45.66463 curveto stroke
newpath -66.62355 -36.58784 moveto
-66.23769 -35.41644 -64.849 -35.60149 -64.80086 -36.58542 curveto
-64.85507 -37.7331 -62.78346 -37.74847 -63.03603 -36.62947 curveto stroke
newpath -59.29686 -22.78285 moveto
-59.64668 -21.62386 -57.94092 -21.42659 -57.91547 -22.67964 curveto
-57.87445 -23.64606 -55.7911 -23.75484 -56.02 -22.7328 curveto stroke
newpath -62.58578 -18.23955 moveto
-62.43758 -17.3265 -60.46002 -17.19542 -60.6764 -18.54704 curveto
-60.59857 -19.58073 -58.83405 -19.38655 -59.05032 -18.13988 curveto stroke
newpath -63.18622 -8.38144 moveto
-63.05171 -7.52443 -61.687 -7.64944 -61.6464 -8.70055 curveto
-61.6977 -9.9492 -59.5245 -9.69632 -59.90656 -8.73967 curveto stroke
newpath -56.68483 -68.84094 moveto
-56.69945 -67.77234 -54.9182 -67.83209 -55.23904 -68.88156 curveto
-55.30325 -69.93129 -53.19037 -70.25716 -53.40616 -68.80347 curveto stroke
newpath -57.51337 -58.88002 moveto
-57.88872 -57.81694 -56.05281 -57.72638 -55.81166 -58.60828 curveto
-55.92825 -59.69206 -54.44699 -59.69376 -54.35501 -58.64586 curveto stroke
newpath -57.69925 -49.64209 moveto
-57.6461 -48.59187 -55.97273 -48.67079 -55.90074 -49.68147 curveto
-55.64685 -50.88235 -54.09695 -51.00766 -53.86082 -49.714 curveto stroke
newpath -49.08427 -34.82697 moveto
-49.06915 -33.43105 -47.28004 -33.52866 -47.34941 -34.93048 curveto
-47.28073 -35.85815 -45.3897 -35.958 -45.23306 -34.92723 curveto stroke
newpath -52.75244 -24.52142 moveto
-52.39536 -23.1593 -50.93878 -23.19662 -51.00461 -24.34395 curveto
-50.9539 -25.679 -48.8989 -25.64476 -49.09367 -24.4265 curveto stroke
newpath -55.37825 -15.5182 moveto
-55.52328 -14.67476 -53.5533 -14.43619 -53.58838 -15.52435 curveto
-53.85393 -16.78062 -52.02856 -16.666 -52.08716 -15.62036 curveto stroke
newpath -52.93352 -7.67061 moveto
-53.34213 -6.45227 -51.30678 -6.26271 -51.5047 -7.27896 curveto
-51.5307 -8.79358 -49.63736 -8.84503 -49.50945 -7.56584 curveto stroke
newpath -38.94774 -68.15013 moveto
-39.13956 -67.17471 -37.40988 -66.98169 -37.20471 -68.28815 curveto
-37.08913 -69.44795 -35.36543 -69.39131 -35.52026 -68.1146 curveto stroke
newpath -43.35875 -56.88338 moveto
-43.59981 -55.76752 -41.58693 -55.53421 -41.95367 -56.73436 curveto
-41.68816 -58.15518 -39.93806 -58.01152 -39.79594 -57.02837 curveto stroke
newpath -41.66779 -51.2088 moveto
-41.60858 -49.8418 -39.74109 -50.01765 -39.9398 -51.07265 curveto
-40.07831 -52.34995 -38.05301 -52.49393 -38.2643 -51.07787 curveto stroke
newpath -38.71523 -40.14093 moveto
-38.5719 -38.89795 -36.72542 -38.74951 -36.84853 -39.95432 curveto
-37.02742 -40.98958 -35.22198 -41.24849 -34.99387 -39.95514 curveto stroke
newpath -42.6005 -22.83629 moveto
-42.53677 -21.99698 -41.04245 -21.69368 -41.09923 -22.76414 curveto
-40.93015 -23.9378 -39.24179 -24.28691 -39.03984 -23.18103 curveto stroke
newpath -45.24445 -11.8471 moveto
-44.91423 -10.86815 -43.39624 -10.57692 -43.32002 -11.72957 curveto
-43.5074 -13.21545 -41.62271 -13.04292 -41.72365 -11.96149 curveto stroke
newpath -46.87643 -1.75235 moveto
-46.86559 -0.44035 -45.08426 -0.7463 -45.37868 -1.5816 curveto
-45.0285 -3.0208 -43.46506 -2.69096 -43.41655 -1.61392 curveto stroke
newpath -35.88116 -67.12111 moveto
-35.81552 -66.00946 -34.14046 -66.12296 -34.02457 -67.30205 curveto
-34.03268 -68.20705 -32.13893 -68.2613 -32.40677 -67.04533 curveto stroke
newpath -36.6987 -59.35493 moveto
-36.5155 -58.181 -35.04378 -58.46274 -34.80528 -59.6576 curveto
-34.78844 -60.6566 -33.35403 -60.53125 -33.17888 -59.51726 curveto stroke
newpath -35.40862 -51.30515 moveto
-35.41307 -49.87325 -33.5586 -49.97931 -33.39296 -51.32811 curveto
-33.53508 -52.15659 -31.85072 -52.42854 -31.63324 -51.18584 curveto stroke
newpath -35.3808 -35.82063 moveto
-35.25293 -34.54468 -33.85352 -34.78244 -33.64056 -35.62376 curveto
-33.59238 -37.00374 -32.13203 -36.90323 -31.85509 -35.63469 curveto stroke
newpath -33.03789 -23.86876 moveto
-32.96535 -22.64478 -31.22585 -22.65881 -31.29637 -23.52153 curveto
-30.95737 -24.96028 -29.19598 -24.9401 -29.15651 -23.81265 curveto stroke
newpath -32.15536 -14.65875 moveto
-32.41759 -13.71475 -30.344 -13.68813 -30.69856 -14.6361 curveto
-30.45288 -15.85887 -28.82965 -16.18402 -28.76985 -14.60608 curveto stroke
newpath -35.55867 -6.94548 moveto
-35.56279 -5.61063 -34.134 -5.79955 -33.91196 -6.77724 curveto
-33.93259 -8.28995 -32.26167 -8.3588 -32.27129 -6.951 curveto stroke
newpath -23.4045 -63.89287 moveto
-23.47914 -62.76323 -21.42836 -62.54222 -21.72058 -63.67781 curveto
-21.61742 -64.9638 -19.84561 -65.22661 -19.69533 -63.97478 curveto stroke
newpath -22.23962 -60.20033 moveto
-22.39813 -58.687 -20.56895 -58.85532 -20.59106 -60.08514 curveto
-20.66986 -61.41475 -19.03421 -61.12077 -19.03229 -59.856 curveto stroke
newpath -25.41083 -47.8188 moveto
-25.37534 -46.8665 -23.78966 -46.55551 -23.7395 -47.72758 curveto
-23.82343 -48.95569 -21.89473 -49.26286 -22.01314 -47.71144 curveto stroke
newpath -21.19365 -33.37979 moveto
-21.30196 -32.18349 -19.52728 -32.16951 -19.36836 -33.26433 curveto
-19.52116 -34.28297 -17.66515 -34.47548 -17.55621 -33.08449 curveto stroke
newpath -18.30887 -27.62701 moveto
-18.08507 -26.6016 -16.50995 -26.32408 -16.52362 -27.71431 curveto
-16.36758 -28.54765 -14.7468 -28.7316 -14.5794 -27.55925 curveto stroke
newpath -22.21988 -14.69077 moveto
-22.34302 -13.24849 -20.53102 -13.41077 -20.50781 -14.49089 curveto
-20.57834 -15.43411 -18.84828 -15.60925 -18.58826 -14.46628 curveto stroke
newpath -17.86787 -8.82782 moveto
-17.85867 -7.8647 -15.9777 -7.89249 -16.00478 -9.0227 curveto
-15.94556 -10.17769 -14.2451 -9.98468 -14.209 -9.0626 curveto stroke
newpath -14.95001 -72.22139 moveto
-15.14444 -71.0439 -13.0892 -71.00108 -13.39351 -72.22426 curveto
-13.41675 -73.6172 -11.21738 -73.37222 -11.3322 -72.09404 curveto stroke
newpath -8.49736 -55.47787 moveto
-8.65263 -54.46394 -6.88284 -54.22987 -6.87848 -55.34457 curveto
-6.67877 -56.76878 -5.14546 -56.73721 -5.09923 -55.34653 curveto stroke
newpath -7.88469 -32.26051 moveto
-7.85907 -31.53008 -6.31758 -31.26422 -6.08528 -32.50911 curveto
-6.1501 -33.67915 -4.45128 -33.77867 -4.38782 -32.59026 curveto stroke
newpath -11.65248 -27.94714 moveto
-11.75395 -26.52766 -10.07156 -26.50945 -10.17555 -27.53775 curveto
-10.15628 -29.05269 -8.5273 -28.90729 -8.33083 -27.57903 curveto stroke
newpath -8.83238 -16.46674 moveto
-8.81145 -15.27794 -7.09894 -15.13733 -6.81332 -16.67513 curveto
-7.04321 -17.41634 -5.41342 -17.78397 -5.2343 -16.47661 curveto stroke
newpath -7.57124 -6.33533 moveto
-7.60297 -5.29428 -5.81537 -5.4515 -5.7385 -6.66429 curveto
-5.44884 -7.6526 -3.68819 -7.62851 -3.89336 -6.28152 curveto stroke
newpath -2.16891 -71.00328 moveto
-2.00752 -69.89723 -0.17117 -69.64874 -0.57887 -70.90689 curveto
-0.15079 -71.90991 1.61711 -72.13492 1.61917 -70.86597 curveto stroke
newpath 3.52458 -58.08824 moveto
3.26135 -56.74448 5.22618 -57.17453 5.0707 -58.12637 curveto
4.84294 -59.13734 6.78746 -59.27475 6.72285 -58.23203 curveto stroke
newpath 1.90654 -44.68285 moveto
2.14145 -43.82545 3.9076 -43.56506 3.88127 -45.05455 curveto
3.70908 -46.0391 5.40108 -46.01971 5.81448 -44.91455 curveto stroke
newpath 1.04321 -29.38855 moveto
1.21384 -27.98747 2.86469 -28.35458 2.5577 -29.36153 curveto
2.55698 -30.49176 4.46677 -30.58807 4.72954 -29.16942 curveto stroke
newpath -3.80032 -16.48184 moveto
-3.82281 -15.08174 -2.29515 -15.31789 -2.10286 -16.62936 curveto
-2.31831 -17.56264 -0.49728 -17.79498 -0.29584 -16.56316 curveto stroke
newpath 2.2747 -9.18352 moveto
2.292 -8.17236 3.81583 -8.11316 4.16321 -9.14397 curveto
3.82501 -10.66013 5.92676 -10.4915 5.55849 -9.2664 curveto stroke
grestore
 0.00002 0.00018 0.00029 setrgbcolor
newpath 170.57 36.58 moveto
171.27 35.51 lineto
171.58 34.56 lineto
173.13 33.27 lineto
175.48 33.1 lineto
178.24 34.18 lineto
180.33 36.18 lineto
180.96 40.84 lineto
180.79 42.63 lineto
179.12 44.51 lineto
177.34 45.03 lineto
175.58 44.49 lineto
172.95 42.82 lineto
171.33 38.99 lineto
 closepath fill
 0 0 0 setrgbcolor 0 0.35 dtransform truncate idtransform setlinewidth pop
 [] 0 setdash 1 setlinejoin 10 setmiterlimit
newpath 170.57 36.58 moveto
171.27 35.51 lineto
171.58 34.56 lineto
173.13 33.27 lineto
175.48 33.1 lineto
178.24 34.18 lineto
180.33 36.18 lineto
180.96 40.84 lineto
180.79 42.63 lineto
179.12 44.51 lineto
177.34 45.03 lineto
175.58 44.49 lineto
172.95 42.82 lineto
171.33 38.99 lineto
 closepath stroke
 0.00002 0.00018 0.00029 setrgbcolor
newpath 177.13 47.34 moveto
176.64 46.09 lineto
177.34 45.03 lineto
179.9 44.96 lineto
182.19 47.12 lineto
179.52 48.39 lineto
 closepath fill
 0 0 0 setrgbcolor
newpath 177.13 47.34 moveto
176.64 46.09 lineto
177.34 45.03 lineto
179.9 44.96 lineto
182.19 47.12 lineto
179.52 48.39 lineto
 closepath stroke
 0.00002 0.00018 0.00029 setrgbcolor
newpath 182.77 48.23 moveto
182.19 47.12 lineto
184.19 46.63 lineto
185.66 47.82 lineto
184.88 49.02 lineto
 closepath fill
 0 0 0 setrgbcolor
newpath 182.77 48.23 moveto
182.19 47.12 lineto
184.19 46.63 lineto
185.66 47.82 lineto
184.88 49.02 lineto
 closepath stroke
 0.00002 0.00018 0.00029 setrgbcolor
newpath 183.2 40.22 moveto
182.88 39.51 lineto
181.77 37.68 lineto
180.68 35.61 lineto
182.17 35.75 lineto
184.25 37.68 lineto
185.14 39.57 lineto
184.88 40.67 lineto
 closepath fill
 0 0 0 setrgbcolor
newpath 183.2 40.22 moveto
182.88 39.51 lineto
181.77 37.68 lineto
180.68 35.61 lineto
182.17 35.75 lineto
184.25 37.68 lineto
185.14 39.57 lineto
184.88 40.67 lineto
 closepath stroke
 0 0.24501 dtransform truncate idtransform setlinewidth pop 1 setlinecap
newpath 153.02 39.05 moveto
153.52931 35.54803 lineto stroke
 0.24501 0 dtransform exch truncate exch idtransform pop setlinewidth
newpath 152.33249 38.94998 moveto
152.50212 37.78387 lineto stroke
 0 0.24501 dtransform truncate idtransform setlinewidth pop
newpath 151.64499 38.84999 moveto
152.15434 35.34802 lineto stroke
 0.24501 0 dtransform exch truncate exch idtransform pop setlinewidth
newpath 150.9575 38.74998 moveto
151.12714 37.58388 lineto stroke
 0 0.24501 dtransform truncate idtransform setlinewidth pop
newpath 150.27 38.65 moveto
150.77931 35.14803 lineto stroke
newpath 162.61 27.89 moveto
162.61 27.89 163.2675 28.57774 164.22182 29.6204 curveto
161.88144 30.1809 lineto
 closepath fill
newpath 164.22182 29.6204 moveto
164.69154 30.13362 165.23318 30.73283 165.80374 31.37834 curveto
163.45493 31.90001 lineto
 closepath fill
newpath 165.80373 31.37831 moveto
166.30681 31.94748 166.83235 32.55264 167.35089 33.1666 curveto
164.99434 33.64233 lineto
 closepath fill
newpath 167.3509 33.16664 moveto
167.86647 33.77708 168.3751 34.39621 168.84782 34.99728 curveto
166.48352 35.40726 lineto
 closepath fill
newpath 168.84782 34.99728 moveto
169.37375 35.666 169.85521 36.31236 170.25229 36.89955 curveto
167.8844 37.19325 lineto
 closepath fill
newpath 170.25227 36.89954 moveto
170.83665 37.76367 171.2383 38.49962 171.33 38.99 curveto
169.0579 38.95126 lineto
 closepath fill
 0 0.35 dtransform truncate idtransform setlinewidth pop
newpath 162.61 27.89 moveto
162.61 27.89 170.87 36.53 171.33 38.99 curveto stroke
newpath 167.9 27.13 moveto
173.50002 27.83005 lineto
170.21 32.02998 lineto
 closepath stroke
newpath 173.15 28.88 moveto
174.9 29.58005 lineto
173.50002 34.13 lineto
170.69995 34.13 lineto
 closepath stroke
newpath 169.50996 30.63 moveto
170.69995 32.73003 lineto
167.9 33.08005 lineto
 closepath stroke
 0 0.24501 dtransform truncate idtransform setlinewidth pop
newpath 167.9 27.13 moveto
170.69995 29.23003 lineto
170.21 32.02998 lineto stroke
newpath 170.69995 29.23003 moveto
173.50002 27.83005 lineto stroke
newpath 173.15 28.88 moveto
173.50002 30.63 lineto
172.79997 32.02998 lineto
170.69995 34.13 lineto stroke
newpath 173.50002 34.13 moveto
172.79997 32.02998 lineto stroke
newpath 174.9 29.58005 moveto
173.50002 30.63 lineto stroke
 0 0.35 dtransform truncate idtransform setlinewidth pop
newpath 147.75 21.77 moveto
153.35002 22.47005 lineto
150.06001 26.66998 lineto
 closepath stroke
newpath 153 23.52 moveto
154.75 24.22005 lineto
153.35002 28.77 lineto
150.54996 28.77 lineto
 closepath stroke
newpath 149.35997 25.27 moveto
150.54996 27.37003 lineto
147.75 27.72005 lineto
 closepath stroke
 0 0.24501 dtransform truncate idtransform setlinewidth pop
newpath 147.75 21.77 moveto
150.54996 23.87003 lineto
150.06001 26.66998 lineto stroke
newpath 150.54996 23.87003 moveto
153.35002 22.47005 lineto stroke
newpath 153 23.52 moveto
153.35002 25.27 lineto
152.64998 26.66998 lineto
150.54996 28.77 lineto stroke
newpath 153.35002 28.77 moveto
152.64998 26.66998 lineto stroke
newpath 154.75 24.22005 moveto
153.35002 25.27 lineto stroke
newpath 156.68 11.17 moveto
156.68 11.17 156.0392 10.30928 155.68452 9.30696 curveto
157.96883 9.27623 lineto
 closepath fill
newpath 155.68452 9.30696 moveto
155.46321 8.68153 155.3533 8.00098 155.58 7.44 curveto
155.60321 7.38156 155.633 7.31866 155.66884 7.25166 curveto
157.55339 8.12119 lineto
 closepath fill
newpath 155.66884 7.25166 moveto
155.89656 6.8259 156.3688 6.23456 156.95432 5.57224 curveto
157.90776 7.69702 lineto
 closepath fill
newpath 156.95428 5.57225 moveto
157.38934 5.08012 157.88693 4.54881 158.3932 4.0171 curveto
159.20474 6.21822 lineto
 closepath fill
newpath 158.39317 4.01714 moveto
158.89021 3.4951 159.39563 2.9727 159.85846 2.48663 curveto
160.64096 4.7059 lineto
 closepath fill
newpath 159.85849 2.48662 moveto
160.43085 1.88554 160.93808 1.34004 161.2838 0.91954 curveto
162.12637 3.13918 lineto
 closepath fill
newpath 161.28378 0.91954 moveto
161.43707 0.7331 161.55861 0.57123 161.64 0.44 curveto
161.84094 0.11441 162.12729 -0.34058 162.41676 -0.86752 curveto
163.67549 1.14038 lineto
 closepath fill
newpath 162.41676 -0.86752 moveto
162.7366 -1.44975 163.06024 -2.11984 163.27669 -2.80031 curveto
164.80798 -0.9517 lineto
 closepath fill
newpath 163.2767 -2.80034 moveto
163.50378 -3.51422 163.61288 -4.23952 163.47585 -4.88678 curveto
165.59212 -3.56891 lineto
 closepath fill
newpath 163.47585 -4.8868 moveto
163.39696 -5.25941 163.2365 -5.60617 162.97 -5.91 curveto
162.7874 -6.1207 162.52301 -6.30782 162.1947 -6.47362 curveto
164.6674 -7.1536 lineto
 closepath fill
newpath 162.1947 -6.47362 moveto
161.66525 -6.74101 160.96957 -6.95296 160.18266 -7.11887 curveto
161.80502 -8.87169 lineto
 closepath fill
newpath 160.18268 -7.11887 moveto
159.53296 -7.25586 158.82106 -7.36147 158.08919 -7.441 curveto
159.44998 -9.38255 lineto
 closepath fill
newpath 158.08922 -7.44098 moveto
157.39108 -7.51685 156.67477 -7.56897 155.97693 -7.60197 curveto
157.19334 -9.63142 lineto
 closepath fill
newpath 155.977 -7.60196 moveto
155.23549 -7.63702 154.51482 -7.65048 153.85893 -7.64787 curveto
154.96754 -9.73781 lineto
 closepath fill
newpath 153.85893 -7.64787 moveto
153.01471 -7.6445 152.27785 -7.61449 151.7421 -7.56961 curveto
152.73595 -9.72751 lineto
 closepath fill
newpath 151.7421 -7.56961 moveto
151.6674 -7.56335 151.59662 -7.55681 151.53 -7.55 curveto
150.95523 -7.49155 150.31047 -7.44081 149.6301 -7.40356 curveto
150.52585 -9.56792 lineto
 closepath fill
newpath 149.6301 -7.40356 moveto
148.94847 -7.36624 148.2311 -7.34245 147.51254 -7.33803 curveto
148.5078 -9.45709 lineto
 closepath fill
newpath 147.51251 -7.33803 moveto
146.7963 -7.3336 146.07892 -7.34842 145.39462 -7.3882 curveto
146.49892 -9.44577 lineto
 closepath fill
newpath 145.39459 -7.3882 moveto
144.63704 -7.43225 143.92003 -7.50691 143.29 -7.62 curveto
144.55142 -9.56268 lineto
 closepath fill
 0 0.35 dtransform truncate idtransform setlinewidth pop
newpath 156.68 11.17 moveto
156.68 11.17 154.99 8.9 155.58 7.44 curveto
156.16 5.98 160.84 1.73 161.64 0.44 curveto
162.43 -0.84 164.54 -4.12 162.97 -5.91 curveto
161.41 -7.71 153.88 -7.79 151.53 -7.55 curveto
149.17 -7.31 145.63 -7.2 143.29 -7.62 curveto stroke
newpath 64.62 -52.91 moveto
64.62 -52.91 65.43268 -53.0853 66.71097 -53.3308 curveto
66.07582 -51.06607 lineto
 closepath fill
newpath 66.71097 -53.3308 moveto
67.31767 -53.44731 68.02927 -53.57964 68.80864 -53.71654 curveto
68.13759 -51.46219 lineto
 closepath fill
newpath 68.80867 -53.71655 moveto
69.46887 -53.83253 70.17772 -53.9518 70.91264 -54.0675 curveto
70.2051 -51.82523 lineto
 closepath fill
newpath 70.91261 -54.06749 moveto
71.59935 -54.17561 72.30885 -54.28064 73.02272 -54.377 curveto
72.27293 -52.15042 lineto
 closepath fill
newpath 73.0227 -54.377 moveto
73.73021 -54.47249 74.442 -54.55946 75.14017 -54.6325 curveto
74.33585 -52.4282 lineto
 closepath fill
newpath 75.14012 -54.63249 moveto
75.87038 -54.7089 76.58572 -54.77003 77.26566 -54.80971 curveto
76.38525 -52.6412 lineto
 closepath fill
newpath 77.26563 -54.80971 moveto
78.03078 -54.85435 78.75107 -54.87183 79.39732 -54.8533 curveto
78.39563 -52.75519 lineto
 closepath fill
newpath 79.39732 -54.8533 moveto
79.62445 -54.84679 79.84244 -54.83582 80.05 -54.82 curveto
80.5066 -54.78517 81.00027 -54.73393 81.5214 -54.66762 curveto
80.25153 -52.69562 lineto
 closepath fill
newpath 81.5214 -54.66762 moveto
82.18594 -54.58304 82.89514 -54.47392 83.62907 -54.343 curveto
82.2478 -52.44435 lineto
 closepath fill
newpath 83.62898 -54.34302 moveto
84.31007 -54.22153 85.01247 -54.08124 85.72026 -53.92433 curveto
84.25938 -52.0864 lineto
 closepath fill
newpath 85.72038 -53.9243 moveto
86.41084 -53.77124 87.10645 -53.60236 87.79242 -53.41968 curveto
86.25975 -51.64307 lineto
 closepath fill
newpath 87.79248 -53.41965 moveto
88.49005 -53.23389 89.17767 -53.03386 89.83981 -52.82167 curveto
88.23177 -51.11737 lineto
 closepath fill
newpath 89.83978 -52.82169 moveto
90.54433 -52.59592 91.22003 -52.35638 91.84819 -52.10565 curveto
90.15071 -50.50089 lineto
 closepath fill
newpath 91.8482 -52.10565 moveto
92.56374 -51.82005 93.21758 -51.51991 93.78209 -51.20901 curveto
91.96323 -49.77328 lineto
 closepath fill
newpath 93.78212 -51.20901 moveto
94.5232 -50.80087 95.11032 -50.37419 95.48093 -49.9375 curveto
93.49467 -48.91623 lineto
 closepath fill
newpath 95.48093 -49.93747 moveto
95.53943 -49.86855 95.59253 -49.79938 95.64 -49.73 curveto
95.91312 -49.3307 96.25076 -48.7896 96.6424 -48.15016 curveto
94.30212 -47.9389 lineto
 closepath fill
newpath 96.6424 -48.15016 moveto
96.97588 -47.60567 97.34851 -46.98988 97.75377 -46.32968 curveto
95.4046 -46.14665 lineto
 closepath fill
newpath 97.75377 -46.32968 moveto
98.10692 -45.75438 98.48485 -45.14534 98.88324 -44.52034 curveto
96.53357 -44.31003 lineto
 closepath fill
newpath 98.88326 -44.5203 moveto
99.25638 -43.93495 99.64745 -43.3356 100.05292 -42.73686 curveto
97.70573 -42.473 lineto
 closepath fill
newpath 100.0529 -42.7369 moveto
100.4499 -42.15067 100.86073 -41.56502 101.28204 -40.99367 curveto
98.94083 -40.65135 lineto
 closepath fill
newpath 101.28201 -40.99371 moveto
101.70966 -40.41377 102.1481 -39.84856 102.59387 -39.31241 curveto
100.26543 -38.8577 lineto
 closepath fill
newpath 102.59386 -39.31242 moveto
103.06367 -38.74736 103.54163 -38.21457 104.02367 -37.73083 curveto
101.72186 -37.11009 lineto
 closepath fill
newpath 104.02368 -37.73082 moveto
104.5559 -37.19673 105.09306 -36.72244 105.62973 -36.33055 curveto
103.39134 -35.44183 lineto
 closepath fill
newpath 105.62973 -36.33055 moveto
105.77 -36.23 lineto
106.3494 -35.82248 106.9015 -35.48125 107.43091 -35.19058 curveto
105.40671 -33.94827 lineto
 closepath fill
newpath 107.43091 -35.19058 moveto
108.10878 -34.81842 108.74942 -34.52917 109.36247 -34.28984 curveto
107.50589 -32.79994 lineto
 closepath fill
newpath 109.36243 -34.28987 moveto
110.06796 -34.01443 110.73694 -33.80513 111.38402 -33.61168 curveto
109.70726 -31.93562 lineto
 closepath fill
newpath 111.38397 -33.61168 moveto
112.08209 -33.40297 112.75471 -33.2127 113.42024 -32.97777 curveto
111.7961 -31.2976 lineto
 closepath fill
newpath 113.42021 -32.97777 moveto
114.06891 -32.74876 114.71089 -32.47731 115.36317 -32.10492 curveto
113.5739 -30.65996 lineto
 closepath fill
newpath 115.36317 -32.10492 moveto
115.49829 -32.02779 115.63385 -31.94632 115.77 -31.86 curveto
116.25467 -31.55432 116.69618 -31.22781 117.11565 -30.893 curveto
115.04532 -29.82164 lineto
 closepath fill
newpath 117.11565 -30.893 moveto
117.68272 -30.44035 118.2095 -29.97253 118.74812 -29.52045 curveto
116.5735 -28.61407 lineto
 closepath fill
newpath 118.74812 -29.52045 moveto
119.28714 -29.06802 119.83801 -28.63136 120.453 -28.24147 curveto
118.31 -27.17902 lineto
 closepath fill
newpath 120.45303 -28.24147 moveto
121.02151 -27.88106 121.64479 -27.56061 122.3641 -27.30461 curveto
120.44453 -25.83992 lineto
 closepath fill
newpath 122.3641 -27.30463 moveto
122.97615 -27.0868 123.65773 -26.91563 124.43427 -26.80623 curveto
122.87369 -24.96654 lineto
 closepath fill
newpath 124.43427 -26.80621 moveto
124.64876 -26.77599 124.8705 -26.75047 125.1 -26.73 curveto
125.56905 -26.68718 126.05573 -26.63667 126.5548 -26.57967 curveto
125.2821 -24.60338 lineto
 closepath fill
newpath 126.5548 -26.57967 moveto
127.24127 -26.50125 127.95119 -26.41052 128.67085 -26.31058 curveto
127.34447 -24.3688 lineto
 closepath fill
newpath 128.67078 -26.3106 moveto
129.36891 -26.21364 130.07622 -26.10802 130.7802 -25.99655 curveto
129.41475 -24.08176 lineto
 closepath fill
newpath 130.78026 -25.99652 moveto
131.48917 -25.88426 132.1947 -25.76608 132.8841 -25.64485 curveto
131.48602 -23.754 lineto
 closepath fill
newpath 132.8841 -25.64484 moveto
133.60574 -25.51793 134.30971 -25.38768 134.98134 -25.2574 curveto
133.55257 -23.39053 lineto
 closepath fill
newpath 134.98134 -25.25742 moveto
135.72395 -25.11337 136.42705 -24.96928 137.07083 -24.82962 curveto
135.60844 -22.99138 lineto
 closepath fill
newpath 137.07086 -24.82962 moveto
137.86569 -24.6572 138.57011 -24.49152 139.14685 -24.34102 curveto
137.63777 -22.54977 lineto
 closepath fill
newpath 139.14685 -24.34102 moveto
139.3197 -24.29591 139.4811 -24.25217 139.63 -24.21 curveto
140.08635 -24.07866 140.60254 -23.87613 141.1554 -23.63208 curveto
139.43103 -22.0671 lineto
 closepath fill
newpath 141.1554 -23.63208 moveto
141.76326 -23.36375 142.41545 -23.04523 143.0812 -22.71593 curveto
141.2124 -21.29185 lineto
 closepath fill
newpath 143.08122 -22.71591 moveto
143.71635 -22.40175 144.36383 -22.07777 144.9969 -21.77821 curveto
143.11018 -20.35855 lineto
 closepath fill
newpath 144.9969 -21.77821 moveto
145.678 -21.45593 146.34242 -21.16191 146.9569 -20.93877 curveto
145.129 -19.41083 lineto
 closepath fill
newpath 146.9569 -20.93877 moveto
147.75888 -20.64752 148.4758 -20.47699 149.03363 -20.52193 curveto
147.47685 -18.58891 lineto
 closepath fill
newpath 149.03362 -20.52193 moveto
149.10507 -20.52768 149.17392 -20.53697 149.24 -20.55 curveto
149.82883 -20.66948 150.47429 -20.80756 151.11908 -20.96448 curveto
150.5284 -18.67448 lineto
 closepath fill
newpath 151.11908 -20.96448 moveto
151.82861 -21.13716 152.53734 -21.33264 153.16888 -21.55125 curveto
152.72296 -19.21371 lineto
 closepath fill
newpath 153.16888 -21.55125 moveto
153.98102 -21.83238 154.66553 -22.15175 155.06 -22.51 curveto
155.04346 -20.04276 lineto
 closepath fill
newpath 64.62 -52.91 moveto
64.62 -52.91 75.19 -55.19 80.05 -54.82 curveto
84.9 -54.45 93.93 -52.23 95.64 -49.73 curveto
97.35 -47.23 101.59 -39.17 105.77 -36.23 curveto
109.95 -33.29 112.71 -33.8 115.77 -31.86 curveto
118.83 -29.93 120.17 -27.17 125.1 -26.73 curveto
130.03 -26.28 136.91 -24.98 139.63 -24.21 curveto
142.34 -23.43 147.16 -20.14 149.24 -20.55 curveto
151.31 -20.97 154.08 -21.62 155.06 -22.51 curveto stroke
newpath -23.24 -31.05 moveto
-23.24 -31.05 -23.9 -31.26 -24.92 -31.66 curveto
-25.03409 -31.70363 -25.1503 -31.76451 -25.2677 -31.83928 curveto
-23.5383 -33.38025 lineto
 closepath fill
newpath -25.2677 -31.83928 moveto
-25.78838 -32.17091 -26.33244 -32.77579 -26.81812 -33.35974 curveto
-24.58714 -34.00636 lineto
 closepath fill
newpath -26.81812 -33.35973 moveto
-27.20203 -33.82132 -27.54945 -34.26984 -27.82 -34.56 curveto
-27.95319 -34.7009 -28.09344 -34.8541 -28.23892 -35.01125 curveto
-25.89293 -35.54395 lineto
 closepath fill
newpath -28.23892 -35.01125 moveto
-28.74522 -35.55821 -29.31464 -36.15308 -29.86832 -36.44409 curveto
-27.56693 -37.32544 lineto
 closepath fill
newpath -29.86832 -36.44409 moveto
-29.97972 -36.50266 -30.0905 -36.5489 -30.2 -36.58 curveto
-30.53284 -36.67041 -31.17131 -37.03098 -31.80803 -37.42441 curveto
-29.87163 -38.72542 lineto
 closepath fill
newpath -31.80803 -37.42441 moveto
-32.72083 -37.98842 -33.63 -38.62 -33.63 -38.62 curveto
-31.57292 -39.76642 lineto
 closepath fill
newpath -23.24 -31.05 moveto
-23.24 -31.05 -23.9 -31.26 -24.92 -31.66 curveto
-25.94 -32.05 -27.13 -33.82 -27.82 -34.56 curveto
-28.51 -35.29 -29.39 -36.35 -30.2 -36.58 curveto
-31.01 -36.8 -33.63 -38.62 -33.63 -38.62 curveto stroke
newpath -18.72 -36.97 moveto
-18.72 -36.97 -19.09886 -37.61891 -20.28392 -38.41321 curveto
-18.04967 -39.33974 lineto
 closepath fill
newpath -20.28392 -38.41321 moveto
-20.7676 -38.7374 -21.38556 -39.0858 -22.16687 -39.42418 curveto
-20.21388 -40.81386 lineto
 closepath fill
newpath -22.16687 -39.42416 moveto
-22.74487 -39.6745 -23.41228 -39.91934 -24.18085 -40.14484 curveto
-22.44908 -41.79047 lineto
 closepath fill
newpath -24.18083 -40.14482 moveto
-24.80515 -40.328 -25.49622 -40.49841 -26.26033 -40.64864 curveto
-24.70758 -42.45824 lineto
 closepath fill
newpath -26.26033 -40.64862 moveto
-26.91066 -40.77647 -27.6139 -40.8897 -28.37398 -40.9837 curveto
-26.96806 -42.9062 lineto
 closepath fill
newpath -28.37398 -40.98369 moveto
-28.75488 -41.0308 -29.15005 -41.0731 -29.56 -41.11 curveto
-29.83691 -41.1356 -30.15483 -41.15536 -30.50562 -41.17021 curveto
-29.23094 -43.18861 lineto
 closepath fill
newpath -30.50562 -41.17021 moveto
-31.13011 -41.19666 -31.85875 -41.20753 -32.64552 -41.20816 curveto
-31.5463 -43.2997 lineto
 closepath fill
newpath -32.6456 -41.20818 moveto
-33.32552 -41.20871 -34.04884 -41.20158 -34.78589 -41.19022 curveto
-33.73557 -43.30339 lineto
 closepath fill
newpath -34.7859 -41.19022 moveto
-35.49538 -41.17928 -36.21756 -41.1644 -36.92596 -41.14864 curveto
-35.89726 -43.27084 lineto
 closepath fill
newpath -36.92593 -41.14864 moveto
-37.66418 -41.1322 -38.38748 -41.1148 -39.06584 -41.0999 curveto
-38.04439 -43.2237 lineto
 closepath fill
newpath -39.06589 -41.0999 moveto
-39.85594 -41.08255 -40.58505 -41.06856 -41.20587 -41.06339 curveto
-40.17465 -43.17787 lineto
 closepath fill
newpath -41.20584 -41.06339 moveto
-41.69084 -41.05934 -42.10976 -41.06068 -42.44 -41.07 curveto
-42.7279 -41.07813 -43.03076 -41.08868 -43.34575 -41.09929 curveto
-42.24628 -43.16595 lineto
 closepath fill
newpath -43.34575 -41.09929 moveto
-44.0135 -41.12175 -44.73576 -41.14444 -45.48555 -41.14468 curveto
-44.36896 -43.23055 lineto
 closepath fill
newpath -45.48561 -41.14468 moveto
-46.1819 -41.14491 -46.90193 -41.12578 -47.6241 -41.06915 curveto
-46.6266 -43.22672 lineto
 closepath fill
newpath -47.62408 -41.06915 moveto
-48.33511 -41.0134 -49.0482 -40.92128 -49.74274 -40.77551 curveto
-48.96484 -43.038 lineto
 closepath fill
newpath -49.74272 -40.77551 moveto
-50.31136 -40.65616 -50.86755 -40.50082 -51.4 -40.3 curveto
-51.52599 -40.25188 -51.6561 -40.20471 -51.78978 -40.15852 curveto
-51.37083 -42.52599 lineto
 closepath fill
newpath -51.78978 -40.15852 moveto
-52.41621 -39.94205 -53.12103 -39.74689 -53.84814 -39.5744 curveto
-53.36948 -41.866 lineto
 closepath fill
newpath -53.84808 -39.5744 moveto
-54.54277 -39.40962 -55.2578 -39.26555 -55.94427 -39.14337 curveto
-55.31197 -41.402 lineto
 closepath fill
newpath -55.9443 -39.14337 moveto
-56.70709 -39.00761 -57.43463 -38.89891 -58.0598 -38.81891 curveto
-57.31963 -41.044 lineto
 closepath fill
newpath -58.05981 -38.81891 moveto
-59.03003 -38.69476 -59.75371 -38.63974 -59.98 -38.66 curveto
-60.00941 -38.6628 -60.05492 -38.72171 -60.11142 -38.82097 curveto
-59.31929 -40.79128 lineto
 closepath fill
newpath -60.11142 -38.82097 moveto
-60.3219 -39.19067 -60.68506 -40.12003 -60.93816 -40.79384 curveto
-58.60405 -40.58398 lineto
 closepath fill
newpath -60.93813 -40.79381 moveto
-61.10219 -41.23059 -61.22 -41.56 -61.22 -41.56 curveto
-61.22 -41.56 -60.68044 -41.6594 -59.92076 -41.81522 curveto
-60.57506 -39.54457 lineto
 closepath fill
newpath -59.92076 -41.81522 moveto
-59.31093 -41.9403 -58.55925 -42.10176 -57.83098 -42.27736 curveto
-58.42178 -39.98677 lineto
 closepath fill
newpath -57.831 -42.27736 moveto
-57.05048 -42.46555 -56.29683 -42.67 -55.77345 -42.86333 curveto
-56.2383 -40.51865 lineto
 closepath fill
newpath -55.77345 -42.86333 moveto
-55.48329 -42.97052 -55.26392 -43.0743 -55.15 -43.17 curveto
-54.83977 -43.43059 -54.44057 -43.70657 -53.93967 -43.94913 curveto
-53.6279 -41.69688 lineto
 closepath fill
newpath -53.93967 -43.94913 moveto
-53.38806 -44.21625 -52.71313 -44.44281 -51.89783 -44.56361 curveto
-52.33774 -42.32297 lineto
 closepath fill
newpath -51.89783 -44.56361 moveto
-51.6636 -44.59833 -51.4178 -44.6243 -51.16 -44.64 curveto
-50.7909 -44.66435 -50.31438 -44.70522 -49.7668 -44.75546 curveto
-50.66672 -42.57019 lineto
 closepath fill
newpath -49.7668 -44.75546 moveto
-49.1329 -44.81363 -48.40381 -44.8844 -47.63593 -44.95674 curveto
-48.50235 -42.76501 lineto
 closepath fill
newpath -47.63585 -44.95674 moveto
-46.94296 -45.02202 -46.2185 -45.08856 -45.50392 -45.1483 curveto
-46.38136 -42.96382 lineto
 closepath fill
newpath -45.50395 -45.1483 moveto
-44.76665 -45.20993 -44.03986 -45.2643 -43.36911 -45.30252 curveto
-44.28232 -43.13802 lineto
 closepath fill
newpath -43.36913 -45.30254 moveto
-42.71115 -45.34003 -42.10712 -45.36198 -41.6 -45.36 curveto
-41.48047 -45.36 -41.357 -45.3601 -41.22997 -45.3603 curveto
-42.23134 -43.25117 lineto
 closepath fill
newpath -41.22997 -45.3603 moveto
-40.58997 -45.36128 -39.85977 -45.36444 -39.08963 -45.36678 curveto
-40.15268 -43.26317 lineto
 closepath fill
newpath -39.08961 -45.36678 moveto
-38.39624 -45.36887 -37.6705 -45.3703 -36.94905 -45.36888 curveto
-38.01698 -43.26913 lineto
 closepath fill
newpath -36.94908 -45.36888 moveto
-36.21854 -45.36745 -35.4924 -45.36308 -34.80875 -45.35353 curveto
-35.89296 -43.26439 lineto
 closepath fill
newpath -34.80878 -45.35355 moveto
-34.01942 -45.34251 -33.28671 -45.32455 -32.66924 -45.29619 curveto
-33.78966 -43.23361 lineto
 closepath fill
newpath -32.66925 -45.29619 moveto
-32.55905 -45.29112 -32.45253 -45.28574 -32.35 -45.28 curveto
-31.88452 -45.25392 -31.25722 -45.20369 -30.53496 -45.13794 curveto
-31.7676 -43.13531 lineto
 closepath fill
newpath -30.53496 -45.13794 moveto
-29.88542 -45.07881 -29.1591 -45.00714 -28.40463 -44.92921 curveto
-29.67586 -42.94687 lineto
 closepath fill
newpath -28.40462 -44.9292 moveto
-27.70648 -44.85709 -26.98424 -44.77962 -26.27643 -44.70177 curveto
-27.56386 -42.72914 lineto
 closepath fill
newpath -26.27643 -44.70177 moveto
-25.53703 -44.62044 -24.81339 -44.5387 -24.14943 -44.46222 curveto
-25.44756 -42.49649 lineto
 closepath fill
newpath -24.14946 -44.46223 moveto
-23.31885 -44.36656 -22.58163 -44.27913 -22.0238 -44.21106 curveto
-23.33182 -42.25273 lineto
 closepath fill
newpath -22.02379 -44.21106 moveto
-21.872 -44.19254 -21.73349 -44.17545 -21.61 -44.16 curveto
-21.14252 -44.10185 -20.55396 -44.00967 -19.90742 -43.89354 curveto
-21.28474 -41.99443 lineto
 closepath fill
newpath -19.90742 -43.89354 moveto
-19.2461 -43.77475 -18.52412 -43.6309 -17.80905 -43.47278 curveto
-19.27084 -41.63477 lineto
 closepath fill
newpath -17.809 -43.47278 moveto
-17.086 -43.3129 -16.37006 -43.13841 -15.731 -42.96048 curveto
-17.26563 -41.19038 lineto
 closepath fill
newpath -15.73103 -42.96048 moveto
-14.85764 -42.71729 -14.12787 -42.46765 -13.72 -42.24 curveto
-15.37166 -40.65637 lineto
 closepath fill
newpath -18.72 -36.97 moveto
-18.72 -36.97 -20.67 -40.31 -29.56 -41.11 curveto
-32.48 -41.38 -39.96 -41 -42.44 -41.07 curveto
-44.92 -41.14 -48.51 -41.39 -51.4 -40.3 curveto
-54.28 -39.2 -59.31 -38.6 -59.98 -38.66 curveto
-60.19 -38.68 -61.22 -41.56 -61.22 -41.56 curveto
-61.22 -41.56 -55.9 -42.54 -55.15 -43.17 curveto
-54.4 -43.8 -53.13 -44.52 -51.16 -44.64 curveto
-49.19 -44.77 -44.16 -45.37 -41.6 -45.36 curveto
-39.04 -45.36 -34.67 -45.41 -32.35 -45.28 curveto
-30.03 -45.15 -23.69 -44.42 -21.61 -44.16 curveto
-19.52 -43.9 -15.01 -42.96 -13.72 -42.24 curveto stroke
newpath -118.64 16.24 moveto
-118.64 16.24 -118.75586 17.10605 -118.9324 18.3459 curveto
-120.86424 17.00363 lineto
 closepath fill
newpath -118.9324 18.3459 moveto
-119.02167 18.97282 -119.12645 19.69531 -119.23962 20.44974 curveto
-121.162 19.09447 lineto
 closepath fill
newpath -119.23961 20.44969 moveto
-119.34308 21.13945 -119.45355 21.8559 -119.56558 22.55042 curveto
-121.47502 21.17923 lineto
 closepath fill
newpath -119.56557 22.55043 moveto
-119.68552 23.29402 -119.80725 24.01248 -119.92409 24.64612 curveto
-121.80968 23.24864 lineto
 closepath fill
newpath -119.92409 24.64612 moveto
-120.03969 25.27306 -120.15048 25.81696 -120.25 26.22 curveto
-120.28802 26.374 -120.32472 26.54356 -120.36017 26.72658 curveto
-122.18501 25.26077 lineto
 closepath fill
newpath -120.36017 26.72658 moveto
-120.47379 27.3132 -120.57454 28.03795 -120.66487 28.8303 curveto
-122.61223 27.48933 lineto
 closepath fill
newpath -120.66487 28.83025 moveto
-120.74136 29.50124 -120.81038 30.22072 -120.8734 30.94588 curveto
-122.8663 29.68454 lineto
 closepath fill
newpath -120.8734 30.94582 moveto
-120.93549 31.66035 -120.99176 32.38042 -121.04361 33.06503 curveto
-123.0548 31.83804 lineto
 closepath fill
newpath -121.04361 33.06505 moveto
-121.10202 33.83621 -121.15482 34.56242 -121.20404 35.18515 curveto
-123.21727 33.96841 lineto
 closepath fill
newpath -121.20406 35.18512 moveto
-121.25589 35.84099 -121.30376 36.38208 -121.35 36.74 curveto
-121.37364 36.9163 -121.39398 37.10454 -121.41144 37.30064 curveto
-123.38593 36.0461 lineto
 closepath fill
newpath -121.41144 37.30064 moveto
-121.4711 37.97058 -121.49716 38.73238 -121.50641 39.42413 curveto
-123.57646 38.27684 lineto
 closepath fill
newpath -121.50641 39.42416 moveto
-121.52188 40.58276 -121.49017 41.5449 -121.49 41.54999 curveto
-123.60904 40.5024 lineto
 closepath fill
newpath -118.64 16.24 moveto
-118.64 16.24 -119.65 23.79 -120.25 26.22 curveto
-120.85 28.65 -121.12 34.96 -121.35 36.74 curveto
-121.59 38.53 -121.49 41.55 -121.49 41.55 curveto stroke
newpath 82.82 -31.39 moveto
82.82 -31.39 83.29102 -30.69887 84.1799 -29.68861 curveto
81.8451 -29.2012 lineto
 closepath fill
newpath 84.1799 -29.68861 moveto
84.59273 -29.21944 85.09567 -28.68143 85.68343 -28.11185 curveto
83.39688 -27.43541 lineto
 closepath fill
newpath 85.68338 -28.11188 moveto
86.16795 -27.64227 86.71019 -27.15121 87.30708 -26.65958 curveto
85.07687 -25.80742 lineto
 closepath fill
newpath 87.30705 -26.6596 moveto
87.84343 -26.21782 88.42393 -25.77557 89.04642 -25.348 curveto
86.88866 -24.3153 lineto
 closepath fill
newpath 89.04642 -25.348 moveto
89.62769 -24.94876 90.24554 -24.56233 90.89825 -24.20103 curveto
88.83583 -22.97754 lineto
 closepath fill
newpath 90.89825 -24.20107 moveto
91.12 -24.08 lineto
91.72023 -23.75812 92.27992 -23.44582 92.80339 -23.1436 curveto
90.83159 -21.84584 lineto
 closepath fill
newpath 92.80339 -23.1436 moveto
93.48325 -22.7511 94.102 -22.37563 94.66917 -22.0183 curveto
92.65324 -20.79407 lineto
 closepath fill
newpath 94.66922 -22.01826 moveto
95.34396 -21.59314 95.94566 -21.1937 96.4903 -20.82181 curveto
94.43031 -19.67467 lineto
 closepath fill
newpath 96.4903 -20.82181 moveto
97.16278 -20.36261 97.74826 -19.94542 98.27678 -19.5738 curveto
96.18047 -18.48158 lineto
 closepath fill
newpath 98.27678 -19.5738 moveto
98.95572 -19.09642 99.54068 -18.69423 100.09537 -18.37474 curveto
98.00024 -17.2129 lineto
 closepath fill
newpath 100.09538 -18.37474 moveto
100.21478 -18.30597 100.33278 -18.24103 100.45 -18.18 curveto
100.92863 -17.93327 101.45901 -17.6275 101.99742 -17.31195 curveto
100.02489 -16.02394 lineto
 closepath fill
newpath 101.99742 -17.31195 moveto
102.64006 -16.93532 103.29416 -16.54474 103.88539 -16.22398 curveto
101.8815 -14.94531 lineto
 closepath fill
newpath 103.88538 -16.22401 moveto
104.80652 -15.72427 105.57507 -15.39401 105.91 -15.55 curveto
104.03276 -13.81233 lineto
 closepath fill
newpath 82.82 -31.39 moveto
82.82 -31.39 85.88 -26.9 91.12 -24.08 curveto
96.36 -21.27 98.51 -19.19 100.45 -18.18 curveto
102.39 -17.18 105.18 -15.21 105.91 -15.55 curveto stroke
newpath 153.28 -20.89 moveto
158.88002 -20.18996 lineto
155.59001 -15.99002 lineto
 closepath stroke
newpath 158.53 -19.14 moveto
160.28 -18.43996 lineto
158.88002 -13.89 lineto
156.07996 -13.89 lineto
 closepath stroke
newpath 154.88997 -17.39 moveto
156.07996 -15.28998 lineto
153.28 -14.93996 lineto
 closepath stroke
 0 0.24501 dtransform truncate idtransform setlinewidth pop
newpath 153.28 -20.89 moveto
156.07996 -18.78998 lineto
155.59001 -15.99002 lineto stroke
newpath 156.07996 -18.78998 moveto
158.88002 -20.18996 lineto stroke
newpath 158.53 -19.14 moveto
158.88002 -17.39 lineto
158.17998 -15.99002 lineto
156.07996 -13.89 lineto stroke
newpath 158.88002 -13.89 moveto
158.17998 -15.99002 lineto stroke
newpath 160.28 -18.43996 moveto
158.88002 -17.39 lineto stroke
 0 0.35 dtransform truncate idtransform setlinewidth pop
newpath 127.65 -23.88 moveto
133.25002 -23.17996 lineto
129.96 -18.98003 lineto
 closepath stroke
newpath 132.9 -22.13 moveto
134.65 -21.42996 lineto
133.25002 -16.88 lineto
130.44995 -16.88 lineto
 closepath stroke
newpath 129.25996 -20.38 moveto
130.44995 -18.27998 lineto
127.65 -17.92996 lineto
 closepath stroke
 0 0.24501 dtransform truncate idtransform setlinewidth pop
newpath 127.65 -23.88 moveto
130.44995 -21.77998 lineto
129.96 -18.98003 lineto stroke
newpath 130.44995 -21.77998 moveto
133.25002 -23.17996 lineto stroke
newpath 132.9 -22.13 moveto
133.25002 -20.38 lineto
132.54997 -18.98003 lineto
130.44995 -16.88 lineto stroke
newpath 133.25002 -16.88 moveto
132.54997 -18.98003 lineto stroke
newpath 134.65 -21.42996 moveto
133.25002 -20.38 lineto stroke
 0 0.35 dtransform truncate idtransform setlinewidth pop
newpath 113.67 -26.65 moveto
119.27002 -25.94995 lineto
115.98001 -21.75002 lineto
 closepath stroke
newpath 118.92 -24.9 moveto
120.67 -24.19995 lineto
119.27002 -19.65 lineto
116.46996 -19.65 lineto
 closepath stroke
newpath 115.27997 -23.15 moveto
116.46996 -21.04997 lineto
113.67 -20.69995 lineto
 closepath stroke
 0 0.24501 dtransform truncate idtransform setlinewidth pop
newpath 113.67 -26.65 moveto
116.46996 -24.54997 lineto
115.98001 -21.75002 lineto stroke
newpath 116.46996 -24.54997 moveto
119.27002 -25.94995 lineto stroke
newpath 118.92 -24.9 moveto
119.27002 -23.15 lineto
118.56998 -21.75002 lineto
116.46996 -19.65 lineto stroke
newpath 119.27002 -19.65 moveto
118.56998 -21.75002 lineto stroke
newpath 120.67 -24.19995 moveto
119.27002 -23.15 lineto stroke
 0 0.35 dtransform truncate idtransform setlinewidth pop
newpath 96.27 -29.13 moveto
101.87003 -28.42996 lineto
98.58002 -24.23003 lineto
 closepath stroke
newpath 101.52 -27.38 moveto
103.27 -26.67996 lineto
101.87003 -22.13 lineto
99.06996 -22.13 lineto
 closepath stroke
newpath 97.87997 -25.63 moveto
99.06996 -23.52998 lineto
96.27 -23.17996 lineto
 closepath stroke
 0 0.24501 dtransform truncate idtransform setlinewidth pop
newpath 96.27 -29.13 moveto
99.06996 -27.02998 lineto
98.58002 -24.23003 lineto stroke
newpath 99.06996 -27.02998 moveto
101.87003 -28.42996 lineto stroke
newpath 101.52 -27.38 moveto
101.87003 -25.63 lineto
101.16998 -24.23003 lineto
99.06996 -22.13 lineto stroke
newpath 101.87003 -22.13 moveto
101.16998 -24.23003 lineto stroke
newpath 103.27 -26.67996 moveto
101.87003 -25.63 lineto stroke
 0.24501 0 dtransform exch truncate exch idtransform pop setlinewidth
newpath 71.58 -29.4 moveto
71.3807 -30.82611 lineto stroke
newpath 71.00748 -29.31998 moveto
70.94113 -29.79488 lineto stroke
newpath 70.435 -29.23999 moveto
70.2357 -30.6661 lineto stroke
newpath 69.86247 -29.15999 moveto
69.79613 -29.63489 lineto stroke
newpath 69.29 -29.08 moveto
69.0907 -30.50612 lineto stroke
 0 0.35 dtransform truncate idtransform setlinewidth pop
newpath 64.53 -40.3 moveto
70.13002 -39.59996 lineto
66.84001 -35.40002 lineto
 closepath stroke
newpath 69.78 -38.55 moveto
71.53 -37.84996 lineto
70.13002 -33.3 lineto
67.32996 -33.3 lineto
 closepath stroke
newpath 66.13997 -36.8 moveto
67.32996 -34.69998 lineto
64.53 -34.34996 lineto
 closepath stroke
 0 0.24501 dtransform truncate idtransform setlinewidth pop
newpath 64.53 -40.3 moveto
67.32996 -38.19998 lineto
66.84001 -35.40002 lineto stroke
newpath 67.32996 -38.19998 moveto
70.13002 -39.59996 lineto stroke
newpath 69.78 -38.55 moveto
70.13002 -36.8 lineto
69.42998 -35.40002 lineto
67.32996 -33.3 lineto stroke
newpath 70.13002 -33.3 moveto
69.42998 -35.40002 lineto stroke
newpath 71.53 -37.84996 moveto
70.13002 -36.8 lineto stroke
 0.00002 0.00018 0.00029 setrgbcolor
newpath 64.88 -51.01 moveto
66.38 -51.02 lineto
69.71 -50.34 lineto
71.12 -50.06 lineto
72.17 -49.21 lineto
72.9 -49 lineto
74.64 -45.75 lineto
76.89 -41.49 lineto
78.41 -38.34 lineto
79.48 -36.89 lineto
80.61 -33.55 lineto
79.07 -33.16 lineto
76.92 -32.75 lineto
75.29 -32.15 lineto
72.76 -31.51 lineto
71.92 -33.21 lineto
72.34 -34.52 lineto
71.18 -37.41 lineto
70.12 -39.84 lineto
66.92 -46.98 lineto
65.79 -49.42 lineto
 closepath fill
 0 0 0 setrgbcolor 0 0.35 dtransform truncate idtransform setlinewidth pop
newpath 64.88 -51.01 moveto
66.38 -51.02 lineto
69.71 -50.34 lineto
71.12 -50.06 lineto
72.17 -49.21 lineto
72.9 -49 lineto
74.64 -45.75 lineto
76.89 -41.49 lineto
78.41 -38.34 lineto
79.48 -36.89 lineto
80.61 -33.55 lineto
79.07 -33.16 lineto
76.92 -32.75 lineto
75.29 -32.15 lineto
72.76 -31.51 lineto
71.92 -33.21 lineto
72.34 -34.52 lineto
71.18 -37.41 lineto
70.12 -39.84 lineto
66.92 -46.98 lineto
65.79 -49.42 lineto
 closepath stroke
 0.00002 0.00018 0.00029 setrgbcolor
newpath 59.76 -49.36 moveto
60.12 -50.91 lineto
62.72 -52.18 lineto
64.06 -51.98 lineto
64.1 -50.77 lineto
62.97 -49.97 lineto
61.7 -49.19 lineto
60.62 -48.91 lineto
 closepath fill
 0 0 0 setrgbcolor
newpath 59.76 -49.36 moveto
60.12 -50.91 lineto
62.72 -52.18 lineto
64.06 -51.98 lineto
64.1 -50.77 lineto
62.97 -49.97 lineto
61.7 -49.19 lineto
60.62 -48.91 lineto
 closepath stroke
 0.00002 0.00018 0.00029 setrgbcolor
newpath -100.41 -42.94 moveto
-97.12 -44.3 lineto
-94.21 -46.45 lineto
-90.18 -47.74 lineto
-90.47 -46.26 lineto
-92.37 -43.57 lineto
-94.53 -41.35 lineto
-96.99 -39.16 lineto
-98.47 -41.11 lineto
 closepath fill
 0 0 0 setrgbcolor
newpath -100.41 -42.94 moveto
-97.12 -44.3 lineto
-94.21 -46.45 lineto
-90.18 -47.74 lineto
-90.47 -46.26 lineto
-92.37 -43.57 lineto
-94.53 -41.35 lineto
-96.99 -39.16 lineto
-98.47 -41.11 lineto
 closepath stroke
 0.00002 0.00018 0.00029 setrgbcolor
newpath -107.19 -33.01 moveto
-107.08 -34.2 lineto
-104.85 -33.85 lineto
-103.3 -32.65 lineto
-103.18 -30.68 lineto
-106.69 -31.91 lineto
 closepath fill
 0 0 0 setrgbcolor
newpath -107.19 -33.01 moveto
-107.08 -34.2 lineto
-104.85 -33.85 lineto
-103.3 -32.65 lineto
-103.18 -30.68 lineto
-106.69 -31.91 lineto
 closepath stroke
 0.00002 0.00018 0.00029 setrgbcolor
newpath -97.09 -51.23 moveto
-96.77 -53.16 lineto
-95.17 -54.21 lineto
-92.92 -54.01 lineto
-88.17 -51.62 lineto
-87.55 -50.21 lineto
-88.29 -48.62 lineto
-89.7 -49.65 lineto
-94.15 -50.51 lineto
 closepath fill
 0 0 0 setrgbcolor
newpath -97.09 -51.23 moveto
-96.77 -53.16 lineto
-95.17 -54.21 lineto
-92.92 -54.01 lineto
-88.17 -51.62 lineto
-87.55 -50.21 lineto
-88.29 -48.62 lineto
-89.7 -49.65 lineto
-94.15 -50.51 lineto
 closepath stroke
 0.00002 0.00018 0.00029 setrgbcolor
newpath -119.73 -37.61 moveto
-113.15 -35.35 lineto
-111.6 -34.16 lineto
-113.38 -32.81 lineto
-116.51 -33.25 lineto
-119.49 -33.52 lineto
 closepath fill
 0 0 0 setrgbcolor
newpath -119.73 -37.61 moveto
-113.15 -35.35 lineto
-111.6 -34.16 lineto
-113.38 -32.81 lineto
-116.51 -33.25 lineto
-119.49 -33.52 lineto
 closepath stroke
 0.00002 0.00018 0.00029 setrgbcolor
newpath -119.08 -29.71 moveto
-114.22 -31.84 lineto
-110.6 -31.96 lineto
-111.11 -29.6 lineto
-113.03 -26.76 lineto
-113.99 -24.43 lineto
 closepath fill
 0 0 0 setrgbcolor
newpath -119.08 -29.71 moveto
-114.22 -31.84 lineto
-110.6 -31.96 lineto
-111.11 -29.6 lineto
-113.03 -26.76 lineto
-113.99 -24.43 lineto
 closepath stroke
 0.00002 0.00018 0.00029 setrgbcolor
newpath -110.15 -30.26 moveto
-108.26 -29.49 lineto
-106.37 -27.06 lineto
-108.07 -26.61 lineto
-109.14 -28.06 lineto
 closepath fill
 0 0 0 setrgbcolor
newpath -110.15 -30.26 moveto
-108.26 -29.49 lineto
-106.37 -27.06 lineto
-108.07 -26.61 lineto
-109.14 -28.06 lineto
 closepath stroke
 0.00002 0.00018 0.00029 setrgbcolor
newpath -123.87 -15.09 moveto
-122.12 -16.13 lineto
-117.18 -12.52 lineto
-118.53 -10.84 lineto
-120.31 -11.15 lineto
-121.44 -12.01 lineto
-122.42 -11.19 lineto
 closepath fill
 0 0 0 setrgbcolor
newpath -123.87 -15.09 moveto
-122.12 -16.13 lineto
-117.18 -12.52 lineto
-118.53 -10.84 lineto
-120.31 -11.15 lineto
-121.44 -12.01 lineto
-122.42 -11.19 lineto
 closepath stroke
 0.00002 0.00018 0.00029 setrgbcolor
newpath -133.39 -14.75 moveto
-132.25 -17.35 lineto
-129.7 -15.62 lineto
-128.57 -13.1 lineto
-130.13 -12.49 lineto
-132.18 -13.13 lineto
 closepath fill
 0 0 0 setrgbcolor
newpath -133.39 -14.75 moveto
-132.25 -17.35 lineto
-129.7 -15.62 lineto
-128.57 -13.1 lineto
-130.13 -12.49 lineto
-132.18 -13.13 lineto
 closepath stroke
 0.00002 0.00018 0.00029 setrgbcolor
newpath -139.91 -17.6 moveto
-139.99 -18.36 lineto
-138.55 -19.28 lineto
-136.05 -16.94 lineto
-134.37 -12.27 lineto
-135.75 -11.95 lineto
-137.8 -12.58 lineto
 closepath fill
 0 0 0 setrgbcolor
newpath -139.91 -17.6 moveto
-139.99 -18.36 lineto
-138.55 -19.28 lineto
-136.05 -16.94 lineto
-134.37 -12.27 lineto
-135.75 -11.95 lineto
-137.8 -12.58 lineto
 closepath stroke
 0.00002 0.00018 0.00029 setrgbcolor
newpath -143.43 -18.67 moveto
-141.61 -15.49 lineto
-141.86 -12.65 lineto
-141.7 -11.13 lineto
-143.3 -10.07 lineto
-144.46 -12.28 lineto
-144.31 -13.93 lineto
-145.95 -14.08 lineto
-146.01 -16.79 lineto
-145.25 -18.53 lineto
-143.98 -19.17 lineto
 closepath fill
 0 0 0 setrgbcolor
newpath -143.43 -18.67 moveto
-141.61 -15.49 lineto
-141.86 -12.65 lineto
-141.7 -11.13 lineto
-143.3 -10.07 lineto
-144.46 -12.28 lineto
-144.31 -13.93 lineto
-145.95 -14.08 lineto
-146.01 -16.79 lineto
-145.25 -18.53 lineto
-143.98 -19.17 lineto
 closepath stroke
 0.00002 0.00018 0.00029 setrgbcolor
newpath -154.37 -1.16 moveto
-155.71 -1.25 lineto
-155.74 0.7 lineto
-153.51 1.06 lineto
-152.48 1.3 lineto
-152.02 -0.46 lineto
 closepath fill
 0 0 0 setrgbcolor
newpath -154.37 -1.16 moveto
-155.71 -1.25 lineto
-155.74 0.7 lineto
-153.51 1.06 lineto
-152.48 1.3 lineto
-152.02 -0.46 lineto
 closepath stroke
 0.00002 0.00018 0.00029 setrgbcolor
newpath -154.19 3.55 moveto
-152.09 5.25 lineto
-149.97 8.46 lineto
-152.25 10.36 lineto
-153.85 11.41 lineto
-157.53 8.82 lineto
-155.87 5.51 lineto
 closepath fill
 0 0 0 setrgbcolor
newpath -154.19 3.55 moveto
-152.09 5.25 lineto
-149.97 8.46 lineto
-152.25 10.36 lineto
-153.85 11.41 lineto
-157.53 8.82 lineto
-155.87 5.51 lineto
 closepath stroke
 0.00002 0.00018 0.00029 setrgbcolor
newpath -161.98 13.08 moveto
-163.59 9.32 lineto
-161.26 8.48 lineto
-159.77 11.93 lineto
 closepath fill
 0 0 0 setrgbcolor
newpath -161.98 13.08 moveto
-163.59 9.32 lineto
-161.26 8.48 lineto
-159.77 11.93 lineto
 closepath stroke
 0.00002 0.00018 0.00029 setrgbcolor
newpath -162.28 4.78 moveto
-161 2.33 lineto
-159.42 1.42 lineto
-157.76 3.08 lineto
-158.18 4.39 lineto
 closepath fill
 0 0 0 setrgbcolor
newpath -162.28 4.78 moveto
-161 2.33 lineto
-159.42 1.42 lineto
-157.76 3.08 lineto
-158.18 4.39 lineto
 closepath stroke
newpath -166.23 5.17 moveto
-164.69 6.51 lineto
-164.69 8.17 lineto
-165.55 10.95 lineto
-166.7 8.74 lineto
-166.86 5.57 lineto stroke
 0.00002 0.00018 0.00029 setrgbcolor
newpath -195.64 -14.06 moveto
-195.14 -14.62 lineto
-190.33 -12.83 lineto
-186.67 -10.09 lineto
-183.32 -7.22 lineto
-180.55 -4.56 lineto
-181.24 -1.91 lineto
-182.85 -0.7 lineto
-187.54 1.28 lineto
-192.62 4.13 lineto
-192.62 4.13 -192.64 2.77 -192.59 2.17 curveto
-192.54 1.58 -194.6 -0.57 -194.6 -0.57 curveto
-195.43 -4.71 lineto
-195.39 -8.47 lineto
 closepath fill
 0 0 0 setrgbcolor
newpath -195.64 -14.06 moveto
-195.14 -14.62 lineto
-190.33 -12.83 lineto
-186.67 -10.09 lineto
-183.32 -7.22 lineto
-180.55 -4.56 lineto
-181.24 -1.91 lineto
-182.85 -0.7 lineto
-187.54 1.28 lineto
-192.62 4.13 lineto
-192.62 4.13 -192.64 2.77 -192.59 2.17 curveto
-192.54 1.58 -194.6 -0.57 -194.6 -0.57 curveto
-195.43 -4.71 lineto
-195.39 -8.47 lineto
 closepath stroke
 0.00002 0.00018 0.00029 setrgbcolor
newpath -204.62 8.61 moveto
-208.89 9.27 lineto
-212.55 9.69 lineto
-213.51 8.7 lineto
-215.13 8.25 lineto
-218.62 3.57 lineto
-218.86 1.29 lineto
-216.3 -0.43 lineto
-214.12 -1.14 lineto
-209.67 1.22 lineto
-207.74 3.21 lineto
-205.61 6.26 lineto
 closepath fill
 0 0 0 setrgbcolor
newpath -204.62 8.61 moveto
-208.89 9.27 lineto
-212.55 9.69 lineto
-213.51 8.7 lineto
-215.13 8.25 lineto
-218.62 3.57 lineto
-218.86 1.29 lineto
-216.3 -0.43 lineto
-214.12 -1.14 lineto
-209.67 1.22 lineto
-207.74 3.21 lineto
-205.61 6.26 lineto
 closepath stroke
 0.00002 0.00018 0.00029 setrgbcolor
newpath -157.44 34.44 moveto
-158.28 35.42 lineto
-162.07 37.33 lineto
-164 37 lineto
-163.02 34.53 lineto
-159.92 33.61 lineto
 closepath fill
 0 0 0 setrgbcolor
newpath -157.44 34.44 moveto
-158.28 35.42 lineto
-162.07 37.33 lineto
-164 37 lineto
-163.02 34.53 lineto
-159.92 33.61 lineto
 closepath stroke
 0.00002 0.00018 0.00029 setrgbcolor
newpath -165.45 33.11 moveto
-165.38 32.36 lineto
-163.02 34.53 lineto
-165.98 35.62 lineto
-169.24 36.68 lineto
-169.94 34.5 lineto
 closepath fill
 0 0 0 setrgbcolor
newpath -165.45 33.11 moveto
-165.38 32.36 lineto
-163.02 34.53 lineto
-165.98 35.62 lineto
-169.24 36.68 lineto
-169.94 34.5 lineto
 closepath stroke
 0.00002 0.00018 0.00029 setrgbcolor
newpath -155.71 33.7 moveto
-152.83 33.51 lineto
-152.97 35 lineto
-157.38 35.5 lineto
 closepath fill
 0 0 0 setrgbcolor
newpath -155.71 33.7 moveto
-152.83 33.51 lineto
-152.97 35 lineto
-157.38 35.5 lineto
 closepath stroke
 0.00002 0.00018 0.00029 setrgbcolor
newpath -158.45 32.39 moveto
-156.39 31.22 lineto
-154.22 32.18 lineto
-155.71 33.7 lineto
-157.44 34.44 lineto
 closepath fill
 0 0 0 setrgbcolor
newpath -158.45 32.39 moveto
-156.39 31.22 lineto
-154.22 32.18 lineto
-155.71 33.7 lineto
-157.44 34.44 lineto
 closepath stroke
 0.00002 0.00018 0.00029 setrgbcolor
newpath -145.49 10.52 moveto
-144.67 11.5 lineto
-145.72 13.06 lineto
-147.47 14.11 lineto
-148.56 12.8 lineto
-147.09 11.58 lineto
 closepath fill
 0 0 0 setrgbcolor
newpath -145.49 10.52 moveto
-144.67 11.5 lineto
-145.72 13.06 lineto
-147.47 14.11 lineto
-148.56 12.8 lineto
-147.09 11.58 lineto
 closepath stroke
 0.00002 0.00018 0.00029 setrgbcolor
newpath -220.96 -13.81 moveto
-220.47 -15.87 lineto
-217.66 -15.31 lineto
-218.53 -12.38 lineto
 closepath fill
 0 0 0 setrgbcolor
newpath -220.96 -13.81 moveto
-220.47 -15.87 lineto
-217.66 -15.31 lineto
-218.53 -12.38 lineto
 closepath stroke
 0.00002 0.00018 0.00029 setrgbcolor
newpath -204.85 -23.79 moveto
-205.16 -26.98 lineto
-202.04 -26.54 lineto
-202.19 -24.9 lineto
-202.91 -23.61 lineto
 closepath fill
 0 0 0 setrgbcolor
newpath -204.85 -23.79 moveto
-205.16 -26.98 lineto
-202.04 -26.54 lineto
-202.19 -24.9 lineto
-202.91 -23.61 lineto
 closepath stroke
 0.00002 0.00018 0.00029 setrgbcolor
newpath -226.77 -11.17 moveto
-225.63 -13.78 lineto
-224.62 -11.58 lineto
-224.99 -9.2 lineto
-226.22 -8.86 lineto
 closepath fill
 0 0 0 setrgbcolor
newpath -226.77 -11.17 moveto
-225.63 -13.78 lineto
-224.62 -11.58 lineto
-224.99 -9.2 lineto
-226.22 -8.86 lineto
 closepath stroke
 0.00002 0.00018 0.00029 setrgbcolor
newpath -181.01 17.4 moveto
-179.68 19.16 lineto
-179.42 21.29 lineto
-182.25 20.88 lineto
-184.81 19.29 lineto
-184.35 17.53 lineto
-182.6 16.48 lineto
 closepath fill
 0 0 0 setrgbcolor
newpath -181.01 17.4 moveto
-179.68 19.16 lineto
-179.42 21.29 lineto
-182.25 20.88 lineto
-184.81 19.29 lineto
-184.35 17.53 lineto
-182.6 16.48 lineto
 closepath stroke
 0 0.24501 dtransform truncate idtransform setlinewidth pop
newpath -143.68 37.2 moveto
-143.39648 32.29419 lineto stroke
 0.24501 0 dtransform exch truncate exch idtransform pop setlinewidth
newpath -144.805 37.135 moveto
-144.71059 35.50139 lineto stroke
 0 0.24501 dtransform truncate idtransform setlinewidth pop
newpath -145.93 37.06999 moveto
-145.64648 32.16418 lineto stroke
 0.24501 0 dtransform exch truncate exch idtransform pop setlinewidth
newpath -147.055 37.005 moveto
-146.96059 35.3714 lineto stroke
 0 0.24501 dtransform truncate idtransform setlinewidth pop
newpath -148.18 36.94 moveto
-147.89648 32.0342 lineto stroke
newpath -128.59 40.08 moveto
-129.23294 35.94286 lineto stroke
 0.24501 0 dtransform exch truncate exch idtransform pop setlinewidth
newpath -129.8125 40.27002 moveto
-130.02661 38.89238 lineto stroke
 0 0.24501 dtransform truncate idtransform setlinewidth pop
newpath -131.035 40.46 moveto
-131.67795 36.32286 lineto stroke
 0.24501 0 dtransform exch truncate exch idtransform pop setlinewidth
newpath -132.25749 40.65001 moveto
-132.4716 39.27237 lineto stroke
 0 0.24501 dtransform truncate idtransform setlinewidth pop
newpath -133.48 40.84 moveto
-134.12294 36.70285 lineto stroke
newpath -133.85 26.8 moveto
-136.85916 22.61867 lineto stroke
newpath -134.77753 27.46751 moveto
-135.77957 26.07516 lineto stroke
newpath -135.705 28.13503 moveto
-138.71408 23.95361 lineto stroke
newpath -136.63252 28.80249 moveto
-137.63457 27.41014 lineto stroke
newpath -137.56 29.47 moveto
-140.56915 25.28867 lineto stroke
newpath -222.24 -26.27 moveto
-216.84123 -19.79405 lineto stroke
newpath -220.9775 -27.3225 moveto
-219.17975 -25.16606 lineto stroke
newpath -219.71498 -28.37502 moveto
-214.31621 -21.89906 lineto stroke
newpath -218.45251 -29.4275 moveto
-216.65477 -27.27107 lineto stroke
newpath -217.19 -30.48 moveto
-211.79123 -24.00404 lineto stroke
 0 0.35 dtransform truncate idtransform setlinewidth pop
newpath 239.73 31.8 moveto
234.66 41.66 lineto stroke
newpath 239.73 31.8 moveto
236.85786 36.60739 lineto stroke
newpath 208.4 84.24 moveto
211.27213 79.43262 lineto stroke
newpath 239.73 31.8 moveto
238.91797 26.2592 lineto stroke
newpath 231.85 -21.97 moveto
232.66203 -16.4292 lineto stroke
newpath 234.66 41.66 moveto
239.73 31.8 lineto stroke
newpath 234.66 41.66 moveto
229.06041 41.59326 lineto stroke
newpath 213.67 41.41 moveto
219.26959 41.47675 lineto stroke
newpath 213.67 41.41 moveto
219.26959 41.47675 lineto stroke
newpath 234.66 41.66 moveto
229.06041 41.59326 lineto stroke
newpath 213.67 41.41 moveto
208.10458 42.03131 lineto stroke
newpath 194.41 43.56 moveto
199.97542 42.93869 lineto stroke
newpath 194.41 43.56 moveto
199.97542 42.93869 lineto stroke
newpath 213.67 41.41 moveto
208.10458 42.03131 lineto stroke
newpath 194.41 43.56 moveto
188.81425 43.34167 lineto stroke
newpath 177.24 42.89 moveto
182.83575 43.10832 lineto stroke
newpath 172.06 -12.97 moveto
170.89395 -7.49269 lineto stroke
newpath 164.1 24.42 moveto
165.26605 18.94269 lineto stroke
newpath 172.06 -12.97 moveto
166.46776 -12.67451 lineto stroke
newpath 151.05 -11.86 moveto
156.64224 -12.15549 lineto stroke
newpath 177.24 42.89 moveto
182.83575 43.10832 lineto stroke
newpath 194.41 43.56 moveto
188.81425 43.34167 lineto stroke
newpath 177.24 42.89 moveto
173.9937 38.3269 lineto stroke
newpath 164.1 24.42 moveto
167.34631 28.9831 lineto stroke
newpath 164.1 24.42 moveto
167.34631 28.9831 lineto stroke
newpath 177.24 42.89 moveto
173.9937 38.3269 lineto stroke
newpath 164.1 24.42 moveto
165.26605 18.94269 lineto stroke
newpath 172.06 -12.97 moveto
170.89395 -7.49269 lineto stroke
newpath 149.58 28.46 moveto
151.05 19.76 lineto stroke
newpath 149.58 28.46 moveto
149.08679 34.03824 lineto stroke
newpath 145.81 71.1 moveto
146.3032 65.52177 lineto stroke
newpath 151.05 19.76 moveto
152.15692 14.27046 lineto stroke
newpath 154.73 1.51 moveto
153.62308 6.99953 lineto stroke
newpath 151.05 19.76 moveto
149.58 28.46 lineto stroke
newpath 121.92 -16.56 moveto
127.4485 -15.66798 lineto stroke
newpath 151.05 -11.86 moveto
145.5215 -12.75201 lineto stroke
newpath 121.92 -16.56 moveto
118.44237 -20.94937 lineto stroke
newpath 95.64 -49.73 moveto
99.11763 -45.34062 lineto stroke
newpath 151.05 -11.86 moveto
156.64224 -12.15549 lineto stroke
newpath 172.06 -12.97 moveto
166.46776 -12.67451 lineto stroke
newpath 151.05 -11.86 moveto
145.5215 -12.75201 lineto stroke
newpath 121.92 -16.56 moveto
127.4485 -15.66798 lineto stroke
newpath 95.64 -49.73 moveto
99.11763 -45.34062 lineto stroke
newpath 121.92 -16.56 moveto
118.44237 -20.94937 lineto stroke
newpath 95.64 -49.73 moveto
91.25926 -46.24152 lineto stroke
newpath 72.76 -31.51 moveto
77.14073 -34.99847 lineto stroke
newpath 72.76 -31.51 moveto
67.71 -31.63 lineto stroke
newpath 72.76 -31.51 moveto
77.14073 -34.99847 lineto stroke
newpath 95.64 -49.73 moveto
91.25926 -46.24152 lineto stroke
newpath 72.76 -31.51 moveto
74.34483 -26.13889 lineto stroke
newpath 88.85 23.02 moveto
87.26517 17.6489 lineto stroke
newpath 61.21 -48.8 moveto
59.31277 -43.53119 lineto stroke
newpath 44.74 -3.06 moveto
46.63724 -8.32881 lineto stroke
newpath 61.21 -48.8 moveto
63.19269 -43.56271 lineto stroke
newpath 67.71 -31.63 moveto
65.72733 -36.8673 lineto stroke
newpath 44.74 -3.06 moveto
39.13998 -3.07315 lineto stroke
newpath 15 -3.13 moveto
20.60002 -3.11685 lineto stroke
newpath 44.74 -3.06 moveto
46.63724 -8.32881 lineto stroke
newpath 61.21 -48.8 moveto
59.31277 -43.53119 lineto stroke
newpath 15 -3.13 moveto
11.59279 -7.57423 lineto stroke
newpath -14.9 -42.13 moveto
-11.49278 -37.68578 lineto stroke
newpath 15 -3.13 moveto
20.60002 -3.11685 lineto stroke
newpath 44.74 -3.06 moveto
39.13998 -3.07315 lineto stroke
newpath -14.9 -42.13 moveto
-20.49814 -42.27467 lineto stroke
newpath -55.15 -43.17 moveto
-49.55185 -43.02533 lineto stroke
newpath -14.9 -42.13 moveto
-11.49278 -37.68578 lineto stroke
newpath 15 -3.13 moveto
11.59279 -7.57423 lineto stroke
newpath -55.15 -43.17 moveto
-60.7472 -43.34782 lineto stroke
newpath -91.97 -44.34 moveto
-86.3728 -44.16217 lineto stroke
newpath -55.15 -43.17 moveto
-49.55185 -43.02533 lineto stroke
newpath -14.9 -42.13 moveto
-20.49814 -42.27467 lineto stroke
newpath -91.97 -44.34 moveto
-96.22914 -40.70412 lineto stroke
newpath -108.78 -29.99 moveto
-104.52086 -33.62589 lineto stroke
newpath -91.97 -44.34 moveto
-86.3728 -44.16217 lineto stroke
newpath -55.15 -43.17 moveto
-60.7472 -43.34782 lineto stroke
newpath -108.78 -29.99 moveto
-113.85852 -27.63007 lineto stroke
newpath -142.48 -14.33 moveto
-137.40147 -16.68994 lineto stroke
newpath -108.78 -29.99 moveto
-104.52086 -33.62589 lineto stroke
newpath -91.97 -44.34 moveto
-96.22914 -40.70412 lineto stroke
newpath -181.01 17.4 moveto
-184.69577 13.18391 lineto stroke
newpath -218.75 -25.77 moveto
-215.06422 -21.55392 lineto stroke
newpath -181.01 17.4 moveto
-185.93556 14.7355 lineto stroke
newpath -232.42 -10.41 moveto
-227.49443 -7.74551 lineto stroke
newpath -181.01 17.4 moveto
-175.66599 19.07378 lineto stroke
newpath -113.58 38.52 moveto
-118.92401 36.84622 lineto stroke
newpath -181.01 17.4 moveto
-176.98122 21.28966 lineto stroke
newpath -162.18 35.58 moveto
-166.20877 31.69034 lineto stroke
newpath -181.01 17.4 moveto
-176.4152 14.19879 lineto stroke
newpath -154.37 -1.16 moveto
-158.96478 2.0412 lineto stroke
newpath -142.48 -14.33 moveto
-146.23268 -10.17331 lineto stroke
newpath -154.37 -1.16 moveto
-150.61731 -5.3167 lineto stroke
newpath -142.48 -14.33 moveto
-137.40147 -16.68994 lineto stroke
newpath -108.78 -29.99 moveto
-113.85852 -27.63007 lineto stroke
newpath -154.37 -1.16 moveto
-158.96478 2.0412 lineto stroke
newpath -181.01 17.4 moveto
-176.4152 14.19879 lineto stroke
newpath -154.37 -1.16 moveto
-150.61731 -5.3167 lineto stroke
newpath -142.48 -14.33 moveto
-146.23268 -10.17331 lineto stroke
newpath -162.18 35.58 moveto
-166.20877 31.69034 lineto stroke
newpath -181.01 17.4 moveto
-176.98122 21.28966 lineto stroke
newpath 145.81 71.1 moveto
146.3032 65.52177 lineto stroke
newpath 149.58 28.46 moveto
149.08679 34.03824 lineto stroke
newpath 145.81 71.1 moveto
141.53069 67.4878 lineto stroke
newpath 88.85 23.02 moveto
93.12932 26.63222 lineto stroke
newpath 88.85 23.02 moveto
87.26517 17.6489 lineto stroke
newpath 72.76 -31.51 moveto
74.34483 -26.13889 lineto stroke
newpath 88.85 23.02 moveto
93.12932 26.63222 lineto stroke
newpath 145.81 71.1 moveto
141.53069 67.4878 lineto stroke
showpage
%%EOF
