%!PS
%%BoundingBox: -103 -133 85 132 
%%HiResBoundingBox: -102.02 -132.09 84.095 131.08813 
%%Creator: MetaPost 1.209
%%CreationDate: 2019.09.26:1811
%%Pages: 1
%%BeginProlog
%%EndProlog
%%Page: 1 1
gsave newpath 62.1073 109.24495 moveto
64.8699 110.59778 65.58841 112.28667 66.16 113.21 curveto
66.8 114.25 67.33 116.19 66.82 117.82 curveto
66.3 119.46 65.69 120.71 66.68 122.58 curveto
67.28 123.7 68.01 126.1 68.04 127.13 curveto
68.07988 128.15678 67.17569 129.99843 67.17003 130.00995 curveto
67.17 130.01 lineto
67.17 130.01 59.4688 127.14128 53.77713 129.53058 curveto
53.77715 129.53064 lineto
52.62369 128.36588 51.12904 127.19897 50.48 125.58 curveto
49.57 123.32 48.97 122.64 49.21 121.85 curveto
49.67 120.31 50.21 119.64 51.33 119.47 curveto
53.75 119.11 56.18 119.47 57.66 119.02 curveto
59.15 118.57 60.71 118.06 61.46 116.11 curveto
62.21 114.15 62.46 111.42 62.23 109.88 curveto
62.20451 109.70279 62.1624 109.488 62.10733 109.24501 curveto
 closepath clip
 0 0 0 setrgbcolor 0 0.35 dtransform truncate idtransform setlinewidth pop
 [] 0 setdash 1 setlinecap 1 setlinejoin 10 setmiterlimit
newpath 44.14012 111.89987 moveto
44.04683 112.83003 46.10526 112.77557 45.89151 111.463 curveto
45.83597 110.52522 47.53613 110.33162 47.96667 111.55724 curveto stroke
newpath 43.20352 126.2359 moveto
43.04362 127.12169 44.8579 127.11443 44.60548 126.33 curveto
44.71544 124.89287 46.40831 125.05319 46.37152 126.10805 curveto stroke
newpath 55.65302 104.99216 moveto
55.5597 105.8163 57.4774 105.89621 57.40956 104.83475 curveto
57.3825 103.7627 59.38905 103.52505 59.14008 104.78102 curveto stroke
newpath 56.71625 119.94589 moveto
57.11194 120.95772 58.71442 120.99268 58.8921 119.63586 curveto
58.66887 118.63634 60.43593 118.36722 60.49402 119.73088 curveto stroke
newpath 52.59079 125.04025 moveto
52.5644 126.28633 54.50893 126.44995 54.33997 125.3353 curveto
54.3148 123.77856 55.94215 123.89728 56.14864 125.23027 curveto stroke
newpath 64.6614 109.40268 moveto
64.87761 110.79729 66.59848 110.4266 66.3969 109.3142 curveto
66.47183 108.19746 68.11163 108.19527 67.99808 109.25935 curveto stroke
newpath 69.84692 115.15018 moveto
69.69757 116.4199 71.30542 116.25049 71.58546 114.991 curveto
71.63895 114.10503 73.33308 113.8403 73.25038 114.91454 curveto stroke
newpath 66.69008 130.68213 moveto
66.92441 131.55206 68.40121 131.58682 68.40178 130.57309 curveto
68.3072 129.25589 70.43556 129.3705 70.20036 130.263 curveto stroke
grestore
gsave newpath 50.09264 93.06898 moveto
50.49138 92.66379 50.92859 92.17772 51.27 91.69 curveto
52.12 90.49 53.5 90.2 54.24 90.23 curveto
54.97 90.25 55.36 90.04 56.94 89.36 curveto
57.50528 89.11671 58.05136 89.03471 58.51962 89.02972 curveto
58.51965 89.02972 lineto
58.59775 89.31892 58.7444 89.62605 58.98 89.95 curveto
61.66 93.63 63.51 94.07 65.3 96.5 curveto
67.5 99.49 72.17 104.63 71.31 107.72 curveto
70.78 109.63 69.77 116.99 70.1 118.97 curveto
70.43 120.95 70.56 124.43 70.38 126.44 curveto
70.2705 127.66281 69.876 129.68878 69.5838 131.08809 curveto
69.58377 131.08813 lineto
68.75005 130.69 lineto
68.75009 130.68987 lineto
68.95012 130.29955 69.45001 128.4499 69.63 127.73 curveto
69.82 127 69.28 125.19 68.43 123.72 curveto
67.57 122.25 67.75 120.21 67.87 119.31 curveto
67.99 118.42 68.89 115.79 68.95 114.6 curveto
69.01 113.42 67.94 112.05 66.76 110.59 curveto
65.9079 109.54457 62.98952 107.66339 61.40086 106.67935 curveto
61.40088 106.67934 lineto
60.9287 105.11679 60.40218 103.52277 60.22 102.91 curveto
59.88 101.79 57.6 99.43 56.93 98.86 curveto
56.46556 98.47752 52.23657 95.90256 50.09271 93.06906 curveto
 closepath clip
 0 0 0 setrgbcolor 0 0.35 dtransform truncate idtransform setlinewidth pop
 [] 0 setdash 1 setlinecap 1 setlinejoin 10 setmiterlimit
newpath 45.92465 88.64828 moveto
46.29234 89.46547 48.04388 89.4621 48.0305 88.2643 curveto
47.67635 87.16768 49.71167 87.04166 49.42352 88.5096 curveto stroke
newpath 43.9185 95.35799 moveto
44.18391 96.78029 45.59499 96.47197 45.80365 95.17235 curveto
45.78438 94.40909 47.40927 94.39955 47.61867 95.5872 curveto stroke
newpath 42.61392 109.99571 moveto
42.55653 111.25928 44.69064 111.22308 44.59518 110.15184 curveto
44.2357 108.99156 46.18474 108.62239 46.42108 109.73537 curveto stroke
newpath 49.27866 119.52669 moveto
49.50682 120.56073 51.34467 120.8198 51.03569 119.53278 curveto
51.30003 118.16408 52.84273 118.37947 53.00636 119.60724 curveto stroke
newpath 47.64491 133.6378 moveto
47.49966 134.56798 49.57375 134.78206 49.57033 133.52103 curveto
49.266 132.29471 51.35266 132.48737 51.24776 133.29755 curveto stroke
newpath 59.06996 88.8024 moveto
59.32079 89.7823 61.04137 89.70782 60.8496 88.69656 curveto
61.07268 87.67027 62.8419 87.61862 62.81909 88.72093 curveto stroke
newpath 60.71515 99.54279 moveto
61.10078 100.64453 62.64735 100.74303 62.56006 99.65263 curveto
62.6752 98.4585 64.16486 98.388 64.21526 99.37865 curveto stroke
newpath 57.04019 103.41287 moveto
57.07674 104.78267 58.83195 104.66289 58.67296 103.6075 curveto
58.69559 102.54077 60.2593 102.48212 60.23172 103.61952 curveto stroke
newpath 52.97153 121.19815 moveto
53.08653 122.21078 54.84479 122.62471 54.8353 121.10486 curveto
54.63512 120.17535 56.6306 120.20569 56.68648 121.18613 curveto stroke
newpath 55.58003 124.99973 moveto
55.52985 126.08247 57.5215 126.10832 57.24501 124.98442 curveto
57.24866 123.97322 59.07631 124.02237 59.17822 125.1961 curveto stroke
newpath 69.5483 82.64946 moveto
69.5827 84.22304 71.20235 84.2175 71.24167 82.60489 curveto
71.25974 81.78503 72.9175 81.65672 72.98788 82.94083 curveto stroke
grestore
gsave newpath 35.65443 41.55956 moveto
35.40181 41.32687 35.1439 41.08087 34.88 40.82 curveto
33.57196 39.5202 23.987 30.99922 19.7823 27.28299 curveto
19.78247 27.28308 lineto
22.33893 26.67862 24.31378 24.83356 24.82 24.64 curveto
25.5 24.37 27.09 23.16 28.33 23.02 curveto
29.5708 22.88103 30.41747 23.48108 30.42986 23.48991 curveto
30.43 23.49 lineto
31.02 23.3 lineto
33.09 20.82 lineto
34.53 18.44 lineto
35.17 17.76 lineto
35.56 18.04 lineto
35.98 19.27 lineto
34.82 22.16 lineto
33.82 23.26 lineto
33.82 23.26 lineto
33.82014 23.26018 lineto
34.37727 23.84697 35.33992 24.01822 35.34993 24.01999 curveto
35.35 24.02 lineto
38.2 21.07 lineto
40.47 20.04 lineto
41.55 20.38 lineto
42.37 21.36 lineto
42.37 21.36 lineto
42.37 21.36 lineto
42.80612 21.4393 43.41902 21.89188 43.42986 21.89989 curveto
43.43 21.9 lineto
43.35 22.72 lineto
43.79 24.24 lineto
44.55 24.92 lineto
45.44 25.53 lineto
46.4 25.37 lineto
47.52 25.8 lineto
48.67 25.78 lineto
49.08 26.19 lineto
49.08 26.19 lineto
49.69 26.32 lineto
50.15 27.1 lineto
53.55 28.64 lineto
54.06 29.8 lineto
53.97 30.77 lineto
53.67 31.82 lineto
53.27 31.74 lineto
51.45 30.47 lineto
51.44981 30.46982 lineto
51.45 30.47 lineto
50.33 32.01 50.97 34.49 43.62 38.6 curveto
40.39159 40.40527 37.68024 41.21695 35.65457 41.55959 curveto
 closepath clip
 0.00002 0.00018 0.00014 setrgbcolor
newpath 14.89433 17.11974 moveto
23.58553 14.03421 lineto
22.7204 19.30962 lineto
19.67189 23.238 lineto
 closepath fill
 0 0 0 setrgbcolor 0 0.35 dtransform truncate idtransform setlinewidth pop
 [] 0 setdash 1 setlinejoin 10 setmiterlimit
newpath 14.89433 17.11974 moveto
23.58553 14.03421 lineto
22.7204 19.30962 lineto
19.67189 23.238 lineto
 closepath stroke
 0.00002 0.00018 0.00014 setrgbcolor
newpath 19.13046 25.33723 moveto
17.17436 33.76291 lineto
9.6194 32.44101 lineto
9.13966 28.424 lineto
 closepath fill
 0 0 0 setrgbcolor
newpath 19.13046 25.33723 moveto
17.17436 33.76291 lineto
9.6194 32.44101 lineto
9.13966 28.424 lineto
 closepath stroke
 0.00002 0.00018 0.00014 setrgbcolor
newpath 31.79425 12.02277 moveto
30.36446 21.96062 lineto
25.41481 20.06847 lineto
23.99467 13.02943 lineto
 closepath fill
 0 0 0 setrgbcolor
newpath 31.79425 12.02277 moveto
30.36446 21.96062 lineto
25.41481 20.06847 lineto
23.99467 13.02943 lineto
 closepath stroke
 0.00002 0.00018 0.00014 setrgbcolor
newpath 37.10838 28.84573 moveto
34.30795 34.8931 lineto
27.16977 31.44928 lineto
31.00587 24.65984 lineto
 closepath fill
 0 0 0 setrgbcolor
newpath 37.10838 28.84573 moveto
34.30795 34.8931 lineto
27.16977 31.44928 lineto
31.00587 24.65984 lineto
 closepath stroke
 0.00002 0.00018 0.00014 setrgbcolor
newpath 42.23157 10.98195 moveto
49.23064 7.90004 lineto
50.29707 14.40967 lineto
45.89075 18.81358 lineto
 closepath fill
 0 0 0 setrgbcolor
newpath 42.23157 10.98195 moveto
49.23064 7.90004 lineto
50.29707 14.40967 lineto
45.89075 18.81358 lineto
 closepath stroke
 0.00002 0.00018 0.00014 setrgbcolor
newpath 42.38647 33.67758 moveto
37.86563 33.62672 lineto
39.11183 26.94075 lineto
46.67947 25.89365 lineto
 closepath fill
 0 0 0 setrgbcolor
newpath 42.38647 33.67758 moveto
37.86563 33.62672 lineto
39.11183 26.94075 lineto
46.67947 25.89365 lineto
 closepath stroke
grestore
gsave newpath -25.03856 5.68892 moveto
-24.20738 5.11304 -22.85326 4.15648 -22.46 3.77 curveto
-21.87 3.21 -22.39 0.21 -22.39 0.21 curveto
-16.48 1.68 lineto
-15.12 2.09 lineto
-12.56116 9.09521 lineto
-12.56119 9.09525 lineto
-15.30112 8.47955 -20.26248 7.5946 -25.03845 5.6889 curveto
 closepath clip
grestore
gsave newpath -87.33977 -103.15991 moveto
-82.74997 -101.63991 -81.97998 -98.72995 -80.87 -96 curveto
-79.76 -93.27 -80.47 -89.4 -81.49 -86.24 curveto
-82.50758 -83.09744 -90.08403 -83.88623 -90.11986 -83.88998 curveto
-90.12 -83.89 lineto
-90 -84.37 -89.99 -85.77 -89.56 -87.37 curveto
-89.13 -88.98 -87.58 -91.67 -87.58 -91.67 curveto
-87.58 -91.67 -87.79 -93 -87.92 -93.39 curveto
-88.05 -93.77 -90.79 -97.63 -90.79 -97.63 curveto
-90.79 -97.63 lineto
-91.8 -100.9 -93.66 -105.93 -94.63 -108.04 curveto
-95.59 -110.15 -96.99 -112.89 -98.5 -114.29 curveto
-99.84 -115.53 -102.02 -116.3 -102.02 -116.3 curveto
-102.02 -116.30005 lineto
-101.9 -117.65002 -101.63 -118.36002 -101.16 -119.06 curveto
-101.05637 -119.21436 -100.93376 -119.39691 -100.8056 -119.58772 curveto
-100.8056 -119.58769 lineto
-100.06 -119.45 lineto
-100.05988 -119.44998 lineto
-100.03825 -119.44714 -97.03178 -119.04787 -94.76 -115.69 curveto
-92.99 -113.07 -91.98 -112.36 -90.91 -110.13 curveto
-90.69 -109.68 -89.8 -107.77 -89.8 -107.77 curveto
-89.8 -107.77 -87.79005 -104.70009 -87.34 -103.1601 curveto
 closepath clip
 0 0 0 setrgbcolor 0 0.35 dtransform truncate idtransform setlinewidth pop
 [] 0 setdash 1 setlinecap 1 setlinejoin 10 setmiterlimit
newpath -105.38002 -121.05151 moveto 0 0 rlineto stroke
newpath -104.14804 -114.73793 moveto 0 0 rlineto stroke
newpath -104.80043 -106.44711 moveto 0 0 rlineto stroke
newpath -105.59853 -102.88368 moveto 0 0 rlineto stroke
newpath -104.85654 -91.57759 moveto 0 0 rlineto stroke
newpath -102.04419 -85.17935 moveto 0 0 rlineto stroke
newpath -96.71645 -122.83592 moveto 0 0 rlineto stroke
newpath -97.21902 -112.97699 moveto 0 0 rlineto stroke
newpath -96.14833 -109.55339 moveto 0 0 rlineto stroke
newpath -97.43832 -102.3404 moveto 0 0 rlineto stroke
newpath -96.41861 -92.66136 moveto 0 0 rlineto stroke
newpath -95.03537 -88.25424 moveto 0 0 rlineto stroke
newpath -91.15985 -123.25166 moveto 0 0 rlineto stroke
newpath -91.50116 -116.0506 moveto 0 0 rlineto stroke
newpath -87.66647 -107.80643 moveto 0 0 rlineto stroke
newpath -87.57233 -100.94485 moveto 0 0 rlineto stroke
newpath -88.39594 -94.49068 moveto 0 0 rlineto stroke
newpath -89.0391 -88.34755 moveto 0 0 rlineto stroke
newpath -81.25934 -122.8797 moveto 0 0 rlineto stroke
newpath -83.93861 -116.8031 moveto 0 0 rlineto stroke
newpath -82.47865 -107.04524 moveto 0 0 rlineto stroke
newpath -81.33551 -102.24124 moveto 0 0 rlineto stroke
newpath -85.42621 -95.5183 moveto 0 0 rlineto stroke
newpath -82.65845 -86.79828 moveto 0 0 rlineto stroke
grestore
gsave newpath -75.54184 -103.28836 moveto
-76.14497 -106.24617 -76.7143 -109.39754 -76.98 -110.16 curveto
-78.38 -114.2 -81.73 -119.01 -84.07 -123.56 curveto
-86.40993 -128.09987 -94.78947 -131.5698 -95.6799 -132.08995 curveto
-95.68 -132.09 lineto
-95.68 -132.09 -97.32 -130.71 -97.55 -129.09 curveto
-97.78 -127.47 -97.77 -125.25 -97.99 -124.61 curveto
-98.21 -123.97 -98.84 -123 -98.84 -123 curveto
-98.84 -123 lineto
-98.84 -123 -94.07 -121.18 -92.67 -120.68 curveto
-91.28 -120.19 -89.53 -119.09 -89.19 -118.77 curveto
-88.85 -118.45 -87.71 -115.51 -87.16 -114.85 curveto
-86.6 -114.18 -85.74 -112.75 -85.64 -112.08 curveto
-85.53 -111.42 -85.09 -109.49 -84.98 -109.27 curveto
-84.88 -109.06 -85.23 -108.84 -85.23 -108.84 curveto
-85.87 -109.43 lineto
-85.87 -109.43 -87.72 -109.89 -88.41 -110.44 curveto
-89.1 -111 -90.47 -112.23 -90.78 -112.5 curveto
-91.08 -112.78 -91.85 -113.38 -92.09 -113.89 curveto
-92.64 -115.07 -94.32 -116.48 -95.1 -117 curveto
-96.85 -118.17 -99.02 -120.51 -99.83 -121.04 curveto
-99.83 -121.04 lineto
-99.83 -121.04 -100.35255 -120.26225 -100.8056 -119.58772 curveto
-100.8056 -119.58769 lineto
-100.06 -119.45 lineto
-100.05988 -119.44998 lineto
-100.03825 -119.44714 -97.03178 -119.04787 -94.76 -115.69 curveto
-92.99 -113.07 -91.98 -112.36 -90.91 -110.13 curveto
-90.69 -109.68 -89.8 -107.77 -89.8 -107.77 curveto
-89.8 -107.77 -87.79005 -104.70009 -87.34 -103.1601 curveto
-87.33977 -103.15991 lineto
-82.74997 -101.63991 -81.97998 -98.72995 -80.87 -96 curveto
-79.76 -93.27 -80.47 -89.4 -81.49 -86.24 curveto
-82.50758 -83.09744 -90.08403 -83.88623 -90.11986 -83.88998 curveto
-90.12 -83.89 lineto
-90.25 -83.41 -91.41 -81.38 -91.96 -80.81 curveto
-91.96887 -80.80064 lineto
-91.96889 -80.80066 lineto
-91.97313 -80.7773 -91.85844 -80.72162 -90.56 -80.77 curveto
-88.96 -80.83 -87.22 -80.51 -85.48 -79.7 curveto
-83.75 -78.89 -82.91 -79.06 -81.98 -78.98 curveto
-81.04 -78.89 -78.57 -78.92 -77.29 -79.01 curveto
-76.01 -79.1 -75.74 -80.27 -75.79 -81.59 curveto
-75.84 -82.9 -75.84 -84.26 -75.41 -85.86 curveto
-74.98 -87.47 -74.72 -91.72 -74.87 -93.33 curveto
-75.01 -94.95 -75.81 -93.83 -77.26 -97.28 curveto
-78.1789 -99.45766 -76.73692 -101.8294 -75.54185 -103.28833 curveto
 closepath clip
 0 0 0 setrgbcolor 0 0.35 dtransform truncate idtransform setlinewidth pop
 [] 0 setdash 1 setlinecap 1 setlinejoin 10 setmiterlimit
newpath -101.65367 -137.50693 moveto
-101.79616 -136.45639 -99.90375 -136.54292 -99.97447 -137.5738 curveto
-99.76506 -138.66174 -98.18364 -139.01181 -97.89514 -137.85129 curveto stroke
newpath -102.70758 -123.24094 moveto
-102.27875 -122.18486 -100.90231 -122.30484 -100.9381 -123.0985 curveto
-100.80685 -124.5542 -98.98546 -124.52213 -99.0506 -123.45152 curveto stroke
newpath -102.34889 -111.21541 moveto
-102.71234 -110.22745 -100.66124 -110.2973 -100.95412 -111.39749 curveto
-100.65678 -112.56004 -98.92625 -112.60872 -99.27234 -111.36992 curveto stroke
newpath -104.3687 -102.67088 moveto
-104.25404 -101.16544 -102.77057 -101.4955 -102.89694 -102.23508 curveto
-102.69359 -103.55615 -101.11984 -103.84164 -100.8467 -102.26477 curveto stroke
newpath -106.05667 -93.31274 moveto
-106.08562 -92.2452 -104.34264 -92.3176 -104.19553 -93.59012 curveto
-104.1045 -94.65855 -102.59459 -94.69218 -102.35445 -93.39851 curveto stroke
newpath -103.93983 -77.2754 moveto
-103.87971 -76.14749 -102.02274 -76.16176 -102.23941 -77.39307 curveto
-102.05833 -78.3404 -100.1628 -78.41943 -100.16193 -77.21477 curveto stroke
newpath -89.7948 -138.29617 moveto
-90.13197 -137.00278 -88.27544 -137.16557 -88.1926 -138.60115 curveto
-88.45525 -139.55101 -86.59639 -139.4121 -86.43005 -138.47327 curveto stroke
newpath -95.10388 -123.9581 moveto
-95.1505 -122.95534 -93.10239 -122.89243 -93.02701 -124.03024 curveto
-93.34389 -125.19023 -91.34082 -125.25458 -91.56541 -123.99046 curveto stroke
newpath -95.80557 -99.97324 moveto
-95.6911 -98.74924 -94.25555 -99.16623 -93.93463 -100.23892 curveto
-94.04173 -101.17699 -92.158 -101.46472 -92.46791 -100.10934 curveto stroke
newpath -92.48366 -93.49385 moveto
-92.46907 -92.07178 -90.43289 -92.1218 -90.53142 -93.49933 curveto
-90.64383 -94.80145 -88.8618 -94.37665 -88.95476 -93.4644 curveto stroke
newpath -93.17442 -77.77956 moveto
-93.46465 -76.46013 -91.59149 -76.71234 -91.53865 -77.55988 curveto
-91.5162 -78.62532 -89.64188 -78.71439 -89.68922 -77.83066 curveto stroke
newpath -88.0575 -138.2098 moveto
-87.78677 -136.70317 -86.34756 -136.84001 -86.14534 -137.84694 curveto
-86.13435 -139.2019 -84.62514 -139.1126 -84.65085 -138.12051 curveto stroke
newpath -84.42793 -126.5046 moveto
-84.49106 -125.27861 -83.0589 -125.1689 -82.69179 -126.6518 curveto
-82.777 -127.67743 -81.21301 -127.87619 -80.92322 -126.72745 curveto stroke
newpath -84.32072 -110.20345 moveto
-84.41637 -108.86896 -82.88249 -108.98875 -82.69794 -109.8395 curveto
-82.96957 -111.09746 -81.24908 -111.20305 -81.03342 -109.93768 curveto stroke
newpath -81.73477 -100.80614 moveto
-81.76001 -99.62119 -79.88316 -99.70178 -79.8182 -101.05855 curveto
-80.2106 -102.2099 -78.40683 -102.00401 -78.44514 -100.89091 curveto stroke
newpath -79.78955 -89.38826 moveto
-79.60728 -87.99286 -77.85849 -88.03871 -77.96799 -89.20454 curveto
-77.94637 -90.5871 -76.2602 -90.65273 -76.20332 -89.43808 curveto stroke
newpath -86.16158 -85.49866 moveto
-86.19325 -84.21088 -84.29457 -84.29413 -84.0347 -85.60373 curveto
-84.21931 -86.65193 -82.68427 -86.84766 -82.55965 -85.6909 curveto stroke
grestore
gsave newpath -86.69 -70.74 moveto
-87.81 -69.86 -90.33 -68.55 -89.25 -66.86 curveto
-88.17 -65.18 -86.87 -63.48 -85.95 -62.92 curveto
-85.01 -62.34 -80.23 -56.58 -78.24 -54.84 curveto
-77.89842 -54.54153 -77.60083 -54.00551 -77.31258 -53.3541 curveto
-77.31256 -53.3541 lineto
-78.79762 -54.03502 -80.21077 -54.53049 -80.52 -54.64 curveto
-81 -54.8 -81.54 -54.73 -83.09 -55.35 curveto
-84.62321 -55.97722 -90.7655 -57.95248 -90.81964 -57.96988 curveto
-90.81982 -57.96968 lineto
-90.82 -57.97 lineto
-91.29 -58.26 lineto
-91.79 -59.08 lineto
-92.33 -59.05 lineto
-92.53 -59.52 lineto
-92.96 -59.72 lineto
-92.96 -59.72 lineto
-92.5 -59.88 lineto
-92 -59.96 lineto
-92.07 -60.58 lineto
-92.07 -60.58 -93.85 -63.2 -94.06 -63.55 curveto
-94.06 -63.55 lineto
-94.06 -63.55 -93.92 -64.73 -92.92 -65.75 curveto
-91.93 -66.77 -90.64 -67.48 -89.91 -68.28 curveto
-89.18 -69.07 -87.32 -70.18 -86.69 -70.74 curveto
 closepath clip
 0 0 0 setrgbcolor 0 0.35 dtransform truncate idtransform setlinewidth pop
 [] 0 setdash 1 setlinecap 1 setlinejoin 10 setmiterlimit
newpath -100.00804 -71.5872 moveto
-100.09183 -70.79012 -98.01273 -70.86938 -98.2636 -71.60272 curveto
-98.20367 -72.83638 -96.62076 -73.13437 -96.32071 -71.6936 curveto stroke
newpath -96.95203 -61.27673 moveto
-97.03592 -60.13046 -95.06367 -59.93599 -95.1742 -61.33969 curveto
-95.27748 -62.49191 -93.54929 -62.37332 -93.7797 -61.16542 curveto stroke
newpath -94.97162 -52.86513 moveto
-94.78625 -51.74028 -92.95024 -51.93985 -93.19902 -52.7611 curveto
-93.1255 -54.17072 -91.32733 -54.1568 -91.17627 -52.98932 curveto stroke
newpath -86.6321 -75.85901 moveto
-86.65875 -74.40652 -84.85327 -74.47914 -84.83546 -75.87872 curveto
-84.64217 -76.83644 -83.2557 -76.75352 -82.94977 -75.67815 curveto stroke
newpath -87.5135 -58.01782 moveto
-87.44057 -56.71638 -85.4582 -56.92398 -85.60611 -58.23697 curveto
-85.78854 -59.142 -83.74095 -59.30318 -83.80635 -58.1041 curveto stroke
grestore
gsave newpath -69.0054 -38.88612 moveto
-68.62321 -37.78325 -68.0076 -36.02269 -67.29 -34.03 curveto
-65.51703 -29.12944 -66.7601 -26.56035 -66.76994 -26.54012 curveto
-66.77 -26.54 lineto
-67.64 -28.13 -72.48 -32.25 -74.92 -33.99 curveto
-77.37 -35.72 -79.2 -37.05 -80.15 -38.58 curveto
-81.1 -40.11 -81.93 -41.26 -81.93 -41.26 curveto
-81.93 -41.26 lineto
-81.93 -41.26 -81.97 -42.98 -81.11 -44.75 curveto
-81.09 -44.8 -84.91 -47.27 -85.28 -47.75 curveto
-85.28778 -47.75632 lineto
-85.28775 -47.75627 lineto
-86.19196 -48.48962 -85.99307 -49.39624 -85.99005 -49.40985 curveto
-85.99019 -49.41 lineto
-85.99 -49.41 lineto
-84.78 -50.13 lineto
-84.85 -50.75 lineto
-85.44 -51.5 lineto
-85.44019 -51.5 lineto
-85.44 -51.5 lineto
-84.74 -51.56 -84.44 -51.62 -83.71 -51.51 curveto
-82.98 -51.4 -80.21 -51.24 -79.48 -51.09 curveto
-78.75 -50.95 -76.66 -50.43 -76.3 -50.32 curveto
-76.24869 -50.30388 -76.16019 -50.27637 -76.04651 -50.24115 curveto
-76.04648 -50.24109 lineto
-75.84776 -49.80121 -75.63477 -49.38205 -75.4 -49.01 curveto
-74.34 -47.35 -72.7 -43.36 -71.15 -41.81 curveto
-70.38376 -41.04005 -69.66685 -39.93304 -69.00536 -38.88611 curveto
 closepath clip
 0 0 0 setrgbcolor 0 0.35 dtransform truncate idtransform setlinewidth pop
 [] 0 setdash 1 setlinecap 1 setlinejoin 10 setmiterlimit
newpath -86.64925 -55.17877 moveto
-86.91074 -53.96036 -85.25934 -53.92871 -85.07779 -54.85501 curveto
-85.30122 -56.33202 -83.41985 -56.21033 -83.5199 -55.01172 curveto stroke
newpath -87.2579 -41.45235 moveto
-87.36568 -40.1338 -85.52957 -40.13524 -85.45818 -41.41101 curveto
-85.69875 -42.51756 -84.14 -42.41823 -84.04059 -41.27823 curveto stroke
newpath -92.40518 -29.17133 moveto
-92.25076 -28.07086 -90.47333 -28.08499 -90.52933 -29.0123 curveto
-90.32874 -30.47081 -88.8547 -30.31676 -88.56544 -29.2829 curveto stroke
newpath -83.26694 -48.84055 moveto
-82.94093 -48.04321 -81.39566 -47.66354 -81.19572 -49.00182 curveto
-81.14723 -50.06459 -79.3979 -50.10149 -79.5322 -48.81749 curveto stroke
newpath -79.32271 -29.7683 moveto
-79.27031 -28.66331 -77.35437 -28.59912 -77.29146 -30.007 curveto
-77.21295 -31.07098 -75.43056 -31.0752 -75.62622 -29.73824 curveto stroke
newpath -68.18117 -53.03531 moveto
-68.39369 -52.07797 -66.5996 -51.90096 -66.69139 -53.4774 curveto
-66.5708 -54.46994 -64.77283 -54.49556 -64.53502 -53.16756 curveto stroke
newpath -69.14438 -47.09547 moveto
-68.91292 -46.31604 -67.37651 -45.90643 -67.06903 -47.43657 curveto
-67.14368 -48.58324 -65.61963 -48.50928 -65.493 -47.36314 curveto stroke
newpath -72.1543 -36.56245 moveto
-71.8886 -35.36598 -70.4634 -35.32738 -70.46622 -36.38521 curveto
-70.17467 -37.71764 -68.69302 -37.46469 -68.36209 -36.53017 curveto stroke
grestore
gsave newpath 30.43 23.49 moveto
30.43 23.49 29.58 22.88 28.33 23.02 curveto
27.09 23.16 25.5 24.37 24.82 24.64 curveto
24.31377 24.83356 22.33885 26.67871 19.78232 27.28313 curveto
19.7823 27.28299 lineto
18.87592 26.4819 18.21954 25.90408 17.95 25.67 curveto
17.18 24.99 14.92 21.37 12.54 20.46 curveto
10.43 19.66 5.81 16.83 2.85 15.32 curveto
0.8578 14.31467 -4.38397 11.25922 -10.87459 9.51172 curveto
-10.87466 9.51175 lineto
-10.93243 8.4692 -11.30663 6.66153 -12.78 4.02 curveto
-13.8 2.2 -12.63 1.4 -12.41 0.32 curveto
-12.19 -0.77 -7.93 0.26 -6.56 0.59 curveto
-6.56 0.59 lineto
-6.56 0.59 -4.96 2.42 -0.94 2.53 curveto
3.08 2.65 12 4.84 14.57 6.43 curveto
17.14 8.01 23.84 10.34 27.28 10.44 curveto
30.72 10.54 45.13 10.64 50.49 18.31 curveto
52.1 20.62 53.17 25.94 53.55 28.64 curveto
53.55 28.64 lineto
54.06 29.8 lineto
53.97 30.77 lineto
53.67 31.82 lineto
53.27 31.74 lineto
51.45 30.47 lineto
50.27 29.5 lineto
49.67 29.69 lineto
49.01 29.34 lineto
48.41 28.22 lineto
48.41 26.87 lineto
49.08 26.19 lineto
49.08 26.19 lineto
48.67 25.78 lineto
47.52 25.8 lineto
46.4 25.37 lineto
45.44 25.53 lineto
44.55 24.92 lineto
43.79 24.24 lineto
43.35 22.72 lineto
43.43 21.9 lineto
43.43 21.9 lineto
43.43 21.9 42.81 21.44 42.37 21.36 curveto
42.37 21.36 lineto
42.45 22.72 lineto
41.98 23.42 lineto
40.39 24.18 lineto
36.64 24.34 lineto
36.25 24.01 lineto
35.35 24.02 lineto
35.35 24.02 lineto
35.35 24.02 34.38 23.85 33.82 23.26 curveto
33.82 23.26 lineto
34.82 22.16 lineto
35.98 19.27 lineto
35.56 18.04 lineto
35.17 17.76 lineto
34.53 18.44 lineto
33.09 20.82 lineto
31.02 23.3 lineto
30.43 23.49 lineto
 closepath clip
 0 0 0 setrgbcolor 0 0.35 dtransform truncate idtransform setlinewidth pop
 [] 0 setdash 1 setlinecap 1 setlinejoin 10 setmiterlimit
newpath -15.84332 -3.48102 moveto 0 0 rlineto stroke
newpath -14.47734 5.13239 moveto 0 0 rlineto stroke
newpath -14.55267 11.90503 moveto 0 0 rlineto stroke
newpath -14.90501 19.05971 moveto 0 0 rlineto stroke
newpath -15.11809 24.83452 moveto 0 0 rlineto stroke
newpath -14.80598 31.04333 moveto 0 0 rlineto stroke
newpath -10.40442 -4.54372 moveto 0 0 rlineto stroke
newpath -8.59813 5.57857 moveto 0 0 rlineto stroke
newpath -10.59601 13.88701 moveto 0 0 rlineto stroke
newpath -6.51878 19.51175 moveto 0 0 rlineto stroke
newpath -5.79259 27.939 moveto 0 0 rlineto stroke
newpath -7.70395 32.65788 moveto 0 0 rlineto stroke
newpath -2.62923 -0.13722 moveto 0 0 rlineto stroke
newpath -1.95409 2.83923 moveto 0 0 rlineto stroke
newpath -1.88788 10.57587 moveto 0 0 rlineto stroke
newpath -2.50815 17.44041 moveto 0 0 rlineto stroke
newpath -0.5953 26.43593 moveto 0 0 rlineto stroke
newpath 1.22502 34.24184 moveto 0 0 rlineto stroke
newpath 6.56535 -4.2467 moveto 0 0 rlineto stroke
newpath 4.26323 6.43335 moveto 0 0 rlineto stroke
newpath 8.16748 11.78772 moveto 0 0 rlineto stroke
newpath 5.7013 17.76004 moveto 0 0 rlineto stroke
newpath 6.66913 26.46051 moveto 0 0 rlineto stroke
newpath 7.94669 33.77121 moveto 0 0 rlineto stroke
newpath 13.70547 -1.00337 moveto 0 0 rlineto stroke
newpath 13.8643 2.87743 moveto 0 0 rlineto stroke
newpath 13.19904 12.36934 moveto 0 0 rlineto stroke
newpath 14.90291 18.72101 moveto 0 0 rlineto stroke
newpath 13.20013 26.25302 moveto 0 0 rlineto stroke
newpath 12.15631 33.77675 moveto 0 0 rlineto stroke
newpath 20.6004 -2.6592 moveto 0 0 rlineto stroke
newpath 21.53885 3.91766 moveto 0 0 rlineto stroke
newpath 17.78615 10.45325 moveto 0 0 rlineto stroke
newpath 20.5653 19.97038 moveto 0 0 rlineto stroke
newpath 20.00276 25.24036 moveto 0 0 rlineto stroke
newpath 19.86813 34.99092 moveto 0 0 rlineto stroke
newpath 27.56221 -3.49074 moveto 0 0 rlineto stroke
newpath 26.4915 6.19363 moveto 0 0 rlineto stroke
newpath 26.79034 11.09 moveto 0 0 rlineto stroke
newpath 27.94482 18.5523 moveto 0 0 rlineto stroke
newpath 24.44739 24.69336 moveto 0 0 rlineto stroke
newpath 29.16922 33.85208 moveto 0 0 rlineto stroke
newpath 32.50258 -0.8532 moveto 0 0 rlineto stroke
newpath 35.99014 7.06734 moveto 0 0 rlineto stroke
newpath 33.22882 12.90794 moveto 0 0 rlineto stroke
newpath 33.57721 17.5408 moveto 0 0 rlineto stroke
newpath 35.80432 26.06477 moveto 0 0 rlineto stroke
newpath 32.02042 32.91728 moveto 0 0 rlineto stroke
newpath 39.65953 -1.62218 moveto 0 0 rlineto stroke
newpath 39.355 3.41965 moveto 0 0 rlineto stroke
newpath 40.48338 10.61192 moveto 0 0 rlineto stroke
newpath 41.94777 20.12431 moveto 0 0 rlineto stroke
newpath 42.75012 23.75842 moveto 0 0 rlineto stroke
newpath 38.90472 33.56589 moveto 0 0 rlineto stroke
newpath 45.40802 -2.3491 moveto 0 0 rlineto stroke
newpath 46.68497 5.64322 moveto 0 0 rlineto stroke
newpath 46.54184 10.72295 moveto 0 0 rlineto stroke
newpath 46.99936 18.43042 moveto 0 0 rlineto stroke
newpath 46.18369 26.50432 moveto 0 0 rlineto stroke
newpath 48.74767 32.65607 moveto 0 0 rlineto stroke
newpath 53.46294 -0.37068 moveto 0 0 rlineto stroke
newpath 52.73978 4.65533 moveto 0 0 rlineto stroke
newpath 53.31186 12.74063 moveto 0 0 rlineto stroke
newpath 57.05815 20.76352 moveto 0 0 rlineto stroke
newpath 52.5183 23.74135 moveto 0 0 rlineto stroke
newpath 52.95973 33.8599 moveto 0 0 rlineto stroke
grestore
 0.00002 0.00018 0.00014 setrgbcolor
newpath 49.04143 91.17778 moveto
49.11327 91.09041 49.18318 90.99786 49.25 90.9 curveto
49.96 89.85 52.11 89.18 53.68 89.07 curveto
55.25 88.96 56.06 88.17 56.55 87.77 curveto
57.03845 87.36128 59.44481 86.59483 59.45993 86.59001 curveto
59.45996 86.59004 lineto
58.89929 87.11122 58.22647 87.94414 58.51965 89.02972 curveto
58.51962 89.02972 lineto
58.05136 89.03471 57.50528 89.11671 56.94 89.36 curveto
55.36 90.04 54.97 90.25 54.24 90.23 curveto
53.5 90.2 52.12 90.49 51.27 91.69 curveto
50.92859 92.17772 50.49138 92.66379 50.09264 93.06898 curveto
50.09256 93.06886 lineto
49.61993 92.44418 49.24866 91.80695 49.04143 91.17786 curveto
 closepath fill
0 0 0 THsetpatterncolor
 0.00002 0.00015 0.00002 setrgbcolor
newpath 49.04143 91.17778 moveto
49.11327 91.09041 49.18318 90.99786 49.25 90.9 curveto
49.96 89.85 52.11 89.18 53.68 89.07 curveto
55.25 88.96 56.06 88.17 56.55 87.77 curveto
57.03845 87.36128 59.44481 86.59483 59.45993 86.59001 curveto
59.45996 86.59004 lineto
58.89929 87.11122 58.22647 87.94414 58.51965 89.02972 curveto
58.51962 89.02972 lineto
58.05136 89.03471 57.50528 89.11671 56.94 89.36 curveto
55.36 90.04 54.97 90.25 54.24 90.23 curveto
53.5 90.2 52.12 90.49 51.27 91.69 curveto
50.92859 92.17772 50.49138 92.66379 50.09264 93.06898 curveto
50.09256 93.06886 lineto
49.61993 92.44418 49.24866 91.80695 49.04143 91.17786 curveto
 closepath fill
 0.00002 0.00018 0.00014 setrgbcolor
newpath 61.40086 106.67935 moveto
62.98952 107.66339 65.9079 109.54457 66.76 110.59 curveto
67.94 112.05 69.01 113.42 68.95 114.6 curveto
68.89 115.79 67.99 118.42 67.87 119.31 curveto
67.75 120.21 67.57 122.25 68.43 123.72 curveto
69.28 125.19 69.82 127 69.63 127.73 curveto
69.45 128.45 68.95 130.3 68.75 130.69 curveto
68.75 130.69 lineto
67.17 130.01 lineto
67.17 130.01 lineto
67.17 130.01 68.08 128.16 68.04 127.13 curveto
68.01 126.1 67.28 123.7 66.68 122.58 curveto
65.69 120.71 66.3 119.46 66.82 117.82 curveto
67.33 116.19 66.8 114.25 66.16 113.21 curveto
65.58841 112.28667 64.8699 110.59778 62.1073 109.24495 curveto
62.10733 109.24501 lineto
61.9494 108.5482 61.68497 107.61943 61.40086 106.67928 curveto
 closepath fill
0 0 0 THsetpatterncolor
 0.00002 0.00015 0.00002 setrgbcolor
newpath 61.40086 106.67935 moveto
62.98952 107.66339 65.9079 109.54457 66.76 110.59 curveto
67.94 112.05 69.01 113.42 68.95 114.6 curveto
68.89 115.79 67.99 118.42 67.87 119.31 curveto
67.75 120.21 67.57 122.25 68.43 123.72 curveto
69.28 125.19 69.82 127 69.63 127.73 curveto
69.45 128.45 68.95 130.3 68.75 130.69 curveto
68.75 130.69 lineto
67.17 130.01 lineto
67.17 130.01 lineto
67.17 130.01 68.08 128.16 68.04 127.13 curveto
68.01 126.1 67.28 123.7 66.68 122.58 curveto
65.69 120.71 66.3 119.46 66.82 117.82 curveto
67.33 116.19 66.8 114.25 66.16 113.21 curveto
65.58841 112.28667 64.8699 110.59778 62.1073 109.24495 curveto
62.10733 109.24501 lineto
61.9494 108.5482 61.68497 107.61943 61.40086 106.67928 curveto
 closepath fill
 0.00002 0.00018 0.00014 setrgbcolor
newpath 64.99863 83.34596 moveto
65.25107 82.231 65.84 80.53365 67.17 79.63 curveto
68.72 78.59 69.55 78.28 70.5 78.24 curveto
71.45 78.2 72.94 78.09 73.13 78.19 curveto
73.20627 78.22813 73.31596 78.69368 73.42252 79.25516 curveto
73.42244 79.25517 lineto
72.10495 79.69106 70.78192 80.14812 70.12 80.53 curveto
69.17642 81.0786 66.68658 82.41904 64.99864 83.34596 curveto
 closepath fill
0 0 0 THsetpatterncolor
 0.00002 0.00015 0.00002 setrgbcolor
newpath 64.99863 83.34596 moveto
65.25107 82.231 65.84 80.53365 67.17 79.63 curveto
68.72 78.59 69.55 78.28 70.5 78.24 curveto
71.45 78.2 72.94 78.09 73.13 78.19 curveto
73.20627 78.22813 73.31596 78.69368 73.42252 79.25516 curveto
73.42244 79.25517 lineto
72.10495 79.69106 70.78192 80.14812 70.12 80.53 curveto
69.17642 81.0786 66.68658 82.41904 64.99864 83.34596 curveto
 closepath fill
 0.00002 0.00018 0.00014 setrgbcolor
newpath -21.78 -9.83 moveto
-21.63396 -10.68463 lineto
-21.63387 -10.68462 lineto
-20.26375 -9.98509 -18.94092 -9.35855 -18.17 -9.11 curveto
-16.35 -8.51 -10.08 -7.38 -7.38 -7.72 curveto
-4.67 -8.06 -3.15 -8.06 -1.47 -8.2 curveto
0.2 -8.34 8.78 -6.73 10.43 -6.1 curveto
12.14 -5.46 24.7 -0.8 26.73 -0.11 curveto
28.77 0.57 39.98 3.52 43.07 3.8 curveto
46.25 4.08 52.5 5.74 53.67 6.6 curveto
56.95 8.99 59.06 12.69 60.75 17.25 curveto
62.44 21.81 63.34 26.91 67.7 31.11 curveto
68.8279 32.19681 70.18175 33.52353 71.52818 34.86824 curveto
71.5282 34.8683 lineto
71.58876 35.36586 71.66273 35.91669 71.74 36.36 curveto
71.93 37.44 73.44 40.33 74.48 41.98 curveto
75.53 43.63 77.49 45.98 78.51 46.98 curveto
79.52745 47.96753 83.20155 50.34805 83.21992 50.35995 curveto
83.22 50.36 lineto
83.64 51.09 83.91 52.67 83.92 53.54 curveto
83.92 54.4 83.34 56.81 83.01 58.22 curveto
82.67 59.62 81.54 60.88 80.81 62.09 curveto
80.09 63.29 79.81 65.03 79.81 65.03 curveto
79.81 65.03 lineto
79.81 65.03 79.73581 65.48953 79.75488 66.07277 curveto
79.7549 66.07274 lineto
79.6226 66.54984 79.55716 67.06882 79.58 67.64 curveto
79.61153 68.4281 79.68721 69.33153 79.74261 70.22609 curveto
79.7426 70.226 lineto
79.00421 69.14357 78.20897 67.91353 77.82 67.07 curveto
77 65.27 77.98 63.02 78.89 62 curveto
79.8 60.97 81.64 57.44 81.93 55.04 curveto
82.23 52.65 80.73 51.12 79.42 50.14 curveto
78.11 49.16 75.88 47.52 74.56 45.23 curveto
73.25 42.94 69.96 38.91 68.13 37.76 curveto
66.3 36.61 64.2 32.64 63.07 30.49 curveto
61.95 28.33 59.34 24.03 57.43 19.22 curveto
55.52 14.4 49.72 10.31 46.05 8.21 curveto
42.37 6.12 30.94 5.75 28.28 5.64 curveto
25.62 5.52 24.36 4.47 22.92 4.09 curveto
21.47 3.72 18.7 2.52 17.79 2.2 curveto
16.87 1.87 13.07 -0.2 11.88 -1.13 curveto
10.69 -2.06 6.33 -4.79 5.73 -4.96 curveto
5.13 -5.14 2.64 -5.36 1.5 -5.05 curveto
0.37 -4.75 -5.3 -2.99 -6.29 -2.88 curveto
-7.29 -2.76 -9.47 -3.16 -9.47 -3.16 curveto
-10.65 -3.31 lineto
-11.74 -4.02 lineto
-12.42 -3.79 lineto
-12.42 -3.79 -13.98 -3.86 -14.02 -3.85 curveto
-15.35 -3.6 -19.22 -3.94 -19.89 -4.29 curveto
-20.56 -4.64 -22.29 -5.53 -22.29 -5.53 curveto
-22.93954 -5.05037 lineto
-22.93968 -5.05055 lineto
-22.01 -6.74 lineto
-21.78 -9.83 lineto
 closepath fill
0 0 0 THsetpatterncolor
 0.00002 0.00015 0.00002 setrgbcolor
newpath -21.78 -9.83 moveto
-21.63396 -10.68463 lineto
-21.63387 -10.68462 lineto
-20.26375 -9.98509 -18.94092 -9.35855 -18.17 -9.11 curveto
-16.35 -8.51 -10.08 -7.38 -7.38 -7.72 curveto
-4.67 -8.06 -3.15 -8.06 -1.47 -8.2 curveto
0.2 -8.34 8.78 -6.73 10.43 -6.1 curveto
12.14 -5.46 24.7 -0.8 26.73 -0.11 curveto
28.77 0.57 39.98 3.52 43.07 3.8 curveto
46.25 4.08 52.5 5.74 53.67 6.6 curveto
56.95 8.99 59.06 12.69 60.75 17.25 curveto
62.44 21.81 63.34 26.91 67.7 31.11 curveto
68.8279 32.19681 70.18175 33.52353 71.52818 34.86824 curveto
71.5282 34.8683 lineto
71.58876 35.36586 71.66273 35.91669 71.74 36.36 curveto
71.93 37.44 73.44 40.33 74.48 41.98 curveto
75.53 43.63 77.49 45.98 78.51 46.98 curveto
79.52745 47.96753 83.20155 50.34805 83.21992 50.35995 curveto
83.22 50.36 lineto
83.64 51.09 83.91 52.67 83.92 53.54 curveto
83.92 54.4 83.34 56.81 83.01 58.22 curveto
82.67 59.62 81.54 60.88 80.81 62.09 curveto
80.09 63.29 79.81 65.03 79.81 65.03 curveto
79.81 65.03 lineto
79.81 65.03 79.73581 65.48953 79.75488 66.07277 curveto
79.7549 66.07274 lineto
79.6226 66.54984 79.55716 67.06882 79.58 67.64 curveto
79.61153 68.4281 79.68721 69.33153 79.74261 70.22609 curveto
79.7426 70.226 lineto
79.00421 69.14357 78.20897 67.91353 77.82 67.07 curveto
77 65.27 77.98 63.02 78.89 62 curveto
79.8 60.97 81.64 57.44 81.93 55.04 curveto
82.23 52.65 80.73 51.12 79.42 50.14 curveto
78.11 49.16 75.88 47.52 74.56 45.23 curveto
73.25 42.94 69.96 38.91 68.13 37.76 curveto
66.3 36.61 64.2 32.64 63.07 30.49 curveto
61.95 28.33 59.34 24.03 57.43 19.22 curveto
55.52 14.4 49.72 10.31 46.05 8.21 curveto
42.37 6.12 30.94 5.75 28.28 5.64 curveto
25.62 5.52 24.36 4.47 22.92 4.09 curveto
21.47 3.72 18.7 2.52 17.79 2.2 curveto
16.87 1.87 13.07 -0.2 11.88 -1.13 curveto
10.69 -2.06 6.33 -4.79 5.73 -4.96 curveto
5.13 -5.14 2.64 -5.36 1.5 -5.05 curveto
0.37 -4.75 -5.3 -2.99 -6.29 -2.88 curveto
-7.29 -2.76 -9.47 -3.16 -9.47 -3.16 curveto
-10.65 -3.31 lineto
-11.74 -4.02 lineto
-12.42 -3.79 lineto
-12.42 -3.79 -13.98 -3.86 -14.02 -3.85 curveto
-15.35 -3.6 -19.22 -3.94 -19.89 -4.29 curveto
-20.56 -4.64 -22.29 -5.53 -22.29 -5.53 curveto
-22.93954 -5.05037 lineto
-22.93968 -5.05055 lineto
-22.01 -6.74 lineto
-21.78 -9.83 lineto
 closepath fill
 0.00002 0.00018 0.00014 setrgbcolor
newpath -40.36148 -3.12103 moveto
-40.46706 -3.42755 -40.57646 -3.74153 -40.69 -4.05 curveto
-41.20659 -5.48053 -42.64098 -6.79263 -42.65982 -6.80983 curveto
-42.65964 -6.81 lineto
-42.12 -6.8 lineto
-41.59 -7.7 lineto
-41.87 -8.75 lineto
-43.49 -10.37 lineto
-46.11 -11.76 lineto
-46.86 -12.64 lineto
-47.83 -12.77 lineto
-48.86 -13.69 lineto
-49.48 -13.66 lineto
-49.48004 -13.66 lineto
-49.48 -13.66 lineto
-51.36995 -15.46996 lineto
-51.37 -15.47 lineto
-52.19 -14.11 lineto
-53.24 -13.42 lineto
-53.75 -13.67 lineto
-55.02 -14.61 lineto
-55.61 -15.85 lineto
-55.95 -16.17 lineto
-55.47 -16.91 lineto
-53.88 -16.85 lineto
-53.88019 -16.8501 lineto
-54.12009 -16.95049 -54.31009 -17.9601 -54.69 -18.36 curveto
-55.06 -18.76 -56.62 -19.31 -56.62 -19.31 curveto
-56.62 -19.31 -57.35 -19.79 -57.59 -19.89 curveto
-57.83 -20 -58.63 -20.15 -58.63 -20.15 curveto
-58.63 -20.15 -58.6 -19.66 -58.57 -19.08 curveto
-58.55304 -18.75209 -58.20045 -17.89676 -57.89717 -17.21521 curveto
-57.89722 -17.21529 lineto
-56.03725 -15.16736 -53.06355 -12.31834 -52.07 -10.9 curveto
-51.60558 -10.23653 -45.99951 -6.63237 -40.36172 -3.12105 curveto
 closepath fill
0 0 0 THsetpatterncolor
 0.00002 0.00015 0.00002 setrgbcolor
newpath -40.36148 -3.12103 moveto
-40.46706 -3.42755 -40.57646 -3.74153 -40.69 -4.05 curveto
-41.20659 -5.48053 -42.64098 -6.79263 -42.65982 -6.80983 curveto
-42.65964 -6.81 lineto
-42.12 -6.8 lineto
-41.59 -7.7 lineto
-41.87 -8.75 lineto
-43.49 -10.37 lineto
-46.11 -11.76 lineto
-46.86 -12.64 lineto
-47.83 -12.77 lineto
-48.86 -13.69 lineto
-49.48 -13.66 lineto
-49.48004 -13.66 lineto
-49.48 -13.66 lineto
-51.36995 -15.46996 lineto
-51.37 -15.47 lineto
-52.19 -14.11 lineto
-53.24 -13.42 lineto
-53.75 -13.67 lineto
-55.02 -14.61 lineto
-55.61 -15.85 lineto
-55.95 -16.17 lineto
-55.47 -16.91 lineto
-53.88 -16.85 lineto
-53.88019 -16.8501 lineto
-54.12009 -16.95049 -54.31009 -17.9601 -54.69 -18.36 curveto
-55.06 -18.76 -56.62 -19.31 -56.62 -19.31 curveto
-56.62 -19.31 -57.35 -19.79 -57.59 -19.89 curveto
-57.83 -20 -58.63 -20.15 -58.63 -20.15 curveto
-58.63 -20.15 -58.6 -19.66 -58.57 -19.08 curveto
-58.55304 -18.75209 -58.20045 -17.89676 -57.89717 -17.21521 curveto
-57.89722 -17.21529 lineto
-56.03725 -15.16736 -53.06355 -12.31834 -52.07 -10.9 curveto
-51.60558 -10.23653 -45.99951 -6.63237 -40.36172 -3.12105 curveto
 closepath fill
 0.00002 0.00018 0.00014 setrgbcolor
newpath -77.31258 -53.3541 moveto
-76.90457 -52.43208 -76.5153 -51.27893 -76.0465 -50.24112 curveto
-76.04651 -50.24115 lineto
-76.16019 -50.27637 -76.24869 -50.30388 -76.3 -50.32 curveto
-76.66 -50.43 -78.75 -50.95 -79.48 -51.09 curveto
-80.21 -51.24 -82.98 -51.4 -83.71 -51.51 curveto
-84.44 -51.62 -84.74 -51.56 -85.44 -51.5 curveto
-85.44 -51.5 lineto
-85.97 -51.55 lineto
-86.59 -52.38 lineto
-88.18 -53.51 lineto
-88.49 -54.15 lineto
-89.01 -54.24 lineto
-89.01 -54.24 -89.97 -54.61 -90.2 -54.75 curveto
-90.2 -54.75 lineto
-89.21 -55.32 lineto
-90.82 -57.97 lineto
-90.82 -57.97 lineto
-90.82 -57.97 -84.63 -55.98 -83.09 -55.35 curveto
-81.54 -54.73 -81 -54.8 -80.52 -54.64 curveto
-80.21077 -54.53049 -78.79762 -54.03502 -77.31256 -53.3541 curveto
 closepath fill
0 0 0 THsetpatterncolor
 0.00002 0.00015 0.00002 setrgbcolor
newpath -77.31258 -53.3541 moveto
-76.90457 -52.43208 -76.5153 -51.27893 -76.0465 -50.24112 curveto
-76.04651 -50.24115 lineto
-76.16019 -50.27637 -76.24869 -50.30388 -76.3 -50.32 curveto
-76.66 -50.43 -78.75 -50.95 -79.48 -51.09 curveto
-80.21 -51.24 -82.98 -51.4 -83.71 -51.51 curveto
-84.44 -51.62 -84.74 -51.56 -85.44 -51.5 curveto
-85.44 -51.5 lineto
-85.97 -51.55 lineto
-86.59 -52.38 lineto
-88.18 -53.51 lineto
-88.49 -54.15 lineto
-89.01 -54.24 lineto
-89.01 -54.24 -89.97 -54.61 -90.2 -54.75 curveto
-90.2 -54.75 lineto
-89.21 -55.32 lineto
-90.82 -57.97 lineto
-90.82 -57.97 lineto
-90.82 -57.97 -84.63 -55.98 -83.09 -55.35 curveto
-81.54 -54.73 -81 -54.8 -80.52 -54.64 curveto
-80.21077 -54.53049 -78.79762 -54.03502 -77.31256 -53.3541 curveto
 closepath fill
 0.00002 0.00018 0.00014 setrgbcolor
newpath -94.06 -63.55 moveto
-94.06 -63.55 -93.92 -64.73 -92.92 -65.75 curveto
-91.93 -66.77 -90.64 -67.48 -89.91 -68.28 curveto
-89.18 -69.07 -87.32 -70.18 -86.69 -70.74 curveto
-86.69 -70.74 lineto
-85.06 -72.03 -82.23 -71.53 -80.5 -71.63 curveto
-78.77 -71.72 -75.33 -73.34 -74.15 -74.38 curveto
-73.05 -75.34 -71.96 -77.87 -71.95 -79.6 curveto
-71.94 -81.33 -72.57 -85.28 -72.91 -87.12 curveto
-73.26 -88.96 -72.37 -93.27 -74.27 -98.12 curveto
-74.6417 -99.06613 -75.1008 -101.1255 -75.54184 -103.28836 curveto
-75.54185 -103.28833 lineto
-76.73692 -101.8294 -78.1789 -99.45766 -77.26 -97.28 curveto
-75.81 -93.83 -75.01 -94.95 -74.87 -93.33 curveto
-74.72 -91.72 -74.98 -87.47 -75.41 -85.86 curveto
-75.84 -84.26 -75.84 -82.9 -75.79 -81.59 curveto
-75.74 -80.27 -76.01 -79.1 -77.29 -79.01 curveto
-78.57 -78.92 -81.04 -78.89 -81.98 -78.98 curveto
-82.91 -79.06 -83.75 -78.89 -85.48 -79.7 curveto
-87.22 -80.51 -88.96 -80.83 -90.56 -80.77 curveto
-91.85808 -80.72163 -91.97305 -80.77725 -91.96889 -80.80063 curveto
-91.96887 -80.80064 lineto
-92.5142 -80.2257 -93.81277 -78.91891 -94.32 -78.72 curveto
-94.82997 -78.52002 -96.70976 -78.20003 -97.10991 -78.31 curveto
-97.11 -78.31 lineto
-97.43611 -78.30876 lineto
-97.43604 -78.30878 lineto
-98.4237 -77.09299 -99.43694 -75.95816 -100.2 -75.35 curveto
-101.21948 -74.53291 -100.64308 -72.18176 -100.14732 -70.25107 curveto
-100.14734 -70.2511 lineto
-99.83 -70.26 lineto
-99.82986 -70.25996 lineto
-99.81186 -70.25586 -98.0545 -69.85088 -96.99 -68.08 curveto
-95.91 -66.3 -95.46 -65.85 -95.36 -65.56 curveto
-95.27 -65.26 -95.4 -65.19 -95.5 -64.95 curveto
-95.49983 -64.94986 lineto
-95.48363 -64.9359 -94.27852 -63.89764 -94.06 -63.55 curveto
 closepath fill
0 0 0 THsetpatterncolor
 0.00002 0.00015 0.00002 setrgbcolor
newpath -94.06 -63.55 moveto
-94.06 -63.55 -93.92 -64.73 -92.92 -65.75 curveto
-91.93 -66.77 -90.64 -67.48 -89.91 -68.28 curveto
-89.18 -69.07 -87.32 -70.18 -86.69 -70.74 curveto
-86.69 -70.74 lineto
-85.06 -72.03 -82.23 -71.53 -80.5 -71.63 curveto
-78.77 -71.72 -75.33 -73.34 -74.15 -74.38 curveto
-73.05 -75.34 -71.96 -77.87 -71.95 -79.6 curveto
-71.94 -81.33 -72.57 -85.28 -72.91 -87.12 curveto
-73.26 -88.96 -72.37 -93.27 -74.27 -98.12 curveto
-74.6417 -99.06613 -75.1008 -101.1255 -75.54184 -103.28836 curveto
-75.54185 -103.28833 lineto
-76.73692 -101.8294 -78.1789 -99.45766 -77.26 -97.28 curveto
-75.81 -93.83 -75.01 -94.95 -74.87 -93.33 curveto
-74.72 -91.72 -74.98 -87.47 -75.41 -85.86 curveto
-75.84 -84.26 -75.84 -82.9 -75.79 -81.59 curveto
-75.74 -80.27 -76.01 -79.1 -77.29 -79.01 curveto
-78.57 -78.92 -81.04 -78.89 -81.98 -78.98 curveto
-82.91 -79.06 -83.75 -78.89 -85.48 -79.7 curveto
-87.22 -80.51 -88.96 -80.83 -90.56 -80.77 curveto
-91.85808 -80.72163 -91.97305 -80.77725 -91.96889 -80.80063 curveto
-91.96887 -80.80064 lineto
-92.5142 -80.2257 -93.81277 -78.91891 -94.32 -78.72 curveto
-94.82997 -78.52002 -96.70976 -78.20003 -97.10991 -78.31 curveto
-97.11 -78.31 lineto
-97.43611 -78.30876 lineto
-97.43604 -78.30878 lineto
-98.4237 -77.09299 -99.43694 -75.95816 -100.2 -75.35 curveto
-101.21948 -74.53291 -100.64308 -72.18176 -100.14732 -70.25107 curveto
-100.14734 -70.2511 lineto
-99.83 -70.26 lineto
-99.82986 -70.25996 lineto
-99.81186 -70.25586 -98.0545 -69.85088 -96.99 -68.08 curveto
-95.91 -66.3 -95.46 -65.85 -95.36 -65.56 curveto
-95.27 -65.26 -95.4 -65.19 -95.5 -64.95 curveto
-95.49983 -64.94986 lineto
-95.48363 -64.9359 -94.27852 -63.89764 -94.06 -63.55 curveto
 closepath fill
 0.00002 0.00018 0.00014 setrgbcolor
newpath -99.83 -121.04 moveto
-98.84 -123 lineto
-98.84 -123 -94.07 -121.18 -92.67 -120.68 curveto
-91.28 -120.19 -89.53 -119.09 -89.19 -118.77 curveto
-88.85 -118.45 -87.71 -115.51 -87.16 -114.85 curveto
-86.6 -114.18 -85.74 -112.75 -85.64 -112.08 curveto
-85.53 -111.42 -85.09 -109.49 -84.98 -109.27 curveto
-84.88 -109.06 -85.23 -108.84 -85.23 -108.84 curveto
-85.87 -109.43 lineto
-85.87 -109.43 -87.72 -109.89 -88.41 -110.44 curveto
-89.1 -111 -90.47 -112.23 -90.78 -112.5 curveto
-91.08 -112.78 -91.85 -113.38 -92.09 -113.89 curveto
-92.64 -115.07 -94.32 -116.48 -95.1 -117 curveto
-96.85 -118.17 -99.02 -120.51 -99.83 -121.04 curveto
 closepath fill
0 0 0 THsetpatterncolor
 0.00002 0.00015 0.00002 setrgbcolor
newpath -99.83 -121.04 moveto
-98.84 -123 lineto
-98.84 -123 -94.07 -121.18 -92.67 -120.68 curveto
-91.28 -120.19 -89.53 -119.09 -89.19 -118.77 curveto
-88.85 -118.45 -87.71 -115.51 -87.16 -114.85 curveto
-86.6 -114.18 -85.74 -112.75 -85.64 -112.08 curveto
-85.53 -111.42 -85.09 -109.49 -84.98 -109.27 curveto
-84.88 -109.06 -85.23 -108.84 -85.23 -108.84 curveto
-85.87 -109.43 lineto
-85.87 -109.43 -87.72 -109.89 -88.41 -110.44 curveto
-89.1 -111 -90.47 -112.23 -90.78 -112.5 curveto
-91.08 -112.78 -91.85 -113.38 -92.09 -113.89 curveto
-92.64 -115.07 -94.32 -116.48 -95.1 -117 curveto
-96.85 -118.17 -99.02 -120.51 -99.83 -121.04 curveto
 closepath fill
 0 0 0 setrgbcolor 0 0.24501 dtransform truncate idtransform setlinewidth pop
 [] 0 setdash 1 setlinecap 1 setlinejoin 10 setmiterlimit
newpath -87.34 -103.16 moveto
-86.00388 -103.57799 lineto stroke
newpath -88.04419 -104.78555 moveto
-86.80208 -105.4314 lineto stroke
newpath -88.90982 -106.33354 moveto
-87.70563 -107.04756 lineto stroke
newpath -89.83545 -107.84602 moveto
-88.5667 -108.43774 lineto stroke
newpath -90.58769 -109.4525 moveto
-89.32117 -110.04901 lineto stroke
newpath -91.38632 -111.03575 moveto
-90.1776 -111.74211 lineto stroke
newpath -92.37547 -112.50685 moveto
-91.25974 -113.35246 lineto stroke
newpath -93.46667 -113.90547 moveto
-92.35951 -114.76225 lineto stroke
newpath -94.51678 -115.33493 moveto
-93.3697 -116.13753 lineto stroke
newpath -95.58192 -116.75159 moveto
-94.54538 -117.6926 lineto stroke
newpath -96.87532 -117.96161 moveto
-96.02844 -119.0764 lineto stroke
newpath -98.38235 -118.89111 moveto
-97.77678 -120.15334 lineto stroke
 0.24501 0 dtransform exch truncate exch idtransform pop setlinewidth
newpath -100.06 -119.45 moveto
-99.8702 -120.8371 lineto stroke
 0 0.35 dtransform truncate idtransform setlinewidth pop
newpath -87.34 -103.16 moveto
-87.79 -104.7 -89.8 -107.77 -89.8 -107.77 curveto
-89.8 -107.77 -90.69 -109.68 -90.91 -110.13 curveto
-91.98 -112.36 -92.99 -113.07 -94.76 -115.69 curveto
-97.04 -119.06 -100.06 -119.45 -100.06 -119.45 curveto stroke
 0 0.24501 dtransform truncate idtransform setlinewidth pop
newpath -36.72 -1.52 moveto
-38.06674 -1.90256 lineto stroke
newpath -36.84502 -1.08 moveto
-38.19171 -1.46257 lineto stroke
newpath -36.97 -0.64 moveto
-38.31674 -1.02255 lineto stroke
 0.35 0 dtransform exch truncate exch idtransform pop setlinewidth
newpath -36.72 -1.52 moveto
-36.97 -0.64 lineto stroke
 0 0.24501 dtransform truncate idtransform setlinewidth pop
newpath -97.11 -78.31 moveto
-97.40999 -76.94254 lineto stroke
newpath -95.35608 -78.46695 moveto
-95.1031 -77.09003 lineto stroke
newpath -93.74017 -79.10854 moveto
-92.85316 -78.02542 lineto stroke
newpath -92.44514 -80.31093 moveto
-91.45352 -79.32268 lineto stroke
newpath -91.32237 -81.66998 moveto
-90.14738 -80.90886 lineto stroke
newpath -90.43138 -83.19615 moveto
-89.19002 -82.54886 lineto stroke
newpath -89.99211 -84.88762 moveto
-88.60008 -84.73875 lineto stroke
newpath -89.73317 -86.63573 moveto
-88.36076 -86.35922 lineto stroke
newpath -89.23221 -88.32819 moveto
-87.93367 -87.80496 lineto stroke
newpath -88.50198 -89.9377 moveto
-87.2484 -89.31444 lineto stroke
newpath -87.67598 -91.5005 moveto
-86.45418 -90.817 lineto stroke
newpath -87.87091 -93.2156 moveto
-86.51115 -93.54883 lineto stroke
newpath -88.76949 -94.72845 moveto
-87.61128 -95.5149 lineto stroke
newpath -89.77316 -96.18387 moveto
-88.6249 -96.98477 lineto stroke
newpath -90.79 -97.62999 moveto
-89.64822 -98.44023 lineto stroke
 0 0.35 dtransform truncate idtransform setlinewidth pop
newpath -97.11 -78.31 moveto
-96.71 -78.2 -94.83 -78.52 -94.32 -78.72 curveto
-93.81 -78.92 -92.5 -80.24 -91.96 -80.81 curveto
-91.41 -81.38 -90.25 -83.41 -90.12 -83.89 curveto
-90 -84.37 -89.99 -85.77 -89.56 -87.37 curveto
-89.13 -88.98 -87.58 -91.67 -87.58 -91.67 curveto
-87.58 -91.67 -87.79 -93 -87.92 -93.39 curveto
-88.05 -93.77 -90.79 -97.63 -90.79 -97.63 curveto stroke
 0 0.24501 dtransform truncate idtransform setlinewidth pop
newpath -95.91 -64.04 moveto
-94.63963 -63.45198 lineto stroke
newpath -95.57639 -65.93124 moveto
-94.42444 -66.7268 lineto stroke
newpath -96.73166 -67.65991 moveto
-95.54514 -68.40294 lineto stroke
newpath -98.0125 -69.28346 moveto
-97.11313 -70.35635 lineto stroke
newpath -99.83 -70.26 moveto
-99.51276 -71.62366 lineto stroke
 0 0.35 dtransform truncate idtransform setlinewidth pop
newpath -95.91 -64.04 moveto
-95.91 -64.04 -95.6 -64.71 -95.5 -64.95 curveto
-95.4 -65.19 -95.27 -65.26 -95.36 -65.56 curveto
-95.46 -65.85 -95.91 -66.3 -96.99 -68.08 curveto
-98.06 -69.86 -99.83 -70.26 -99.83 -70.26 curveto stroke
 0 0.24501 dtransform truncate idtransform setlinewidth pop
newpath -92.96 -59.72 moveto
-92.50018 -58.39778 lineto stroke
newpath -92.1732 -60.73201 moveto
-91.0147 -61.51796 lineto stroke
newpath -93.18188 -62.22412 moveto
-92.02043 -63.00578 lineto stroke
newpath -94.1896 -63.71585 moveto
-93.14438 -64.64722 lineto stroke
newpath -95.5 -64.95 moveto
-94.58636 -66.01057 lineto stroke
 0 0.35 dtransform truncate idtransform setlinewidth pop
newpath -92.96 -59.72 moveto
-92.5 -59.88 lineto
-92 -59.96 lineto
-92.07 -60.58 lineto
-92.07 -60.58 -93.85 -63.2 -94.06 -63.55 curveto
-94.28 -63.9 -95.5 -64.95 -95.5 -64.95 curveto stroke
 0 0.24501 dtransform truncate idtransform setlinewidth pop
newpath -90.2 -54.75 moveto
-89.50146 -53.53674 lineto stroke
newpath -89.53154 -55.84923 moveto
-88.33508 -56.57617 lineto stroke
newpath -90.44624 -57.35477 moveto
-89.24976 -58.0817 lineto stroke
newpath -91.54478 -58.67786 moveto
-90.34952 -59.40668 lineto stroke
newpath -92.7467 -59.6208 moveto
-92.15617 -60.8901 lineto stroke
newpath -94.2 -60.61 moveto
-93.38365 -61.74733 lineto stroke
 0 0.35 dtransform truncate idtransform setlinewidth pop
newpath -90.2 -54.75 moveto
-89.21 -55.32 lineto
-90.82 -57.97 lineto
-91.29 -58.26 lineto
-91.79 -59.08 lineto
-92.33 -59.05 lineto
-92.53 -59.52 lineto
-92.96 -59.72 lineto
-94.2 -60.61 lineto stroke
 0 0.24501 dtransform truncate idtransform setlinewidth pop
newpath -86.76 -49.15 moveto
-85.9402 -48.01512 lineto stroke
newpath -85.11234 -49.93225 moveto
-84.39645 -48.72917 lineto stroke
newpath -85.38463 -51.42964 moveto
-84.2843 -52.29521 lineto stroke
newpath -86.76724 -52.50598 moveto
-85.95624 -53.64716 lineto stroke
newpath -88.24197 -53.63794 moveto
-86.98204 -54.24817 lineto stroke
newpath -89.73218 -54.53125 moveto
-89.18689 -55.82063 lineto stroke
newpath -91.52998 -54.58 moveto
-91.91885 -55.92503 lineto stroke
 0 0.35 dtransform truncate idtransform setlinewidth pop
newpath -86.76 -49.15 moveto
-86.4 -49.41 lineto
-85.99 -49.41 lineto
-84.78 -50.13 lineto
-84.85 -50.75 lineto
-85.44 -51.5 lineto
-85.97 -51.55 lineto
-86.59 -52.38 lineto
-88.18 -53.51 lineto
-88.49 -54.15 lineto
-89.01 -54.24 lineto
-89.01 -54.24 -89.97 -54.61 -90.2 -54.75 curveto
-90.43 -54.9 -91.53 -54.58 -91.53 -54.58 curveto stroke
 0 0.24501 dtransform truncate idtransform setlinewidth pop
newpath -66.14 -36.02 moveto
-67.31769 -35.263 lineto stroke
newpath -65.09756 -34.44148 moveto
-66.25671 -33.6564 lineto stroke
newpath -64.0015 -32.90015 moveto
-65.10994 -32.045 lineto stroke
newpath -62.62056 -31.6159 moveto
-63.55493 -30.57335 lineto stroke
newpath -61.04959 -30.94826 moveto
-60.79744 -29.57118 lineto stroke
newpath -59.42 -31.6 moveto
-58.17426 -30.96109 lineto stroke
 0 0.35 dtransform truncate idtransform setlinewidth pop
newpath -66.14 -36.02 moveto
-66.14 -36.02 -64.04 -32.75 -63.57 -32.42 curveto
-63.11 -32.09 -61.75 -30.82 -61.75 -30.82 curveto
-59.62 -31.21 lineto
-59.42 -31.6 lineto stroke
 0.00002 0.00018 0.00014 setrgbcolor
newpath -97.17 -125.67 moveto
-96.81 -129.15 lineto
-96.6 -129.62 lineto
-95.39 -130.25 lineto
-95.11 -130.23 lineto
-94.25 -129.66 lineto
-93.87 -129.87 lineto
-93.87 -129.87 -92.87 -129.53 -92.56 -129.3 curveto
-92.25 -129.07 -86.96 -125.27 -86.65 -125.07 curveto
-86.34 -124.88 -85.67 -124.54 -85.67 -124.54 curveto
-85.18 -123.63 lineto
-85.3 -122.24 lineto
-85.52 -121.65 lineto
-85.37 -121.06 lineto
-85.53 -120.17 lineto
-84.91 -119.25 lineto
-84.95 -118.84 lineto
-84.63 -117.83 lineto
-84.91 -116.54 lineto
-85.44 -116.13 lineto
-85.89 -116.13 lineto
-86.23 -116.98 lineto
-89.99 -120.36 lineto
-91.64 -121.21 lineto
 closepath fill
 0 0 0 setrgbcolor
newpath -97.17 -125.67 moveto
-96.81 -129.15 lineto
-96.6 -129.62 lineto
-95.39 -130.25 lineto
-95.11 -130.23 lineto
-94.25 -129.66 lineto
-93.87 -129.87 lineto
-93.87 -129.87 -92.87 -129.53 -92.56 -129.3 curveto
-92.25 -129.07 -86.96 -125.27 -86.65 -125.07 curveto
-86.34 -124.88 -85.67 -124.54 -85.67 -124.54 curveto
-85.18 -123.63 lineto
-85.3 -122.24 lineto
-85.52 -121.65 lineto
-85.37 -121.06 lineto
-85.53 -120.17 lineto
-84.91 -119.25 lineto
-84.95 -118.84 lineto
-84.63 -117.83 lineto
-84.91 -116.54 lineto
-85.44 -116.13 lineto
-85.89 -116.13 lineto
-86.23 -116.98 lineto
-89.99 -120.36 lineto
-91.64 -121.21 lineto
 closepath stroke
 0.00002 0.00018 0.00014 setrgbcolor
newpath -46.37 -48.33 moveto
-44.96 -47.55 lineto
-44.68 -47.11 lineto
-43.42 -46.96 lineto
-42.94 -45.8 lineto
-42.84 -45.18 lineto
-43.16 -44.75 lineto
-43.75 -45.05 lineto
-45.22 -44.65 lineto
-46.6 -44.86 lineto
-47.85 -45.63 lineto
-48.13 -46.15 lineto
-48.03 -47.21 lineto
-47.44 -47.94 lineto
 closepath fill
 0 0 0 setrgbcolor
newpath -46.37 -48.33 moveto
-44.96 -47.55 lineto
-44.68 -47.11 lineto
-43.42 -46.96 lineto
-42.94 -45.8 lineto
-42.84 -45.18 lineto
-43.16 -44.75 lineto
-43.75 -45.05 lineto
-45.22 -44.65 lineto
-46.6 -44.86 lineto
-47.85 -45.63 lineto
-48.13 -46.15 lineto
-48.03 -47.21 lineto
-47.44 -47.94 lineto
 closepath stroke
 0.00002 0.00018 0.00014 setrgbcolor
newpath -57.88 -37.83 moveto
-57.06 -35.04 lineto
-57.53 -33.85 lineto
-57.93 -34.92 lineto
-58.24 -35.56 lineto
 closepath fill
 0 0 0 setrgbcolor
newpath -57.88 -37.83 moveto
-57.06 -35.04 lineto
-57.53 -33.85 lineto
-57.93 -34.92 lineto
-58.24 -35.56 lineto
 closepath stroke
 0.00002 0.00018 0.00014 setrgbcolor
newpath -56.22 -37.47 moveto
-55.93 -36.13 lineto
-56.15 -34.14 lineto
-56.55 -34.3 lineto
-56.51 -35.65 lineto
-56.66 -36.28 lineto
 closepath fill
 0 0 0 setrgbcolor
newpath -56.22 -37.47 moveto
-55.93 -36.13 lineto
-56.15 -34.14 lineto
-56.55 -34.3 lineto
-56.51 -35.65 lineto
-56.66 -36.28 lineto
 closepath stroke
 0.00002 0.00018 0.00014 setrgbcolor
newpath -54.51 -36.91 moveto
-54.24 -34.87 lineto
-54.86 -33.86 lineto
-55.16 -34.21 lineto
-55.11 -36.55 lineto
 closepath fill
 0 0 0 setrgbcolor
newpath -54.51 -36.91 moveto
-54.24 -34.87 lineto
-54.86 -33.86 lineto
-55.16 -34.21 lineto
-55.11 -36.55 lineto
 closepath stroke
 0.00002 0.00018 0.00014 setrgbcolor
newpath -50.45 -35.92 moveto
-49.4 -35.7 lineto
-48.85 -35.41 lineto
-48.34 -35.57 lineto
-47.83 -34.86 lineto
-48.08 -34.31 lineto
-48.71 -34.62 lineto
-49.72 -34.42 lineto
-50.9 -34.48 lineto
-51.36 -34.94 lineto
 closepath fill
 0 0 0 setrgbcolor
newpath -50.45 -35.92 moveto
-49.4 -35.7 lineto
-48.85 -35.41 lineto
-48.34 -35.57 lineto
-47.83 -34.86 lineto
-48.08 -34.31 lineto
-48.71 -34.62 lineto
-49.72 -34.42 lineto
-50.9 -34.48 lineto
-51.36 -34.94 lineto
 closepath stroke
 0.00002 0.00018 0.00014 setrgbcolor
newpath -47.03 -35.49 moveto
-46.3 -35.42 lineto
-46.09 -35.04 lineto
-46.57 -33.76 lineto
-47.28 -33.66 lineto
-47.52 -34.18 lineto
-47.55 -35.21 lineto
 closepath fill
 0 0 0 setrgbcolor
newpath -47.03 -35.49 moveto
-46.3 -35.42 lineto
-46.09 -35.04 lineto
-46.57 -33.76 lineto
-47.28 -33.66 lineto
-47.52 -34.18 lineto
-47.55 -35.21 lineto
 closepath stroke
 0.00002 0.00018 0.00014 setrgbcolor
newpath -49.24 -33.31 moveto
-48.99 -33.86 lineto
-48.24 -33.96 lineto
-47.28 -33.66 lineto
-46.97 -32.94 lineto
-47.04 -32.16 lineto
-47.41 -31.74 lineto
-48.23 -32.68 lineto
-48.75 -32.85 lineto
 closepath fill
 0 0 0 setrgbcolor
newpath -49.24 -33.31 moveto
-48.99 -33.86 lineto
-48.24 -33.96 lineto
-47.28 -33.66 lineto
-46.97 -32.94 lineto
-47.04 -32.16 lineto
-47.41 -31.74 lineto
-48.23 -32.68 lineto
-48.75 -32.85 lineto
 closepath stroke
newpath -47.41 -31.74 moveto
-46.86 -29.68 lineto
-46.1 -25.71 lineto
-46.12 -24.07 lineto
-46.73 -23.3 lineto
-46.73 -23.3 -48.36 -22.92 -48.39 -22.63 curveto
-48.41 -22.35 -48.87 -24.15 -49.99 -24.95 curveto
-50.28 -25.16 -50.46 -26.14 -50.76 -26.91 curveto
-51.06 -27.68 -51.98 -30.31 -52.18 -30.82 curveto
-52.38 -31.33 -52.21 -31.89 -51.8 -32.26 curveto
-51.4 -32.64 -50.02 -33.79 -50.02 -33.79 curveto
-49.48 -33.9 lineto
-49.24 -33.31 lineto stroke
newpath -47.41 -31.74 moveto
-45.81 -29.42 lineto
-44.33 -29.9 lineto
-43.99 -31.81 lineto
-44.34 -32.04 lineto
-45.46 -33.83 lineto
-46.66 -33.2 lineto
-47.04 -32.16 lineto stroke
 0.00002 0.00018 0.00014 setrgbcolor
newpath -59.48 -32.8 moveto
-59.48 -32.8 -58.59 -32.14 -58.15 -32.02 curveto
-57.71 -31.9 -57.27 -31.28 -57.27 -31.28 curveto
-56.97 -30.02 lineto
-56.19 -29.09 lineto
-56.19 -29.09 -55.6 -27.48 -54.99 -26.93 curveto
-54.38 -26.38 -52.99 -24.94 -52.76 -24.75 curveto
-52.53 -24.57 -51.84 -23.6 -51.84 -23.6 curveto
-51.84 -23.6 -52.14 -21.08 -51.76 -20.35 curveto
-51.37 -19.62 -50.78 -19.32 -50.78 -19.32 curveto
-50.94 -18.88 lineto
-50.55 -18.23 lineto
-50.39 -16.82 lineto
-50.7 -16.6 lineto
-51.39 -17.16 lineto
-52.75 -18.02 lineto
-53.47 -19.15 lineto
-54.49 -20.11 lineto
-55.48 -21.43 lineto
-56.82 -24.79 lineto
-57.43 -27.64 lineto
-57.43 -27.64 -58.05 -29.46 -58.68 -30.22 curveto
-59.31 -30.97 -59.48 -32.8 -59.48 -32.8 curveto closepath fill
 0 0 0 setrgbcolor
newpath -59.48 -32.8 moveto
-59.48 -32.8 -58.59 -32.14 -58.15 -32.02 curveto
-57.71 -31.9 -57.27 -31.28 -57.27 -31.28 curveto
-56.97 -30.02 lineto
-56.19 -29.09 lineto
-56.19 -29.09 -55.6 -27.48 -54.99 -26.93 curveto
-54.38 -26.38 -52.99 -24.94 -52.76 -24.75 curveto
-52.53 -24.57 -51.84 -23.6 -51.84 -23.6 curveto
-51.84 -23.6 -52.14 -21.08 -51.76 -20.35 curveto
-51.37 -19.62 -50.78 -19.32 -50.78 -19.32 curveto
-50.94 -18.88 lineto
-50.55 -18.23 lineto
-50.39 -16.82 lineto
-50.7 -16.6 lineto
-51.39 -17.16 lineto
-52.75 -18.02 lineto
-53.47 -19.15 lineto
-54.49 -20.11 lineto
-55.48 -21.43 lineto
-56.82 -24.79 lineto
-57.43 -27.64 lineto
-57.43 -27.64 -58.05 -29.46 -58.68 -30.22 curveto
-59.31 -30.97 -59.48 -32.8 -59.48 -32.8 curveto closepath stroke
newpath -56.19 -29.09 moveto
-56.99 -31.26 lineto
-56.71 -31.64 lineto
-56.71 -31.64 -55.34 -31.31 -54.26 -30.47 curveto
-53.19 -29.64 -52.23 -28.81 -52.06 -28.43 curveto
-51.89 -28.04 -51.32 -27.08 -50.76 -26.91 curveto stroke
newpath -52.76 -24.75 moveto
-52.76 -24.75 -52.57 -26.01 -52.23 -26.55 curveto
-51.89 -27.1 -51.55 -27.23 -51.55 -27.23 curveto
-50.76 -26.91 lineto stroke
newpath -48.39 -22.63 moveto
-48.39 -22.63 -48.43 -20.79 -47.93 -19.92 curveto
-47.89 -19.84 -48.47 -18.99 -48.47 -18.99 curveto
-49.01 -18.87 lineto
-49.7 -19.02 lineto
-50.84 -20.02 lineto
-51.76 -20.35 lineto stroke
newpath -49.01 -18.87 moveto
-46.99 -17.58 lineto
-45.62 -16.8 lineto
-44.77 -16.73 lineto
-44.74 -17.01 lineto
-44.76 -17.75 lineto
-44.76 -17.75 -45.76 -19.4 -45.73 -19.73 curveto
-45.7 -20.05 -48.06 -21.25 -48.06 -21.25 curveto
-48.39 -22.63 lineto stroke
newpath -44.77 -16.73 moveto
-43.98 -16.82 lineto
-42.63 -15.84 lineto
-42.21 -14.98 lineto
-42.57 -13.7 lineto
-43.45 -13.12 lineto
-45.99 -14.58 lineto
-45.92 -15.31 lineto
-45.51 -15.36 lineto
-44.81 -15.83 lineto
-45.62 -16.8 lineto stroke
newpath -45.92 -15.31 moveto
-47.21 -15.59 lineto
-48.86 -16.89 lineto
-49.01 -18.87 lineto stroke
 0.00002 0.00018 0.00014 setrgbcolor
newpath -51.37 -15.47 moveto
-52.19 -14.11 lineto
-53.24 -13.42 lineto
-53.75 -13.67 lineto
-55.02 -14.61 lineto
-55.61 -15.85 lineto
-55.95 -16.17 lineto
-55.47 -16.91 lineto
-53.88 -16.85 lineto
 closepath fill
 0 0 0 setrgbcolor
newpath -51.37 -15.47 moveto
-52.19 -14.11 lineto
-53.24 -13.42 lineto
-53.75 -13.67 lineto
-55.02 -14.61 lineto
-55.61 -15.85 lineto
-55.95 -16.17 lineto
-55.47 -16.91 lineto
-53.88 -16.85 lineto
 closepath stroke
newpath -42.21 -14.98 moveto
-40.91 -14.86 lineto
-40.07 -14.17 lineto
-39.35 -12.14 lineto
-39.65 -11.06 lineto
-40.79 -11.16 lineto
-41.08 -11.51 lineto
-41.93 -11.71 lineto
-43.61 -12.64 lineto
-43.45 -13.12 lineto stroke
newpath -40.07 -14.17 moveto
-38.45 -13 lineto
-38.01 -11.98 lineto
-38.52 -11.25 lineto
-39.65 -11.06 lineto stroke
newpath -38.01 -11.98 moveto
-36.71 -11.29 lineto
-36.68 -10.26 lineto
-37.58 -9.89 lineto
-38.22 -10.52 lineto
-39.45 -11 lineto stroke
newpath -36.71 -11.29 moveto
-35.88 -11.01 lineto
-35.37 -9.81 lineto
-35.91 -9.29 lineto
-38.18 -8.63 lineto
-39.38 -9.47 lineto
-40.79 -11.16 lineto stroke
 0.00002 0.00018 0.00014 setrgbcolor
newpath -50.04 -13.83 moveto
-49.48 -13.66 lineto
-48.86 -13.69 lineto
-47.83 -12.77 lineto
-46.86 -12.64 lineto
-46.11 -11.76 lineto
-43.49 -10.37 lineto
-41.87 -8.75 lineto
-41.59 -7.7 lineto
-42.12 -6.8 lineto
-42.66 -6.81 lineto
-46.09 -8.39 lineto
-49.4 -11.8 lineto
 closepath fill
 0 0 0 setrgbcolor
newpath -50.04 -13.83 moveto
-49.48 -13.66 lineto
-48.86 -13.69 lineto
-47.83 -12.77 lineto
-46.86 -12.64 lineto
-46.11 -11.76 lineto
-43.49 -10.37 lineto
-41.87 -8.75 lineto
-41.59 -7.7 lineto
-42.12 -6.8 lineto
-42.66 -6.81 lineto
-46.09 -8.39 lineto
-49.4 -11.8 lineto
 closepath stroke
 0.00002 0.00018 0.00014 setrgbcolor
newpath -35.91 -9.29 moveto
-35.1 -9.59 lineto
-33.48 -8.91 lineto
-32.83 -7.45 lineto
-32.91 -6.93 lineto
-31.98 -6.31 lineto
-31.58 -5.74 lineto
-31.12 -5.37 lineto
-31.24 -4.52 lineto
-33.42 -2.21 lineto
-34.32 -2.21 lineto
-34.7 -1.67 lineto
-35.96 -0.92 lineto
-36.72 -1.52 lineto
-38.74 -5.15 lineto
-38.67 -6.42 lineto
 closepath fill
 0 0 0 setrgbcolor
newpath -35.91 -9.29 moveto
-35.1 -9.59 lineto
-33.48 -8.91 lineto
-32.83 -7.45 lineto
-32.91 -6.93 lineto
-31.98 -6.31 lineto
-31.58 -5.74 lineto
-31.12 -5.37 lineto
-31.24 -4.52 lineto
-33.42 -2.21 lineto
-34.32 -2.21 lineto
-34.7 -1.67 lineto
-35.96 -0.92 lineto
-36.72 -1.52 lineto
-38.74 -5.15 lineto
-38.67 -6.42 lineto
 closepath stroke
 0.00002 0.00018 0.00014 setrgbcolor
newpath -28.5 -8.55 moveto
-27.2 -8.92 lineto
-23.12 -10.86 lineto
-22.02 -10.35 lineto
-21.78 -9.83 lineto
-22.01 -6.74 lineto
-22.94 -5.05 lineto
-23.57 -4.99 lineto
-24.71 -4.55 lineto
-25.42 -4.95 lineto
-28.15 -4.66 lineto
-29.11 -4.99 lineto
-30.89 -5.68 lineto
-30.62 -7.79 lineto
-29.7 -8.94 lineto
-28.87 -9.07 lineto
 closepath fill
 0 0 0 setrgbcolor
newpath -28.5 -8.55 moveto
-27.2 -8.92 lineto
-23.12 -10.86 lineto
-22.02 -10.35 lineto
-21.78 -9.83 lineto
-22.01 -6.74 lineto
-22.94 -5.05 lineto
-23.57 -4.99 lineto
-24.71 -4.55 lineto
-25.42 -4.95 lineto
-28.15 -4.66 lineto
-29.11 -4.99 lineto
-30.89 -5.68 lineto
-30.62 -7.79 lineto
-29.7 -8.94 lineto
-28.87 -9.07 lineto
 closepath stroke
 0.00002 0.00018 0.00014 setrgbcolor
newpath -11.36 8.79 moveto
-11.73 8.8 lineto
-12.59 8.31 lineto
-12.97 7.46 lineto
-12.44 7.05 lineto
 closepath fill
 0 0 0 setrgbcolor
newpath -11.36 8.79 moveto
-11.73 8.8 lineto
-12.59 8.31 lineto
-12.97 7.46 lineto
-12.44 7.05 lineto
 closepath stroke
 0.00002 0.00018 0.00014 setrgbcolor
newpath -26.68 -4.61 moveto
-23.91 -4.36 lineto
-23.3 -3.81 lineto
-22.69 -3.72 lineto
-22.64 -3.34 lineto
-22.77 -2.45 lineto
-23.47 -1.86 lineto
-24.48 -1.58 lineto
-26.3 -1.99 lineto
-27.35 -3.07 lineto
 closepath fill
 0 0 0 setrgbcolor
newpath -26.68 -4.61 moveto
-23.91 -4.36 lineto
-23.3 -3.81 lineto
-22.69 -3.72 lineto
-22.64 -3.34 lineto
-22.77 -2.45 lineto
-23.47 -1.86 lineto
-24.48 -1.58 lineto
-26.3 -1.99 lineto
-27.35 -3.07 lineto
 closepath stroke
 0.00002 0.00018 0.00014 setrgbcolor
newpath -22.77 -2.45 moveto
-21.65 -1.65 lineto
-21.37 -0.6 lineto
-21.42 -0.07 lineto
-22.06 -0.21 lineto
-23.04 -1.7 lineto
 closepath fill
 0 0 0 setrgbcolor
newpath -22.77 -2.45 moveto
-21.65 -1.65 lineto
-21.37 -0.6 lineto
-21.42 -0.07 lineto
-22.06 -0.21 lineto
-23.04 -1.7 lineto
 closepath stroke
 0.00002 0.00018 0.00014 setrgbcolor
newpath -19.98 -1.01 moveto
-18.78 -0.62 lineto
-18.28 0.24 lineto
-18.91 0.76 lineto
-20.15 0.04 lineto
 closepath fill
 0 0 0 setrgbcolor
newpath -19.98 -1.01 moveto
-18.78 -0.62 lineto
-18.28 0.24 lineto
-18.91 0.76 lineto
-20.15 0.04 lineto
 closepath stroke
newpath -18.78 -0.62 moveto
-18.43 -0.92 lineto
-17.83 -0.74 lineto
-16.82 0.42 lineto
-16.79 1.44 lineto
-18.91 0.76 lineto stroke
newpath -16.82 0.42 moveto
-16.62 -0.39 lineto
-14.62 1.1 lineto
-15.08 1.6 lineto
-16.38 1.07 lineto
-16.79 1.44 lineto stroke
 0.00002 0.00018 0.00014 setrgbcolor
newpath -12.44 7.05 moveto
-12.92 6.89 lineto
-13.51 6.22 lineto
-13.39 5.73 lineto
-12.57 5.31 lineto
-12 6.27 lineto
-12.01 6.8 lineto
 closepath fill
 0 0 0 setrgbcolor
newpath -12.44 7.05 moveto
-12.92 6.89 lineto
-13.51 6.22 lineto
-13.39 5.73 lineto
-12.57 5.31 lineto
-12 6.27 lineto
-12.01 6.8 lineto
 closepath stroke
 0.00002 0.00018 0.00014 setrgbcolor
newpath -13.39 5.73 moveto
-13.78 5.49 lineto
-13.82 5 lineto
-14.24 4.26 lineto
-14.06 3.62 lineto
-13.15 3.99 lineto
-13.02 5.23 lineto
 closepath fill
 0 0 0 setrgbcolor
newpath -13.39 5.73 moveto
-13.78 5.49 lineto
-13.82 5 lineto
-14.24 4.26 lineto
-14.06 3.62 lineto
-13.15 3.99 lineto
-13.02 5.23 lineto
 closepath stroke
 0.00002 0.00018 0.00014 setrgbcolor
newpath -14.89 3.22 moveto
-14.38 1.17 lineto
-13.9 -0.1 lineto
-13.15 -0.61 lineto
-12.95 0.76 lineto
-13.3 1.51 lineto
-13.49 2.73 lineto
-14.06 3.62 lineto
-14.6 3.61 lineto
 closepath fill
 0 0 0 setrgbcolor
newpath -14.89 3.22 moveto
-14.38 1.17 lineto
-13.9 -0.1 lineto
-13.15 -0.61 lineto
-12.95 0.76 lineto
-13.3 1.51 lineto
-13.49 2.73 lineto
-14.06 3.62 lineto
-14.6 3.61 lineto
 closepath stroke
newpath 75.26 78.26 moveto
74.7 78.12 lineto
74.3 77.51 lineto
74.63 76.19 lineto
75.04 76.1 lineto
76.46 76.31 lineto
77.17 76.7 lineto
77.25 77.16 lineto
75.47 78.19 lineto stroke
newpath 77.17 76.7 moveto
77.76 76.47 lineto
77.81 75.94 lineto
77.94 75.37 lineto
78.73 73.97 lineto
79.56 73.34 lineto
79.43 74.32 lineto
78.09 76.5 lineto
76.62 78.14 lineto
75.47 78.19 lineto stroke
 0.00002 0.00018 0.00014 setrgbcolor
newpath 68.15 76.52 moveto
68.8 76.57 lineto
69.74 75.3 lineto
70 74.63 lineto
70.04 74.18 lineto
69.38 74.69 lineto
68.75 74.88 lineto
67.93 76.17 lineto
 closepath fill
 0 0 0 setrgbcolor
newpath 68.15 76.52 moveto
68.8 76.57 lineto
69.74 75.3 lineto
70 74.63 lineto
70.04 74.18 lineto
69.38 74.69 lineto
68.75 74.88 lineto
67.93 76.17 lineto
 closepath stroke
 0.00002 0.00018 0.00014 setrgbcolor
newpath 54.87 122.84 moveto
55.35 123.42 lineto
55.35 123.42 55.65 123.28 55.78 123.25 curveto
55.9 123.22 56.09 122.99 56.11 122.75 curveto
56.13 122.5 56.54 121.6 56.54 121.6 curveto
56.58 121.19 lineto
55.8 121.12 lineto
55.05 121.71 lineto
 closepath fill
 0 0 0 setrgbcolor
newpath 54.87 122.84 moveto
55.35 123.42 lineto
55.35 123.42 55.65 123.28 55.78 123.25 curveto
55.9 123.22 56.09 122.99 56.11 122.75 curveto
56.13 122.5 56.54 121.6 56.54 121.6 curveto
56.58 121.19 lineto
55.8 121.12 lineto
55.05 121.71 lineto
 closepath stroke
newpath 57.7 128.89 moveto
58.73 127.46 lineto
59.39 125.63 lineto
59.82 124.89 lineto
59.82 124.89 59.83 124.8 59.84 124.64 curveto
59.86 124.48 60.17 124.22 60.17 124.22 curveto stroke
newpath 60.17 124.22 moveto
61.35 125.23 lineto
61.3 125.8 lineto
61.34 127.2 lineto
61.65 127.88 lineto
61.58 129.19 lineto
60.89 129.99 lineto stroke
 0.00002 0.00018 0.00014 setrgbcolor
newpath 56.56 123.28 moveto
56.38 122.94 lineto
56.43 122.37 lineto
57.13 123.29 lineto
 closepath fill
 0 0 0 setrgbcolor
newpath 56.56 123.28 moveto
56.38 122.94 lineto
56.43 122.37 lineto
57.13 123.29 lineto
 closepath stroke
 0.00002 0.00018 0.00014 setrgbcolor
newpath 57.13 123.29 moveto
57.41 123.36 lineto
57.65 122.93 lineto
57.29 122.36 lineto
 closepath fill
 0 0 0 setrgbcolor
newpath 57.13 123.29 moveto
57.41 123.36 lineto
57.65 122.93 lineto
57.29 122.36 lineto
 closepath stroke
newpath 57.41 123.36 moveto
57.84 124.09 lineto
58.08 123.66 lineto
58.07 122.43 lineto
57.66 122.35 lineto
57.65 122.93 lineto stroke
 0.00002 0.00018 0.00014 setrgbcolor
newpath 58.92 124.85 moveto
58.51 123.99 lineto
58.34 122.66 lineto
58.56 122.43 lineto
59.31 122.83 lineto
59.85 124.07 lineto
59.57 124.9 lineto
59.21 124.83 lineto
 closepath fill
 0 0 0 setrgbcolor
newpath 58.92 124.85 moveto
58.51 123.99 lineto
58.34 122.66 lineto
58.56 122.43 lineto
59.31 122.83 lineto
59.85 124.07 lineto
59.57 124.9 lineto
59.21 124.83 lineto
 closepath stroke
 0.00002 0.00018 0.00014 setrgbcolor
newpath 60.09 123.22 moveto
60.01 122.77 lineto
60.21 122.41 lineto
60.34 121.81 lineto
61.63 121.18 lineto
62.2 121.28 lineto
62.28 122.19 lineto
61.47 122.94 lineto
60.87 123.21 lineto
 closepath fill
 0 0 0 setrgbcolor
newpath 60.09 123.22 moveto
60.01 122.77 lineto
60.21 122.41 lineto
60.34 121.81 lineto
61.63 121.18 lineto
62.2 121.28 lineto
62.28 122.19 lineto
61.47 122.94 lineto
60.87 123.21 lineto
 closepath stroke
newpath 62.28 122.19 moveto
62.84 121.46 lineto
63.49 121.51 lineto
64.42 121.19 lineto
64.99 120.83 lineto
65.47 121.94 lineto
65.23 122.7 lineto
64.49 123.2 lineto
63.75 123.18 lineto
62.54 123.85 lineto
61.55 123.44 lineto
61.47 122.94 lineto stroke
newpath 61.55 123.44 moveto
62.59 125.17 lineto
63.22 125.51 lineto
63.95 125.17 lineto
64.05 123.99 lineto
63.61 123.45 lineto
63.75 123.18 lineto stroke
 0.00002 0.00018 0.00014 setrgbcolor
newpath 65.07 123.63 moveto
66.21 124.14 lineto
66.63 125.04 lineto
66.47 125.43 lineto
65.54 125.27 lineto
65.04 124.86 lineto
64.67 124 lineto
 closepath fill
 0 0 0 setrgbcolor
newpath 65.07 123.63 moveto
66.21 124.14 lineto
66.63 125.04 lineto
66.47 125.43 lineto
65.54 125.27 lineto
65.04 124.86 lineto
64.67 124 lineto
 closepath stroke
 0 0.24501 dtransform truncate idtransform setlinewidth pop
newpath 83.22 50.36 moveto
81.9935 51.03497 lineto stroke
newpath 83.78496 52.22398 moveto
82.40536 52.46198 lineto stroke
newpath 83.8645 54.16899 moveto
82.47856 53.97118 lineto stroke
newpath 83.49942 56.09029 moveto
82.1316 55.79185 lineto stroke
newpath 83.06232 57.99683 moveto
81.69939 57.6769 lineto stroke
newpath 82.32341 59.7976 moveto
81.12065 59.08118 lineto stroke
newpath 81.2399 61.42566 moveto
80.0827 60.63773 lineto stroke
newpath 80.31683 63.14337 moveto
79.00307 62.6597 lineto stroke
newpath 79.81 65.03 moveto
78.4284 64.80423 lineto stroke
 0 0.35 dtransform truncate idtransform setlinewidth pop
newpath 83.22 50.36 moveto
83.64 51.09 83.91 52.67 83.92 53.54 curveto
83.92 54.4 83.34 56.81 83.01 58.22 curveto
82.67 59.62 81.54 60.88 80.81 62.09 curveto
80.09 63.29 79.81 65.03 79.81 65.03 curveto stroke
 0 0.24501 dtransform truncate idtransform setlinewidth pop
newpath -6.56 0.59 moveto
-5.27673 0.03035 lineto stroke
newpath -7.51288 -0.95004 moveto
-6.40193 -1.80194 lineto stroke
newpath -8.68353 -2.33736 moveto
-7.6497 -3.28136 lineto stroke
 0.24501 0 dtransform exch truncate exch idtransform pop setlinewidth
newpath -10.14214 -3.24545 moveto
-9.96558 -4.63426 lineto stroke
 0 0.24501 dtransform truncate idtransform setlinewidth pop
newpath -11.74284 -4.01904 moveto
-11.38127 -5.37155 lineto stroke
 0.24501 0 dtransform exch truncate exch idtransform pop setlinewidth
newpath -13.51947 -3.84741 moveto
-13.46573 -5.24634 lineto stroke
 0 0.24501 dtransform truncate idtransform setlinewidth pop
newpath -15.29558 -3.53195 moveto
-15.64224 -4.88834 lineto stroke
newpath -17.05438 -3.08006 moveto
-17.40399 -4.4357 lineto stroke
newpath -18.81236 -2.62573 moveto
-19.16324 -3.98105 lineto stroke
newpath -20.57 -2.17 moveto
-20.92198 -3.52501 lineto stroke
 0 0.35 dtransform truncate idtransform setlinewidth pop
newpath -6.56 0.59 moveto
-7.17 -0.9 -9.47 -3.16 -9.47 -3.16 curveto
-10.65 -3.31 lineto
-11.74 -4.02 lineto
-12.42 -3.79 lineto
-12.42 -3.79 -13.85 -3.88 -14.02 -3.85 curveto
-14.18 -3.83 -20.57 -2.17 -20.57 -2.17 curveto stroke
 0.00002 0.00018 0.00014 setrgbcolor
newpath -30.07 -5.24 moveto
-28.93 -3.74 lineto
-29.81 -2.14 lineto
-30.38 -2.19 lineto
-31.14 -3.77 lineto
-30.91 -5.07 lineto
 closepath fill
 0 0 0 setrgbcolor
newpath -30.07 -5.24 moveto
-28.93 -3.74 lineto
-29.81 -2.14 lineto
-30.38 -2.19 lineto
-31.14 -3.77 lineto
-30.91 -5.07 lineto
 closepath stroke
 0.00002 0.00018 0.00014 setrgbcolor
newpath -27.51 -4.43 moveto
-27.4 -2.54 lineto
-27.98 -2.38 lineto
-28.78 -2.66 lineto
-28.79 -3.52 lineto
 closepath fill
 0 0 0 setrgbcolor
newpath -27.51 -4.43 moveto
-27.4 -2.54 lineto
-27.98 -2.38 lineto
-28.78 -2.66 lineto
-28.79 -3.52 lineto
 closepath stroke
 0.00002 0.00018 0.00014 setrgbcolor
newpath -31.62 -3 moveto
-30.84 -1.61 lineto
-31.26 -0.58 lineto
-31.65 -0.37 lineto
-32.58 -1.44 lineto
-32.63 -2.76 lineto
 closepath fill
 0 0 0 setrgbcolor
newpath -31.62 -3 moveto
-30.84 -1.61 lineto
-31.26 -0.58 lineto
-31.65 -0.37 lineto
-32.58 -1.44 lineto
-32.63 -2.76 lineto
 closepath stroke
 0.00002 0.00018 0.00014 setrgbcolor
newpath -34.51 -1.45 moveto
-33.54 -1.73 lineto
-32.76 -0.88 lineto
-32.92 0.46 lineto
-33.94 0.37 lineto
-34.6 0.02 lineto
 closepath fill
 0 0 0 setrgbcolor
newpath -34.51 -1.45 moveto
-33.54 -1.73 lineto
-32.76 -0.88 lineto
-32.92 0.46 lineto
-33.94 0.37 lineto
-34.6 0.02 lineto
 closepath stroke
 0.00002 0.00018 0.00014 setrgbcolor
newpath -31.05 -0.65 moveto
-30.02 -0.76 lineto
-28.9 0.53 lineto
-28.96 1.14 lineto
-30.92 0.56 lineto
 closepath fill
 0 0 0 setrgbcolor
newpath -31.05 -0.65 moveto
-30.02 -0.76 lineto
-28.9 0.53 lineto
-28.96 1.14 lineto
-30.92 0.56 lineto
 closepath stroke
 0.00002 0.00018 0.00014 setrgbcolor
newpath -30.02 -0.76 moveto
-30.24 -1.44 lineto
-29.31 -2.3 lineto
-28.45 -2.22 lineto
-28.08 -0.87 lineto
-29.14 -0.52 lineto
 closepath fill
 0 0 0 setrgbcolor
newpath -30.02 -0.76 moveto
-30.24 -1.44 lineto
-29.31 -2.3 lineto
-28.45 -2.22 lineto
-28.08 -0.87 lineto
-29.14 -0.52 lineto
 closepath stroke
 0.00002 0.00018 0.00014 setrgbcolor
newpath -28.68 -0.52 moveto
-27.82 -0.56 lineto
-26.91 0.71 lineto
-26.89 1.49 lineto
-27.16 2.2 lineto
-27.99 2.25 lineto
-28.96 1.14 lineto
-28.9 0.53 lineto
 closepath fill
 0 0 0 setrgbcolor
newpath -28.68 -0.52 moveto
-27.82 -0.56 lineto
-26.91 0.71 lineto
-26.89 1.49 lineto
-27.16 2.2 lineto
-27.99 2.25 lineto
-28.96 1.14 lineto
-28.9 0.53 lineto
 closepath stroke
newpath -26.91 0.71 moveto
-26.53 0.21 lineto
-25.56 2.22 lineto
-25.7 2.83 lineto
-25.95 2.89 lineto
-26.68 2.33 lineto
-26.89 1.49 lineto stroke
 0.00002 0.00018 0.00014 setrgbcolor
newpath -25.17 1.93 moveto
-26.02 0.01 lineto
-26 -1.18 lineto
-24.9 -0.63 lineto
-24.44 0.23 lineto
-24.32 1.6 lineto
 closepath fill
 0 0 0 setrgbcolor
newpath -25.17 1.93 moveto
-26.02 0.01 lineto
-26 -1.18 lineto
-24.9 -0.63 lineto
-24.44 0.23 lineto
-24.32 1.6 lineto
 closepath stroke
 0.00002 0.00018 0.00014 setrgbcolor
newpath -24.18 0.5 moveto
-24.34 -0.42 lineto
-23.75 -1.51 lineto
-22.73 -0.07 lineto
-22.77 1.69 lineto
-23.87 1.23 lineto
 closepath fill
 0 0 0 setrgbcolor
newpath -24.18 0.5 moveto
-24.34 -0.42 lineto
-23.75 -1.51 lineto
-22.73 -0.07 lineto
-22.77 1.69 lineto
-23.87 1.23 lineto
 closepath stroke
 0.00002 0.00018 0.00014 setrgbcolor
newpath -23.03 3.68 moveto
-23.95 3.52 lineto
-25.27 3.11 lineto
-25.17 1.93 lineto
-24.32 1.6 lineto
-22.68 2.56 lineto
 closepath fill
 0 0 0 setrgbcolor
newpath -23.03 3.68 moveto
-23.95 3.52 lineto
-25.27 3.11 lineto
-25.17 1.93 lineto
-24.32 1.6 lineto
-22.68 2.56 lineto
 closepath stroke
newpath -23.95 3.52 moveto
-22.99 4.22 lineto
-23 4.79 lineto
-24.15 4.77 lineto
-25.25 4.67 lineto
-25.75 3.89 lineto
-25.27 3.11 lineto stroke
 0.00002 0.00018 0.00014 setrgbcolor
newpath -26.81 3.3 moveto
-27.28 2.6 lineto
-29.42 2.62 lineto
-29.3 3.16 lineto
-28.82 3.78 lineto
-27.66 4.05 lineto
 closepath fill
 0 0 0 setrgbcolor
newpath -26.81 3.3 moveto
-27.28 2.6 lineto
-29.42 2.62 lineto
-29.3 3.16 lineto
-28.82 3.78 lineto
-27.66 4.05 lineto
 closepath stroke
 0.00002 0.00018 0.00014 setrgbcolor
newpath -33.03 1.23 moveto
-33.27 0.67 lineto
-32.49 0.66 lineto
-30.58 0.96 lineto
-30.12 1.74 lineto
-31.14 2.1 lineto
 closepath fill
 0 0 0 setrgbcolor
newpath -33.03 1.23 moveto
-33.27 0.67 lineto
-32.49 0.66 lineto
-30.58 0.96 lineto
-30.12 1.74 lineto
-31.14 2.1 lineto
 closepath stroke
 0.00002 0.00018 0.00014 setrgbcolor
newpath 21.76 12.45 moveto
22.68 13.68 lineto
25.82 14.37 lineto
26.07 13.82 lineto
24.04 11.79 lineto
 closepath fill
 0 0 0 setrgbcolor
newpath 21.76 12.45 moveto
22.68 13.68 lineto
25.82 14.37 lineto
26.07 13.82 lineto
24.04 11.79 lineto
 closepath stroke
 0.00002 0.00018 0.00014 setrgbcolor
newpath 29.48 17.54 moveto
30.56 16.48 lineto
27.89 16.49 lineto
28.08 17.08 lineto
29.28 17.44 lineto
 closepath fill
 0 0 0 setrgbcolor
newpath 29.48 17.54 moveto
30.56 16.48 lineto
27.89 16.49 lineto
28.08 17.08 lineto
29.28 17.44 lineto
 closepath stroke
 0.00002 0.00018 0.00014 setrgbcolor
newpath 2.61 14.31 moveto
1.82 14 lineto
1.12 13.07 lineto
1.26 12.43 lineto
2.31 12.64 lineto
3.14 13.46 lineto
3.62 14.04 lineto
3.54 14.48 lineto
2.94 14.71 lineto
 closepath fill
 0 0 0 setrgbcolor
newpath 2.61 14.31 moveto
1.82 14 lineto
1.12 13.07 lineto
1.26 12.43 lineto
2.31 12.64 lineto
3.14 13.46 lineto
3.62 14.04 lineto
3.54 14.48 lineto
2.94 14.71 lineto
 closepath stroke
newpath 3.14 13.46 moveto
3.58 13.13 lineto
5.12 13.35 lineto
6.05 14.01 lineto
6.16 14.55 lineto
5.53 15.15 lineto
4.02 15.51 lineto
2.94 14.71 lineto stroke
 0.00002 0.00018 0.00014 setrgbcolor
newpath 3.58 13.13 moveto
4.34 12.91 lineto
4.72 12.28 lineto
3.95 11.76 lineto
3.45 11.35 lineto
2.86 11.09 lineto
1.83 11.12 lineto
2.31 12.11 lineto
 closepath fill
 0 0 0 setrgbcolor
newpath 3.58 13.13 moveto
4.34 12.91 lineto
4.72 12.28 lineto
3.95 11.76 lineto
3.45 11.35 lineto
2.86 11.09 lineto
1.83 11.12 lineto
2.31 12.11 lineto
 closepath stroke
newpath 3.45 11.35 moveto
3.46 10.73 lineto
4.16 10.3 lineto
4.47 10.08 lineto
6.06 10.68 lineto
6.17 11.26 lineto
4.97 12.68 lineto
4.72 12.28 lineto stroke
newpath 4.16 10.3 moveto
3.67 9.85 lineto
3.7 9.48 lineto
4.38 9.21 lineto
6.98 10.02 lineto
6.44 10.55 lineto
6.06 10.68 lineto stroke
newpath 6.44 10.55 moveto
6.94 10.51 lineto
7.97 10.93 lineto
7.22 12.43 lineto
5.77 13.41 lineto
5.12 13.35 lineto
5.26 12.66 lineto
4.97 12.68 lineto stroke
newpath 6.05 14.01 moveto
7.07 13.6 lineto
7.35 14.12 lineto
6.31 15.63 lineto
5.7 15.62 lineto
5.53 15.15 lineto stroke
 0.00002 0.00018 0.00014 setrgbcolor
newpath 8.47 8.06 moveto
9.94 7.74 lineto
12.17 8.47 lineto
11.06 9.44 lineto
9.56 9.22 lineto
9.6 8.78 lineto
 closepath fill
 0 0 0 setrgbcolor
newpath 8.47 8.06 moveto
9.94 7.74 lineto
12.17 8.47 lineto
11.06 9.44 lineto
9.56 9.22 lineto
9.6 8.78 lineto
 closepath stroke
newpath 11.06 9.44 moveto
11.19 9.78 lineto
13.31 10.42 lineto
13.82 10.26 lineto
13.38 9.24 lineto
13.13 8.76 lineto
12.82 8.53 lineto
12.27 8.73 lineto
12.17 8.47 lineto stroke
newpath 12.17 8.47 moveto
11.64 7.97 lineto
10.79 7.9 lineto
10.14 7.3 lineto
10.66 6.98 lineto
12.49 7.68 lineto
13.17 8.32 lineto
12.82 8.53 lineto stroke
newpath 12.49 7.68 moveto
12.63 7.03 lineto
13.03 7.11 lineto
14.46 9.13 lineto
13.82 9.36 lineto
13.38 9.24 lineto stroke
 0.00002 0.00018 0.00014 setrgbcolor
newpath 25.62 31.73 moveto
25.62 31.73 25.03 31.52 24.87 30.97 curveto
24.71 30.42 24.54 29.58 24.4 29.36 curveto
24.25 29.15 23.98 27.6 23.98 27.6 curveto
24.44 25.18 lineto
24.82 24.64 lineto
25.34 24.85 lineto
26.57 26.19 lineto
26.57 26.19 26.97 28.2 26.83 28.8 curveto
26.69 29.4 26.39 30.49 26.21 30.72 curveto
26.02 30.95 25.62 31.73 25.62 31.73 curveto closepath fill
 0 0 0 setrgbcolor
newpath 25.62 31.73 moveto
25.62 31.73 25.03 31.52 24.87 30.97 curveto
24.71 30.42 24.54 29.58 24.4 29.36 curveto
24.25 29.15 23.98 27.6 23.98 27.6 curveto
24.44 25.18 lineto
24.82 24.64 lineto
25.34 24.85 lineto
26.57 26.19 lineto
26.57 26.19 26.97 28.2 26.83 28.8 curveto
26.69 29.4 26.39 30.49 26.21 30.72 curveto
26.02 30.95 25.62 31.73 25.62 31.73 curveto closepath stroke
 0.00002 0.00018 0.00014 setrgbcolor
newpath 28.75 29.84 moveto
28.04 29.57 lineto
28.12 28.59 lineto
27.43 27.17 lineto
27.28 25.14 lineto
28.33 23.02 lineto
29.03 23.94 lineto
29.66 25.68 lineto
29.58 27.03 lineto
29.73 27.58 lineto
 closepath fill
 0 0 0 setrgbcolor
newpath 28.75 29.84 moveto
28.04 29.57 lineto
28.12 28.59 lineto
27.43 27.17 lineto
27.28 25.14 lineto
28.33 23.02 lineto
29.03 23.94 lineto
29.66 25.68 lineto
29.58 27.03 lineto
29.73 27.58 lineto
 closepath stroke
newpath 29.58 27.03 moveto
34.08 26.78 lineto
35.94 27.56 lineto
36.83 29.08 lineto
36.06 30.36 lineto
34.78 30.83 lineto
30.28 28.78 lineto
29.34 28.78 lineto
29.73 27.58 lineto stroke
 0.00002 0.00018 0.00014 setrgbcolor
newpath 32.37 24.32 moveto
30.75 24.06 lineto
30.43 23.49 lineto
31.02 23.3 lineto
33.09 20.82 lineto
34.53 18.44 lineto
35.17 17.76 lineto
35.56 18.04 lineto
35.98 19.27 lineto
34.82 22.16 lineto
33.82 23.26 lineto
 closepath fill
 0 0 0 setrgbcolor
newpath 32.37 24.32 moveto
30.75 24.06 lineto
30.43 23.49 lineto
31.02 23.3 lineto
33.09 20.82 lineto
34.53 18.44 lineto
35.17 17.76 lineto
35.56 18.04 lineto
35.98 19.27 lineto
34.82 22.16 lineto
33.82 23.26 lineto
 closepath stroke
 0.00002 0.00018 0.00014 setrgbcolor
newpath 35.35 24.02 moveto
38.2 21.07 lineto
40.47 20.04 lineto
41.55 20.38 lineto
42.37 21.36 lineto
42.45 22.72 lineto
41.98 23.42 lineto
40.39 24.18 lineto
36.64 24.34 lineto
36.25 24.01 lineto
 closepath fill
 0 0 0 setrgbcolor
newpath 35.35 24.02 moveto
38.2 21.07 lineto
40.47 20.04 lineto
41.55 20.38 lineto
42.37 21.36 lineto
42.45 22.72 lineto
41.98 23.42 lineto
40.39 24.18 lineto
36.64 24.34 lineto
36.25 24.01 lineto
 closepath stroke
 0.00002 0.00018 0.00014 setrgbcolor
newpath 43.75 21.93 moveto
43.43 21.9 lineto
43.35 22.72 lineto
43.79 24.24 lineto
44.55 24.92 lineto
45.44 25.53 lineto
46.4 25.37 lineto
47.52 25.8 lineto
48.67 25.78 lineto
49.08 26.19 lineto
49.35 25.55 lineto
49.17 23.81 lineto
48.7 22.17 lineto
48.41 21.81 lineto
47.11 22.48 lineto
45.5 23.11 lineto
44.77 22.93 lineto
 closepath fill
 0 0 0 setrgbcolor
newpath 43.75 21.93 moveto
43.43 21.9 lineto
43.35 22.72 lineto
43.79 24.24 lineto
44.55 24.92 lineto
45.44 25.53 lineto
46.4 25.37 lineto
47.52 25.8 lineto
48.67 25.78 lineto
49.08 26.19 lineto
49.35 25.55 lineto
49.17 23.81 lineto
48.7 22.17 lineto
48.41 21.81 lineto
47.11 22.48 lineto
45.5 23.11 lineto
44.77 22.93 lineto
 closepath stroke
 0.00002 0.00018 0.00014 setrgbcolor
newpath 49.08 26.19 moveto
49.69 26.32 lineto
50.15 27.1 lineto
53.55 28.64 lineto
54.06 29.8 lineto
53.97 30.77 lineto
53.67 31.82 lineto
53.27 31.74 lineto
51.45 30.47 lineto
50.27 29.5 lineto
49.67 29.69 lineto
49.01 29.34 lineto
48.41 28.22 lineto
48.41 26.87 lineto
 closepath fill
 0 0 0 setrgbcolor
newpath 49.08 26.19 moveto
49.69 26.32 lineto
50.15 27.1 lineto
53.55 28.64 lineto
54.06 29.8 lineto
53.97 30.77 lineto
53.67 31.82 lineto
53.27 31.74 lineto
51.45 30.47 lineto
50.27 29.5 lineto
49.67 29.69 lineto
49.01 29.34 lineto
48.41 28.22 lineto
48.41 26.87 lineto
 closepath stroke
 0.00002 0.00018 0.00014 setrgbcolor
newpath 47.65 28.85 moveto
46.83 28.37 lineto
46.15 26.87 lineto
46.15 25.88 lineto
47.04 26.05 lineto
48.14 27.54 lineto
48.2 28.7 lineto
 closepath fill
 0 0 0 setrgbcolor
newpath 47.65 28.85 moveto
46.83 28.37 lineto
46.15 26.87 lineto
46.15 25.88 lineto
47.04 26.05 lineto
48.14 27.54 lineto
48.2 28.7 lineto
 closepath stroke
newpath 47.65 28.85 moveto
48.54 29.01 lineto
49.55 30.13 lineto
49.58 30.75 lineto
48.2 31 lineto
47.87 30.6 lineto
47.57 29.38 lineto
47.65 28.85 lineto stroke
 0.00002 0.00018 0.00014 setrgbcolor
newpath 50.33 30.12 moveto
50.91 30.58 lineto
50.06 31.78 lineto
49.43 32.38 lineto
48.55 32.18 lineto
48.57 31.89 lineto
49.58 30.75 lineto
 closepath fill
 0 0 0 setrgbcolor
newpath 50.33 30.12 moveto
50.91 30.58 lineto
50.06 31.78 lineto
49.43 32.38 lineto
48.55 32.18 lineto
48.57 31.89 lineto
49.58 30.75 lineto
 closepath stroke
 0.00002 0.00018 0.00014 setrgbcolor
newpath 45.68 45.4 moveto
46.1 45.31 lineto
46.82 44.59 lineto
46.69 43.84 lineto
46.2 43.35 lineto
45.66 43.38 lineto
45.42 44.22 lineto
45.58 44.73 lineto
 closepath fill
 0 0 0 setrgbcolor
newpath 45.68 45.4 moveto
46.1 45.31 lineto
46.82 44.59 lineto
46.69 43.84 lineto
46.2 43.35 lineto
45.66 43.38 lineto
45.42 44.22 lineto
45.58 44.73 lineto
 closepath stroke
 0.00002 0.00018 0.00014 setrgbcolor
newpath 48.82 41.11 moveto
48.82 41.11 50.03 40.89 50.52 40.03 curveto
51 39.17 51.55 37.62 51.55 37.62 curveto
51.33 36.41 lineto
50.25 37.92 lineto
 closepath fill
 0 0 0 setrgbcolor
newpath 48.82 41.11 moveto
48.82 41.11 50.03 40.89 50.52 40.03 curveto
51 39.17 51.55 37.62 51.55 37.62 curveto
51.33 36.41 lineto
50.25 37.92 lineto
 closepath stroke
 0.00002 0.00018 0.00014 setrgbcolor
newpath 44.69 37.25 moveto
44.55 36.91 lineto
44.61 36.3 lineto
45.8 34.93 lineto
46.28 33.66 lineto
47.16 33.04 lineto
47.86 32.98 lineto
48.99 33.24 lineto
48.74 34.13 lineto
48.12 34.69 lineto
47.43 35.94 lineto
45.33 37.35 lineto
 closepath fill
 0 0 0 setrgbcolor
newpath 44.69 37.25 moveto
44.55 36.91 lineto
44.61 36.3 lineto
45.8 34.93 lineto
46.28 33.66 lineto
47.16 33.04 lineto
47.86 32.98 lineto
48.99 33.24 lineto
48.74 34.13 lineto
48.12 34.69 lineto
47.43 35.94 lineto
45.33 37.35 lineto
 closepath stroke
 0.00002 0.00018 0.00014 setrgbcolor
newpath 34.88 40.82 moveto
34.82 40.11 lineto
35.95 39.43 lineto
36.83 40.09 lineto
37.13 40.93 lineto
36.37 41.15 lineto
 closepath fill
 0 0 0 setrgbcolor
newpath 34.88 40.82 moveto
34.82 40.11 lineto
35.95 39.43 lineto
36.83 40.09 lineto
37.13 40.93 lineto
36.37 41.15 lineto
 closepath stroke
 0.00002 0.00018 0.00014 setrgbcolor
newpath 37.99 40.48 moveto
36.98 39.85 lineto
37.02 39.32 lineto
38.25 38.9 lineto
38.93 39.12 lineto
39.56 40.41 lineto
38.72 40.62 lineto
 closepath fill
 0 0 0 setrgbcolor
newpath 37.99 40.48 moveto
36.98 39.85 lineto
37.02 39.32 lineto
38.25 38.9 lineto
38.93 39.12 lineto
39.56 40.41 lineto
38.72 40.62 lineto
 closepath stroke
 0.00002 0.00018 0.00014 setrgbcolor
newpath 38.93 39.12 moveto
38.62 38.48 lineto
40.23 37.51 lineto
41.4 37.66 lineto
42.03 38.46 lineto
40.56 39.76 lineto
39.61 39.8 lineto
 closepath fill
 0 0 0 setrgbcolor
newpath 38.93 39.12 moveto
38.62 38.48 lineto
40.23 37.51 lineto
41.4 37.66 lineto
42.03 38.46 lineto
40.56 39.76 lineto
39.61 39.8 lineto
 closepath stroke
 0.00002 0.00018 0.00014 setrgbcolor
newpath 41.79 37.9 moveto
41.99 37.1 lineto
43.04 36.33 lineto
44.28 36.31 lineto
44.45 36.66 lineto
43.84 37.02 lineto
43.93 37.84 lineto
43.62 38.6 lineto
42.32 38.4 lineto
 closepath fill
 0 0 0 setrgbcolor
newpath 41.79 37.9 moveto
41.99 37.1 lineto
43.04 36.33 lineto
44.28 36.31 lineto
44.45 36.66 lineto
43.84 37.02 lineto
43.93 37.84 lineto
43.62 38.6 lineto
42.32 38.4 lineto
 closepath stroke
 0.00002 0.00018 0.00014 setrgbcolor
newpath 50.26 49.34 moveto
50.64 46.99 lineto
51.31 46.8 lineto
52.55 47.16 lineto
52.69 47.46 lineto
52.16 49.71 lineto
 closepath fill
 0 0 0 setrgbcolor
newpath 50.26 49.34 moveto
50.64 46.99 lineto
51.31 46.8 lineto
52.55 47.16 lineto
52.69 47.46 lineto
52.16 49.71 lineto
 closepath stroke
newpath 63.09 55.16 moveto
63.43 55.48 lineto
65.16 55.39 lineto
66.1 54.9 lineto stroke
newpath 66.1 54.9 moveto
65.74 54.41 lineto
64.26 53.99 lineto
63.71 54.11 lineto
63.09 55.16 lineto stroke
 0.00002 0.00018 0.00014 setrgbcolor
newpath 64.26 53.99 moveto
63.8 53.62 lineto
64.23 52.88 lineto
65.17 53.91 lineto
 closepath fill
 0 0 0 setrgbcolor
newpath 64.26 53.99 moveto
63.8 53.62 lineto
64.23 52.88 lineto
65.17 53.91 lineto
 closepath stroke
 0.00002 0.00018 0.00014 setrgbcolor
newpath 65.05 53.33 moveto
65.28 52.65 lineto
66.66 52.81 lineto
67.23 53.28 lineto
66.76 53.48 lineto
65.9 53.98 lineto
65.39 53.73 lineto
 closepath fill
 0 0 0 setrgbcolor
newpath 65.05 53.33 moveto
65.28 52.65 lineto
66.66 52.81 lineto
67.23 53.28 lineto
66.76 53.48 lineto
65.9 53.98 lineto
65.39 53.73 lineto
 closepath stroke
 0.00002 0.00018 0.00014 setrgbcolor
newpath 75.14 52.05 moveto
76.21 51.99 lineto
76.76 52.32 lineto
75.74 54.12 lineto
74.42 55.11 lineto
73.59 54.71 lineto
73.32 54.07 lineto
 closepath fill
 0 0 0 setrgbcolor
newpath 75.14 52.05 moveto
76.21 51.99 lineto
76.76 52.32 lineto
75.74 54.12 lineto
74.42 55.11 lineto
73.59 54.71 lineto
73.32 54.07 lineto
 closepath stroke
newpath 75.14 52.05 moveto
75.82 50.92 lineto
76.31 49.98 lineto
75.85 49.61 lineto
74.13 50.49 lineto
73.27 51.93 lineto
72.91 53.62 lineto
73.32 54.07 lineto stroke
 0 0.24501 dtransform truncate idtransform setlinewidth pop
newpath 66.38 107.97 moveto
66.65952 107.12967 lineto stroke
 0.24501 0 dtransform exch truncate exch idtransform pop setlinewidth
newpath 66.55501 108.0775 moveto
66.64809 107.79768 lineto stroke
 0 0.24501 dtransform truncate idtransform setlinewidth pop
newpath 66.73001 108.18501 moveto
67.0095 107.34468 lineto stroke
 0.24501 0 dtransform exch truncate exch idtransform pop setlinewidth
newpath 66.905 108.29251 moveto
66.99806 108.0127 lineto stroke
 0 0.24501 dtransform truncate idtransform setlinewidth pop
newpath 67.08 108.4 moveto
67.35951 107.55966 lineto stroke
 0.24501 0 dtransform exch truncate exch idtransform pop setlinewidth
newpath 67.08 108.4 moveto
67.17308 108.12018 lineto stroke
 0 0.24501 dtransform truncate idtransform setlinewidth pop
newpath 61.87 118.04 moveto
60.82352 118.63211 lineto stroke
newpath 62.02998 118.3225 moveto
61.68152 118.51968 lineto stroke
newpath 62.19002 118.60501 moveto
61.14355 119.19717 lineto stroke
newpath 62.35 118.88751 moveto
62.00154 119.0847 lineto stroke
newpath 62.51 119.17 moveto
61.46352 119.76212 lineto stroke
newpath 54.68 91.25 moveto
55.20593 92.44235 lineto stroke
 0.24501 0 dtransform exch truncate exch idtransform pop setlinewidth
newpath 55.00002 91.115 moveto
55.17516 91.51205 lineto stroke
 0 0.24501 dtransform truncate idtransform setlinewidth pop
newpath 55.32 90.98 moveto
55.846 92.17233 lineto stroke
 0.24501 0 dtransform exch truncate exch idtransform pop setlinewidth
newpath 55.64003 90.845 moveto
55.81517 91.24205 lineto stroke
 0 0.24501 dtransform truncate idtransform setlinewidth pop
newpath 55.96 90.71 moveto
56.48595 91.90236 lineto stroke
newpath 77.61 59.79 moveto
76.13756 59.16806 lineto stroke
newpath 77.46251 60.18752 moveto
76.9722 59.98041 lineto stroke
newpath 77.31499 60.585 moveto
75.84254 59.96312 lineto stroke
newpath 77.1675 60.98251 moveto
76.67719 60.7754 lineto stroke
newpath 77.02 61.38 moveto
75.54756 60.75807 lineto stroke
newpath 79.83 53.75 moveto
78.24191 53.931 lineto stroke
newpath 79.85252 53.29 moveto
79.3237 53.35028 lineto stroke
newpath 79.875 52.82999 moveto
78.28691 53.01099 lineto stroke
newpath 79.89752 52.37001 moveto
79.3687 52.4303 lineto stroke
newpath 79.92 51.91 moveto
78.33191 52.091 lineto stroke
newpath 69.8 44.31 moveto
68.40968 45.72986 lineto stroke
newpath 70.31252 44.76749 moveto
69.84956 45.24028 lineto stroke
newpath 70.82503 45.22502 moveto
69.43471 46.64485 lineto stroke
newpath 71.3375 45.68251 moveto
70.87454 46.1553 lineto stroke
newpath 71.85 46.14 moveto
70.45969 47.55986 lineto stroke
newpath 53.45 36.15 moveto
51.9861 38.0306 lineto stroke
newpath 54.15001 36.70499 moveto
53.66255 37.33122 lineto stroke
newpath 54.85002 37.26001 moveto
53.38612 39.14061 lineto stroke
newpath 55.54999 37.815 moveto
55.06253 38.44124 lineto stroke
newpath 56.25 38.37 moveto
54.7861 40.2506 lineto stroke
newpath 11.19 1.03 moveto
10.46071 2.16176 lineto stroke
 0.24501 0 dtransform exch truncate exch idtransform pop setlinewidth
newpath 11.71002 1.3025 moveto
11.46718 1.67937 lineto stroke
 0 0.24501 dtransform truncate idtransform setlinewidth pop
newpath 12.23001 1.57501 moveto
11.50072 2.70676 lineto stroke
 0.24501 0 dtransform exch truncate exch idtransform pop setlinewidth
newpath 12.75002 1.84749 moveto
12.50717 2.22435 lineto stroke
 0 0.24501 dtransform truncate idtransform setlinewidth pop
newpath 13.27 2.12 moveto
12.54071 3.25175 lineto stroke
newpath -0.03 -2.6 moveto
-0.60297 -1.29463 lineto stroke
 0.24501 0 dtransform exch truncate exch idtransform pop setlinewidth
newpath 0.42749 -2.4375 moveto
0.23671 -2.00282 lineto stroke
 0 0.24501 dtransform truncate idtransform setlinewidth pop
newpath 0.88503 -2.275 moveto
0.31209 -0.96962 lineto stroke
 0.24501 0 dtransform exch truncate exch idtransform pop setlinewidth
newpath 1.34251 -2.1125 moveto
1.15173 -1.67783 lineto stroke
 0 0.24501 dtransform truncate idtransform setlinewidth pop
newpath 1.8 -1.95 moveto
1.22704 -0.64462 lineto stroke
newpath -35.3 -20.73 moveto
-36.80786 -22.69492 lineto stroke
newpath -35.9325 -20.18999 moveto
-36.4346 -20.8443 lineto stroke
newpath -36.56502 -19.65 moveto
-38.07288 -21.61496 lineto stroke
newpath -37.19751 -19.10999 moveto
-37.69962 -19.7643 lineto stroke
newpath -37.83 -18.57 moveto
-39.33786 -20.53493 lineto stroke
newpath -60.94 -33.91 moveto
-59.74686 -35.1896 lineto stroke
newpath -61.445 -34.2125 moveto
-61.04768 -34.63858 lineto stroke
newpath -61.95001 -34.51501 moveto
-60.75684 -35.79462 lineto stroke
newpath -62.455 -34.8175 moveto
-62.05768 -35.24359 lineto stroke
newpath -62.96 -35.12 moveto
-61.76686 -36.3996 lineto stroke
newpath -52.57 -47.95 moveto
-51.72798 -49.05542 lineto stroke
newpath -52.23502 -47.68248 moveto
-51.95462 -48.05058 lineto stroke
newpath -51.89998 -47.415 moveto
-51.05792 -48.52039 lineto stroke
newpath -51.56499 -47.14749 moveto
-51.28459 -47.5156 lineto stroke
newpath -51.23 -46.88 moveto
-50.38797 -47.98543 lineto stroke
newpath 65.41 49.83 moveto
66.54669 49.01277 lineto stroke
newpath 64.14421 48.50078 moveto
65.09744 47.47545 lineto stroke
newpath 62.78041 47.26828 moveto
63.70523 46.21725 lineto stroke
newpath 61.39218 46.06331 moveto
62.30295 45.0001 lineto stroke
newpath 59.99069 44.8735 moveto
60.89243 43.80261 lineto stroke
newpath 58.58061 43.69438 moveto
59.47562 42.61784 lineto stroke
newpath 57.16347 42.52325 moveto
58.05276 41.442 lineto stroke
newpath 55.74 41.36 moveto
56.62154 40.2724 lineto stroke
 0 0.35 dtransform truncate idtransform setlinewidth pop
newpath 65.41 49.83 moveto
64.58 48.52 55.74 41.36 55.74 41.36 curveto stroke
 0 0.24501 dtransform truncate idtransform setlinewidth pop
newpath 79.25 73.15 moveto
78.51402 71.95906 lineto stroke
 0.24501 0 dtransform exch truncate exch idtransform pop setlinewidth
newpath 77.42374 73.36531 moveto
77.25545 71.97548 lineto stroke
newpath 75.58061 73.61098 moveto
75.42946 72.21921 lineto stroke
 0 0.24501 dtransform truncate idtransform setlinewidth pop
newpath 73.74356 73.44835 moveto
74.0265 72.07727 lineto stroke
newpath 72.95122 74.48608 moveto
71.5827 74.78125 lineto stroke
newpath 73.06825 76.33858 moveto
71.6684 76.31956 lineto stroke
newpath 73.13 78.19 moveto
71.7626 78.49084 lineto stroke
 0 0.35 dtransform truncate idtransform setlinewidth pop
newpath 79.25 73.15 moveto
78.81 73.44 78.09 73.29 77.47 73.36 curveto
76.84 73.43 75.3 73.7 74.77 73.65 curveto
74.24 73.61 73.37 73.28 73.07 73.42 curveto
72.77 73.56 72.78 73.85 72.94 74.44 curveto
73.09 75.02 73.09 76.42 73.04 76.99 curveto
72.99 77.56 73.13 78.19 73.13 78.19 curveto stroke
newpath 60.73 124.28 moveto
62.27022 118.896 lineto stroke
newpath 66.36 104.6 moveto
64.81978 109.98401 lineto stroke
newpath 66.36 104.6 moveto
64.81978 109.98401 lineto stroke
newpath 60.73 124.28 moveto
62.27022 118.896 lineto stroke
newpath 66.36 104.6 moveto
62.71771 100.34633 lineto stroke
newpath 50.99 86.65 moveto
54.6323 90.90367 lineto stroke
newpath 50.99 86.65 moveto
54.6323 90.90367 lineto stroke
newpath 66.36 104.6 moveto
62.71771 100.34633 lineto stroke
newpath 50.99 86.65 moveto
55.71391 83.64252 lineto stroke
newpath 72.43 73 moveto
67.70609 76.00748 lineto stroke
newpath 72.43 73 moveto
67.70609 76.00748 lineto stroke
newpath 50.99 86.65 moveto
55.71391 83.64252 lineto stroke
newpath 72.43 73 moveto
73.85768 67.58507 lineto stroke
newpath 78.51 49.94 moveto
77.0823 55.35493 lineto stroke
newpath 78.51 49.94 moveto
77.0823 55.35493 lineto stroke
newpath 72.43 73 moveto
73.85768 67.58507 lineto stroke
newpath 78.51 49.94 moveto
72.9128 50.11679 lineto stroke
newpath 55.72 50.66 moveto
61.3172 50.48322 lineto stroke
newpath 55.72 50.66 moveto
61.3172 50.48322 lineto stroke
newpath 78.51 49.94 moveto
72.9128 50.11679 lineto stroke
newpath 55.72 50.66 moveto
51.68678 46.77495 lineto stroke
newpath 15.43 11.85 moveto
19.46321 15.73506 lineto stroke
newpath 15.43 11.85 moveto
19.46321 15.73506 lineto stroke
newpath 55.72 50.66 moveto
51.68678 46.77495 lineto stroke
newpath 15.43 11.85 moveto
9.93011 10.79556 lineto stroke
newpath -21.29 4.81 moveto
-15.79012 5.86444 lineto stroke
newpath -21.29 4.81 moveto
-15.79012 5.86444 lineto stroke
newpath 15.43 11.85 moveto
9.93011 10.79556 lineto stroke
newpath -21.29 4.81 moveto
-24.14264 -0.00902 lineto stroke
newpath -43.08 -32 moveto
-40.22736 -27.18098 lineto stroke
newpath -43.08 -32 moveto
-40.22736 -27.18098 lineto stroke
newpath -21.29 4.81 moveto
-24.14264 -0.00902 lineto stroke
newpath -43.08 -32 moveto
-48.1234 -34.43404 lineto stroke
newpath -59.18 -39.77 moveto
-54.1366 -37.33597 lineto stroke
newpath -59.18 -39.77 moveto
-54.1366 -37.33597 lineto stroke
newpath -43.08 -32 moveto
-48.1234 -34.43404 lineto stroke
newpath -59.18 -39.77 moveto
-61.65128 -34.7448 lineto stroke
newpath -65.46 -27 moveto
-62.98872 -32.0252 lineto stroke
newpath -65.46 -27 moveto
-62.98872 -32.0252 lineto stroke
newpath -59.18 -39.77 moveto
-61.65128 -34.7448 lineto stroke
newpath -65.46 -27 moveto
-68.36914 -31.7851 lineto stroke
newpath -79.2 -49.6 moveto
-76.29086 -44.81491 lineto stroke
newpath -79.2 -49.6 moveto
-76.29086 -44.81491 lineto stroke
newpath -65.46 -27 moveto
-68.36914 -31.7851 lineto stroke
newpath -79.2 -49.6 moveto
-82.63661 -54.02151 lineto stroke
newpath -98.74 -74.74 moveto
-95.30339 -70.3185 lineto stroke
newpath -98.74 -74.74 moveto
-95.30339 -70.3185 lineto stroke
newpath -79.2 -49.6 moveto
-82.63661 -54.02151 lineto stroke
newpath -98.74 -74.74 moveto
-94.61578 -78.52824 lineto stroke
newpath -78.12 -93.68 moveto
-82.24422 -89.89175 lineto stroke
newpath -78.12 -93.68 moveto
-82.24422 -89.89175 lineto stroke
newpath -98.74 -74.74 moveto
-94.61578 -78.52824 lineto stroke
newpath -78.12 -93.68 moveto
-80.9852 -98.49149 lineto stroke
newpath -97.17 -125.67 moveto
-94.3048 -120.8585 lineto stroke
newpath -97.17 -125.67 moveto
-94.3048 -120.8585 lineto stroke
newpath -78.12 -93.68 moveto
-80.9852 -98.49149 lineto stroke
newpath -97.17 -125.67 moveto
-93.68246 -121.28857 lineto stroke
newpath -82.89 -107.73 moveto
-86.37753 -112.11142 lineto stroke
showpage
%%EOF
