%!PS
%%BoundingBox: -132 -132 134 131 
%%HiResBoundingBox: -131.42584 -131.68251 133.3355 130.88394 
%%Creator: MetaPost 1.209
%%CreationDate: 2019.09.26:1811
%%Pages: 1
%%BeginProlog
%%EndProlog
%%Page: 1 1
 0 0 0 setrgbcolor 0 0.24501 dtransform truncate idtransform setlinewidth pop
 [] 0 setdash 1 setlinecap 1 setlinejoin 10 setmiterlimit
newpath -34.48 -84.86 moveto
-34.91 -84.9 -38.69 -83.87 -40.25 -83.37 curveto
-41.81 -82.86 -43.27 -78.73 -43.49 -77.81 curveto
-43.72 -76.89 -44.72 -73.14 -45.13 -71.01 curveto
-45.55 -68.87 -44.42 -68.56 -43.69 -67.84 curveto
-42.96 -67.12 -39.18 -64.91 -38.63 -64.57 curveto
-38.08 -64.23 -32.33 -60.67 -32.06 -60.43 curveto
-31.79 -60.19 -24.18 -54.73 -23.31 -54 curveto
-22.43 -53.28 -16.54 -49.71 -15.73 -49.05 curveto
-14.92 -48.4 -9.54 -44.01 -8.56 -43.56 curveto
-7.59 -43.11 -2.05 -39.72 -1.02 -39.12 curveto
0.01 -38.52 5.88 -35.46 6.51 -35.19 curveto
7.13 -34.91 13.04 -31.49 14.05 -30.67 curveto
15.06 -29.86 17.62 -28.61 18.54 -28.38 curveto
19.46 -28.15 24.2 -26.2 25.36 -25.45 curveto
26.52 -24.69 29.64 -22.46 30.72 -21.64 curveto
31.81 -20.82 35.57 -18.52 36.95 -17.82 curveto
38.33 -17.12 45.13 -14.77 46.59 -14.13 curveto
48.05 -13.49 52.99 -11.38 54.19 -11.06 curveto
55.39 -10.73 62.94 -7.01 64.99 -6.54 curveto
67.05 -6.06 73.35 -2.24 73.67 -1.7 curveto
73.98 -1.17 77.98 1.73 79.06 2.62 curveto
80.14 3.51 91.11 7.7 92.43 8.33 curveto
93.75 8.95 99.58 11.51 100.53 12.17 curveto
101.49 12.83 106.55 15.17 107.83 16.15 curveto
109.11 17.13 114.39 19.49 115.5 20.02 curveto
116.61 20.55 119.54 19.37 120.35 19.23 curveto
121.15 19.08 124.75 19.33 126.09 19.67 curveto
127.43 20.01 128.92 20.36 129.33 20.61 curveto
129.74 20.87 129.64 21.94 129.58 22.59 curveto
129.53 23.23 128.86 24.19 128.29 24.14 curveto
127.71 24.08 126.64 23.19 125.92 23.13 curveto
125.2 23.06 124.67 23.38 124.44 23.57 curveto
124.2 23.77 122.57 25.86 121.61 28.45 curveto
120.65 31.04 122.9 30.95 122.73 31.23 curveto
122.56 31.5 120.99 32.08 119.68 32.98 curveto
118.37 33.87 116.2 34.69 115.19 35.46 curveto
114.18 36.24 112.52 39.48 112.38 40.99 curveto
112.25 42.5 112.12 44.72 112.11 45.66 curveto
112.1 46.6 113.73 49.35 113.85 49.65 curveto
113.96 49.95 114.37 51.94 116.58 53.87 curveto
118.79 55.82 118.02 54.74 118.54 54.57 curveto
119.06 54.4 119.95 53.33 120.43 52.8 curveto
120.91 52.26 121.82 52.64 122.58 52.92 curveto
123.35 53.2 123.79 54.69 123.93 55.57 curveto
124.07 56.45 124.2 58.12 124.38 58.49 curveto
124.56 58.87 126.22 58.14 126.46 57.88 curveto
126.7 57.61 126.95 55.61 127.09 54.9 curveto
127.23 54.19 128.58 52.87 128.58 52.87 curveto stroke
newpath 131.04 53.6 moveto
131.5 54.07 131.83 55.26 132.32 56.89 curveto
132.82 58.53 133.58 60.47 133.01 60.42 curveto
132.43 60.37 129.73 60.7 128.86 60.77 curveto
127.99 60.83 125.97 61.66 125.54 61.62 curveto
125.11 61.58 123.54 60.72 122.98 60.46 curveto
122.43 60.19 119.63 60.09 118.19 60.02 curveto
116.75 59.96 115.26 59.61 114.75 58.99 curveto
114.24 58.37 112.4 56.1 111.66 55.45 curveto
110.93 54.81 109.86 52.98 110.09 51.99 curveto
110.33 51 110.37 48.98 110.23 48.02 curveto
110.1 47.07 109.6 44.57 108.85 42.55 curveto
108.09 40.53 104.68 39 104.08 38.51 curveto
103.47 38.02 100.95 37.14 99.36 37.07 curveto
97.78 37 97.92 37.88 97.21 38.54 curveto
96.5 39.2 95.39 40.99 95.66 42.02 curveto
95.93 43.06 95.75 44.99 95.5 46.2 curveto
95.25 47.41 93.51 49.78 92.53 51 curveto
91.55 52.21 92.35 53 92.5 53.67 curveto
92.66 54.33 93.86 56.32 94.14 57.14 curveto
94.43 57.96 98.04 61.45 98.74 62.52 curveto
99.44 63.6 100.61 64.28 100.02 64.37 curveto
99.43 64.46 96.4 65.93 95.25 66.62 curveto
94.1 67.32 92.28 65.78 91.54 65.07 curveto
90.81 64.35 87.67 63.06 87.02 62.28 curveto
86.36 61.5 83.55 60.66 81.83 60.5 curveto
80.1 60.35 78.32 59.25 78.37 58.74 curveto
78.42 58.24 80.14 54.42 80.68 53.24 curveto
81.22 52.06 83.15 45.95 83.84 44.78 curveto
84.52 43.61 86.2 35.52 86.91 33.28 curveto
87.62 31.03 87.19 27.08 87.05 26.2 curveto
86.91 25.32 83.11 20.92 82.23 19.54 curveto
81.34 18.15 76.02 15.36 74.69 14.95 curveto
73.35 14.54 65.87 10.1 64.29 9.23 curveto
62.7 8.37 56.53 6.29 55.14 5.66 curveto
53.75 5.02 45.01 0.11 44.08 -0.77 curveto
43.15 -1.65 33.18 -7.25 32.28 -7.69 curveto
31.38 -8.14 24.78 -11.84 23.67 -12.45 curveto
22.57 -13.05 19.35 -14.21 19.5 -14.99 curveto
19.64 -15.77 17.59 -22.68 17.41 -23.13 curveto
17.24 -23.58 14.56 -27.51 13.89 -28.08 curveto
13.21 -28.65 7.95 -31.22 7.16 -31.3 curveto
6.38 -31.37 3.76 -32.83 3.16 -33.32 curveto
2.55 -33.81 -3.2 -37.37 -3.81 -37.86 curveto
-4.41 -38.34 -8.09 -40.85 -9.16 -41.74 curveto
-10.24 -42.63 -12.55 -44.29 -13.41 -45.16 curveto
-14.27 -46.03 -16.88 -47.5 -18.07 -47.89 curveto
-19.27 -48.29 -20.87 -48.94 -21.32 -49.56 curveto
-21.77 -50.18 -23.96 -51.6 -24.79 -52.76 curveto
-25.63 -53.92 -31.29 -56.96 -32.03 -57.61 curveto
-32.76 -58.25 -39.56 -61.54 -40.31 -62.04 curveto
-41.06 -62.54 -45.51 -65.26 -46.56 -65.71 curveto
-47.6 -66.17 -48.42 -67.47 -48.99 -68.39 curveto
-49.56 -69.31 -49.24 -71.96 -49.06 -72.31 curveto
-48.89 -72.66 -47.79 -78.27 -47.37 -80.69 curveto
-46.96 -83.1 -43.83 -86.8 -43.29 -87.25 curveto
-42.74 -87.71 -40.32 -87.34 -39.49 -87.7 curveto
-38.67 -88.06 -39.39 -88.85 -39.81 -89.83 curveto
-40.22 -90.81 -42.18 -95.54 -42.28 -95.98 curveto
-42.38 -96.43 -44.44 -100.16 -44.93 -101.07 curveto
-45.43 -101.99 -49 -104.85 -50.34 -105.26 curveto
-51.67 -105.66 -53.27 -105.59 -54.66 -105.36 curveto
-56.05 -105.12 -58.84 -103.13 -60.14 -102.3 curveto
-61.44 -101.48 -62.36 -95.41 -63.12 -94.25 curveto
-63.87 -93.09 -63.91 -87.17 -64.01 -86.1 curveto
-64.1 -85.02 -62.85 -78.11 -62.85 -78.11 curveto
-62.85 -78.11 -61.06 -79.55 -60.76 -79.66 curveto
-60.46 -79.78 -56.22 -81.79 -55.91 -81.91 curveto
-55.61 -82.03 -52.63 -83.06 -51.82 -83.13 curveto
-51.02 -83.2 -51.19 -82.2 -51.11 -81.47 curveto
-51.03 -80.74 -51.62 -77.47 -51.74 -76.18 curveto
-51.86 -74.89 -52.6 -71.62 -52.79 -70.41 curveto
-52.97 -69.19 -54.45 -64.63 -54.36 -63.25 curveto
-54.26 -61.87 -51.04 -59.91 -50.79 -59.45 curveto
-50.55 -59 -47.23 -56.52 -45.32 -56.06 curveto
-43.41 -55.59 -42.67 -53.43 -42.12 -52.29 curveto
-41.57 -51.16 -40.74 -51.59 -39.49 -50.97 curveto
-38.25 -50.35 -36.47 -49.25 -36.47 -49.25 curveto stroke
newpath -36.18 -47.63 moveto
-36.47 -47.66 -40.95 -46.91 -42.31 -46.23 curveto
-43.68 -45.56 -45.78 -45.54 -46.38 -46.03 curveto
-46.99 -46.52 -50.19 -48.69 -50.88 -48.97 curveto
-51.58 -49.25 -54.21 -50.58 -54.76 -50.92 curveto
-55.3 -51.26 -58.67 -53.95 -59.31 -54.87 curveto
-59.95 -55.8 -61.98 -57.43 -61.98 -57.43 curveto
-61.98 -57.43 -62.94 -55.56 -63.53 -54.68 curveto
-64.12 -53.79 -64.79 -51.11 -64.76 -50.67 curveto
-64.73 -50.23 -64.41 -48.98 -64.01 -47.78 curveto
-63.61 -46.59 -61.79 -43.6 -61.3 -41.82 curveto
-60.81 -40.04 -59.24 -36.65 -58.45 -35.71 curveto
-57.67 -34.77 -56.25 -30.45 -55.56 -29.38 curveto
-54.86 -28.31 -53.68 -22.93 -53.17 -21.29 curveto
-52.67 -19.66 -53.76 -15.64 -53.85 -14.63 curveto
-53.94 -13.63 -55.7 -12.48 -56.56 -12.56 curveto
-57.43 -12.64 -60.04 -12.58 -60.97 -12.66 curveto
-61.9 -12.75 -63.95 -12.5 -64.34 -12.24 curveto
-64.72 -11.99 -66.46 -9.61 -66.88 -8.93 curveto
-67.3 -8.24 -68.14 -6.15 -68.48 -6.4 curveto
-68.82 -6.65 -70.45 -7.88 -71.16 -8.81 curveto
-71.87 -9.74 -73.56 -10.98 -74.68 -11.37 curveto
-75.8 -11.76 -79.13 -12.5 -79.69 -12.69 curveto
-80.25 -12.89 -83.35 -13.82 -83.35 -13.82 curveto
-83.35 -13.82 -82.68 -12.39 -82.48 -11.43 curveto
-82.28 -10.48 -81.72 -9.49 -81.36 -8.66 curveto
-81 -7.83 -80.44 -6.84 -79.93 -6.07 curveto
-79.42 -5.3 -76.56 -3.32 -75.9 -2.68 curveto
-75.23 -2.04 -72.86 -0.22 -72.16 -0.01 curveto
-71.45 0.21 -69.59 1.1 -68.66 1.24 curveto
-67.74 1.39 -65.26 2.77 -64.83 2.88 curveto
-64.41 2.99 -61.75 3.89 -61.06 4.24 curveto
-60.37 4.59 -58.71 5.39 -58.32 5.86 curveto
-57.93 6.33 -55.8 7.62 -55.25 7.96 curveto
-54.71 8.3 -53.67 8.83 -52.62 10.01 curveto
-51.57 11.18 -49.18 12.69 -48.79 13.16 curveto
-48.39 13.63 -46.16 13.04 -45.63 12.72 curveto
-45.09 12.41 -44.11 12.79 -43.76 12.89 curveto
-43.41 13 -42.25 13.83 -41.58 14.39 curveto
-40.91 14.96 -39.2 16.06 -39.2 16.06 curveto stroke
newpath -39.68 16.6 moveto
-39.68 16.6 -41.41 15.71 -42.29 15.05 curveto
-43.17 14.39 -44.24 13.43 -44.24 13.43 curveto
-44.24 13.43 -44.76 13.53 -45.36 13.76 curveto
-45.96 14 -47.61 14.57 -48.69 14.47 curveto
-49.77 14.38 -50 13.78 -50.87 12.98 curveto
-51.73 12.18 -54.17 10.3 -54.44 10.13 curveto
-54.72 9.96 -57.38 8.19 -58.11 7.54 curveto
-58.85 6.9 -61.11 5.53 -61.81 5.32 curveto
-62.51 5.12 -66.68 3.36 -67.6 3.14 curveto
-68.52 2.92 -72.01 1.46 -72.78 1.17 curveto
-73.55 0.88 -77.42 -1 -78.49 -1.26 curveto
-79.55 -1.51 -82.22 0.88 -83.15 1.67 curveto
-84.09 2.45 -83.45 4.97 -83.05 6.16 curveto
-82.65 7.35 -81.98 10.31 -82 10.59 curveto
-82.03 10.88 -83.67 15.43 -83.96 16.2 curveto
-84.25 16.97 -87.94 20.96 -88.27 21.44 curveto
-88.6 21.92 -91.38 24.63 -91.65 25.25 curveto
-91.92 25.88 -95.34 28.53 -96.1 28.9 curveto
-96.86 29.26 -100.11 30.85 -100.16 31.42 curveto
-100.21 32 -100.54 33.2 -100.77 34.19 curveto
-101.01 35.18 -102.54 37.72 -103.08 38.17 curveto
-103.63 38.63 -105.53 41.28 -106.08 41.73 curveto
-106.63 42.19 -110.04 46.29 -110.38 46.91 curveto
-110.73 47.53 -111.63 51.14 -111.52 52.24 curveto
-111.4 53.33 -111.48 53.4 -110.98 54.31 curveto
-110.49 55.22 -109 55.57 -107.93 56.47 curveto
-106.85 57.36 -103.08 58.78 -102.65 58.82 curveto
-102.22 58.86 -100.21 59.04 -99.56 59.1 curveto
-98.92 59.16 -97.07 59.47 -96.35 59.54 curveto
-95.63 59.6 -94 59.9 -92.96 60.42 curveto
-91.93 60.95 -89.68 61.66 -89.2 61.92 curveto
-88.71 62.18 -86.78 63.15 -86.23 63.49 curveto
-85.68 63.83 -80.34 65.47 -79.64 65.68 curveto
-78.93 65.89 -74.69 66.99 -74.23 67.47 curveto
-73.77 67.95 -69.05 70.11 -68.01 70.63 curveto
-66.97 71.16 -60.2 74.67 -58.28 75.78 curveto
-56.35 76.89 -48.37 80.58 -47.9 80.99 curveto
-47.43 81.39 -34.66 92.16 -34.66 92.16 curveto
-34.66 92.16 -21.56 97.68 -21.29 97.85 curveto
-21.01 98.02 -17.57 99.99 -16.93 100.85 curveto
-16.28 101.7 -16.65 102.61 -16.84 103.9 curveto
-17.03 105.18 -17.94 108 -18.46 108.96 curveto
-18.98 109.93 -20.49 112.11 -21.19 112.69 curveto
-21.9 113.28 -22.64 114.3 -24.42 117.11 curveto
-26.2 119.91 -27.94 119.9 -29.46 120.77 curveto
-30.99 121.64 -36.56 124.89 -38.51 126.52 curveto
-40.46 128.15 -44.04 129.34 -44.62 129.36 curveto
-45.2 129.38 -51 130.52 -52.11 130.72 curveto
-53.21 130.91 -55.62 130.4 -56.25 130.13 curveto
-56.87 129.85 -61 128.18 -61.68 127.76 curveto
-62.37 127.34 -66.39 126.1 -67.73 125.76 curveto
-69.08 125.42 -75.74 124.73 -76.39 124.67 curveto
-77.03 124.62 -83.53 122.14 -83.53 122.14 curveto stroke
newpath -84.03 120.43 moveto
-84.03 120.43 -81.54 118.56 -80.91 118.76 curveto
-80.28 118.97 -75.15 119.07 -74.21 119.09 curveto
-73.27 119.1 -64.77 118.65 -64.05 118.72 curveto
-63.33 118.78 -57.85 117.39 -56.85 117.56 curveto
-55.85 117.72 -53.53 118.44 -52.88 118.5 curveto
-52.24 118.55 -48.73 117.56 -48.15 117.33 curveto
-46.81 116.81 -41.09 112.7 -40.26 112.34 curveto
-39.44 111.98 -37.32 110.15 -36.79 109.9 curveto
-36.26 109.66 -35.37 107.86 -35.28 106.93 curveto
-35.19 106 -35.59 105.6 -35.81 104.78 curveto
-36.02 103.97 -39.47 101.27 -40.01 100.86 curveto
-40.55 100.45 -49.46 94.29 -49.65 93.99 curveto
-49.84 93.68 -51.02 92.35 -52.07 91.89 curveto
-53.11 91.43 -56.88 89.94 -58.3 89.66 curveto
-59.72 89.39 -71.37 86.24 -72.42 85.78 curveto
-73.46 85.33 -80.87 81.69 -81.36 81.5 curveto
-81.85 81.31 -87.02 77.01 -87.73 76.8 curveto
-88.43 76.59 -99.1 71.5 -99.44 71.26 curveto
-99.78 71.01 -105.9 65.97 -106.22 65.58 curveto
-106.55 65.19 -114.67 61.49 -115.83 60.74 curveto
-116.99 59.98 -124.59 53.72 -125.03 52.96 curveto
-125.47 52.2 -129.8 43.42 -130.65 42.33 curveto
-131.49 41.24 -131.28 38.95 -131.28 38.95 curveto stroke
newpath -131.28 38.95 moveto
-130.81 39.35 -130.09 40.21 -130.09 40.21 curveto stroke
newpath -130.09 40.21 moveto
-130.09 40.21 -129.81 38.65 -128.58 37.82 curveto
-127.35 36.99 -124.04 36.42 -123.39 36.41 curveto
-122.74 36.4 -120.43 36.53 -120.43 36.53 curveto
-120.43 36.53 -121.45 34.99 -120.81 33.46 curveto
-120.16 31.93 -119.49 30.11 -119.03 29.72 curveto
-118.56 29.33 -116.86 28.11 -115.99 28.11 curveto
-115.12 28.12 -113.31 28.93 -113.04 29.1 curveto stroke
newpath -112.67 29.06 moveto
-112.67 29.06 -108.37 27.86 -107.42 27.8 curveto
-106.48 27.74 -103.3 26.15 -103.3 26.15 curveto stroke
newpath -103.3 26.15 moveto
-103.3 26.15 -102.99 23.57 -102.55 22.67 curveto
-102.11 21.77 -100.16 21.01 -99.58 21.06 curveto
-99.01 21.11 -97.82 22.31 -97.82 22.31 curveto stroke
newpath -97.82 22.31 moveto
-97.82 22.31 -96.84 21.89 -96.27 21.22 curveto
-95.7 20.55 -95.63 17.3 -95.57 16.66 curveto
-95.51 16.01 -95.87 12.74 -95.87 12.74 curveto
-95.87 12.74 -96.99 12.28 -97.49 12.16 curveto
-97.99 12.04 -101.05 10.68 -101.6 10.34 curveto
-102.15 10 -103.64 6.54 -103.78 5.73 curveto
-103.92 4.92 -105.43 1.67 -105.49 0.72 curveto
-105.55 -0.22 -105.46 -5.14 -105.46 -5.14 curveto
-105.46 -5.14 -104.53 -8.96 -103.88 -8.97 curveto
-103.22 -8.98 -101.47 -8.38 -100.53 -8.37 curveto
-99.59 -8.36 -95.63 -8.13 -95.63 -8.13 curveto
-95.63 -8.13 -94.57 -4.78 -93.89 -4.35 curveto
-93.2 -3.93 -91.11 -4.69 -89.63 -4.99 curveto
-88.16 -5.3 -87.48 -5.59 -87.48 -5.59 curveto
-87.48 -5.59 -88.24 -6.82 -88.6 -7.65 curveto
-88.96 -8.48 -90.31 -10.33 -90.67 -11.09 curveto
-91.04 -11.85 -90.11 -14.15 -89.11 -15.58 curveto
-88.11 -17 -85.48 -15.75 -84.86 -15.48 curveto
-84.23 -15.2 -75.26 -13.74 -73.94 -13.18 curveto
-72.62 -12.63 -70.35 -13.72 -70.35 -13.72 curveto
-72.41 -17.31 lineto
-67.1 -18.5 lineto
-67.1 -18.5 -69.75 -22.71 -69.32 -22.67 curveto
-68.89 -22.63 -62.94 -22.82 -62.94 -22.82 curveto
-62.94 -22.82 -63.49 -23.96 -63.59 -24.47 curveto
-63.68 -24.98 -64.44 -27.8 -64.55 -28.96 curveto
-64.67 -30.13 -65.49 -31.43 -65.44 -31.93 curveto
-65.4 -32.43 -65.29 -35.24 -65.27 -36.25 curveto
-65.25 -37.26 -65.85 -40.28 -66.19 -42.12 curveto
-66.53 -43.96 -68.58 -49.28 -68.61 -49.72 curveto
-68.64 -50.16 -70.77 -52.95 -71.23 -53.5 curveto
-71.69 -54.05 -73.54 -56.75 -74.26 -57.61 curveto
-74.98 -58.47 -76.23 -62.2 -75.9 -62.6 curveto
-75.58 -63.01 -74.16 -68.3 -74.08 -69.16 curveto
-74 -70.02 -72.84 -73.24 -72.48 -73.93 curveto
-72.13 -74.62 -70.35 -75.98 -70.28 -76.69 curveto
-70.22 -77.41 -70.86 -80.72 -70.82 -81.94 curveto
-70.78 -83.17 -71.48 -89.74 -71.6 -89.97 curveto
-71.73 -90.19 -73.45 -92.66 -73.42 -93.09 curveto
-73.38 -93.52 -71.54 -99.43 -71.48 -100.07 curveto
-71.42 -100.72 -66.02 -109.99 -65.47 -110.52 curveto
-64.92 -111.05 -60.77 -111.33 -59.64 -111.93 curveto
-58.52 -112.54 -51.76 -113.4 -51.1 -113.56 curveto
-50.43 -113.72 -47.73 -113.98 -47.13 -113.49 curveto
-46.52 -113 -46.03 -112.02 -44.94 -110.48 curveto
-43.85 -108.93 -40.43 -106.73 -40.02 -106.48 curveto
-39.61 -106.22 -38.12 -106.74 -37.51 -107.04 curveto
-36.91 -107.35 -34.39 -108.78 -33.95 -108.89 curveto
-33.51 -108.99 -26.33 -110.08 -25.81 -110.25 curveto
-25.29 -110.42 -23.79 -112.59 -23.48 -112.85 curveto
-23.17 -113.11 -21.06 -116.55 -20.74 -116.88 curveto
-20.42 -117.21 -17.73 -118.13 -16.69 -118.4 curveto
-15.66 -118.66 -8.17 -120.66 -7.45 -120.59 curveto
-6.73 -120.53 -0.16 -122.1 0.86 -122.23 curveto
1.88 -122.35 6.62 -124.46 7.21 -124.62 curveto
7.81 -124.79 11.54 -126.84 11.86 -127.17 curveto
12.17 -127.5 10.59 -131.56 10.59 -131.56 curveto stroke
newpath 26.28 -122.73 moveto
25.3 -122.32 24.46 -120.23 24.46 -120.23 curveto
24.46 -120.23 23.14 -116.74 21.31 -112.35 curveto
19.47 -107.95 18.42 -109.13 16.81 -108.84 curveto
15.19 -108.55 8.71 -109.78 6.56 -110.05 curveto
4.41 -110.31 2.28 -110 1.82 -110.47 curveto
1.36 -110.95 -1.6 -114.27 -2.12 -114.83 curveto
-2.65 -115.39 -5.25 -117 -7.03 -118.02 curveto
-8.82 -119.05 -11.64 -116.7 -13.03 -116.47 curveto
-14.43 -116.23 -19.92 -113.91 -20.2 -113.14 curveto
-20.49 -112.37 -19.97 -110.08 -20.04 -109.29 curveto
-20.11 -108.51 -18.72 -105.42 -18.22 -103.78 curveto
-17.72 -102.15 -17.98 -102.39 -18.66 -102.88 curveto
-19.34 -103.38 -20.61 -105.37 -21.28 -105.86 curveto
-21.96 -106.36 -22.7 -107 -24.38 -106.79 curveto
-26.07 -106.58 -26.77 -104.41 -27.58 -103.47 curveto
-28.38 -102.53 -29.08 -99.63 -29.7 -98.38 curveto
-30.32 -97.13 -31.23 -92.73 -31.68 -91.76 curveto
-32.13 -90.79 -35.07 -89.4 -34.58 -88.48 curveto
-34.09 -87.57 -32.7 -87.66 -32.7 -87.66 curveto stroke
newpath -94.92 6.1 moveto
-94.92 6.1 -95.78 -0.33 -95.36 -0.95 curveto stroke
newpath -95.36 -0.95 moveto
-95.36 -0.95 -96.91 -2.17 -97.59 -2.67 curveto
-98.26 -3.17 -99.55 -4.08 -99.55 -4.08 curveto
-99.55 -4.08 -99.72 -2.29 -99.82 -1.22 curveto
-99.91 -0.14 -100.15 3.17 -99.5 4.82 curveto
-98.86 6.47 -94.92 6.1 -94.92 6.1 curveto stroke
newpath -122.84 39.13 moveto
-123.2 39.1 -123.98 39.75 -125.05 39.66 curveto
-126.13 39.56 -126.8 39.79 -127.92 40.92 curveto stroke
newpath -127.92 40.92 moveto
-127.92 40.92 -124.9 41.12 -124.29 40.81 curveto
-123.69 40.5 -122.84 39.13 -122.84 39.13 curveto stroke
newpath -118.18 33.19 moveto
-115.56 29.81 lineto stroke
newpath -115.56 29.81 moveto
-116.04 29.55 -117.78 30.34 -118.37 31.22 curveto
-118.95 32.11 -118.18 33.19 -118.18 33.19 curveto stroke
newpath -98.66 22.81 moveto
-98.66 22.81 -99.36 22.53 -99.77 22.35 curveto
-100.19 22.16 -101.36 22.28 -101.68 23.4 curveto
-102 24.53 -101.73 25.57 -101.73 25.57 curveto stroke
newpath -101.49 25.3 moveto
-98.66 22.81 lineto stroke
newpath -130.2 39.84 moveto
-130.2 39.84 lineto stroke
showpage
%%EOF
