%!PS
%%BoundingBox: -204 -117 207 125 
%%HiResBoundingBox: -203.97252 -116.82251 206.59204 124.46857 
%%Creator: MetaPost 1.209
%%CreationDate: 2019.09.26:1811
%%Pages: 1
%%BeginProlog
%%EndProlog
%%Page: 1 1
 0 0 0 setrgbcolor 0 0.24501 dtransform truncate idtransform setlinewidth pop
 [] 0 setdash 1 setlinecap 1 setlinejoin 10 setmiterlimit
newpath 44.99 9.71 moveto
44.24 9.98 43.22 10.26 42.3 10.61 curveto
41.15 11.05 39.81 12.16 38.48 11.8 curveto
38.13 11.71 37.87 11.41 37.54 11.26 curveto
36.91 10.96 36.18 10.79 35.49 10.83 curveto
33.99 10.9 32.54 11.69 31.04 11.84 curveto
30.69 11.87 30.35 11.89 30 11.92 curveto
29.67 11.95 29.34 11.99 29.01 12.01 curveto
27.43 12.1 25.84 11.61 24.29 11.56 curveto
23.68 11.54 22.48 11.84 21.89 11.89 curveto
20.61 12.01 19.28 11.8 18.01 11.88 curveto
17.62 11.9 17.23 11.99 16.84 12.04 curveto
15.25 12.23 13.57 12.09 11.97 12.35 curveto
11.51 12.43 11.05 12.61 10.58 12.64 curveto
10.09 12.66 9.6 12.56 9.11 12.52 curveto
8.63 12.48 8.16 12.45 7.69 12.41 curveto
7.31 12.38 6.93 12.33 6.55 12.31 curveto
6.24 12.28 5.93 12.3 5.63 12.26 curveto
4.87 12.15 4.08 12.09 3.37 11.79 curveto
2.51 11.43 2.17 10.24 1.45 9.79 curveto
1.19 9.64 0.87 9.65 0.58 9.62 curveto
-0.49 9.53 -1.6 9.56 -2.67 9.49 curveto
-2.78 9.48 -4.87 9.28 -4.94 9.3 curveto
-5.23 9.39 -5.33 9.81 -5.6 9.97 curveto
-5.86 10.12 -6.18 10.11 -6.47 10.19 curveto
-7.73 10.54 -9.21 11.44 -10.58 11.01 curveto
-11.19 10.82 -11.94 10.08 -12.43 9.73 curveto
-13.38 9.04 -14.53 8.48 -15.31 7.57 curveto
-15.5 7.35 -15.68 7.12 -15.83 6.87 curveto
-16.79 5.22 -17.69 3.47 -18.62 1.8 curveto
-18.76 1.53 -18.91 1.27 -19 0.98 curveto
-19.27 0.17 -19.64 -0.69 -20.22 -1.38 curveto
-20.41 -1.61 -20.63 -1.81 -20.85 -2 curveto
-21.1 -2.23 -21.38 -2.42 -21.62 -2.66 curveto
-22.16 -3.18 -22.5 -3.87 -22.96 -4.37 curveto
-23.6 -5.05 -24.53 -5.56 -25.12 -6.31 curveto
-25.66 -6.99 -25.96 -7.95 -26.66 -8.55 curveto
-26.94 -8.78 -27.27 -8.96 -27.58 -9.14 curveto
-28.36 -9.59 -29.06 -10.18 -29.77 -10.7 curveto
-30.7 -11.37 -32.11 -11.91 -33.15 -12.37 curveto
-33.45 -12.51 -33.76 -12.62 -34.08 -12.67 curveto
-34.37 -12.71 -34.74 -12.44 -34.95 -12.64 curveto
-35.38 -13.04 -34.76 -14.05 -34.72 -14.39 curveto
-34.68 -14.81 -34.94 -15.8 -35.22 -16.11 curveto
-35.81 -16.78 -37.06 -16.7 -37.83 -16.97 curveto
-39.02 -17.38 -40.26 -17.93 -41.38 -18.49 curveto
-41.95 -18.79 -42.34 -19.41 -42.9 -19.82 curveto
-43.94 -20.58 -45.45 -20.71 -46.44 -21.59 curveto
-46.7 -21.82 -46.88 -22.15 -47.15 -22.38 curveto
-47.83 -22.98 -48.69 -23.42 -49.39 -24 curveto
-49.62 -24.2 -49.75 -24.52 -50.02 -24.68 curveto
-50.74 -25.12 -51.84 -25.31 -52.62 -25.71 curveto
-52.9 -25.85 -53.15 -26.05 -53.45 -26.1 curveto
-53.74 -26.15 -54.04 -25.99 -54.33 -26 curveto
-54.53 -26.02 -55.96 -26.4 -56.12 -26.49 curveto
-56.37 -26.62 -56.56 -26.87 -56.77 -27.06 curveto stroke
newpath -56.77 -27.06 moveto
-57.58 -27.81 -58.66 -28.04 -59.6 -28.48 curveto
-60.42 -28.86 -61.17 -29.45 -62 -29.81 curveto
-62.25 -29.93 -62.53 -30.02 -62.8 -30.07 curveto
-63.54 -30.23 -64.33 -30.47 -64.99 -30.9 curveto
-66.31 -31.77 -67.92 -32.65 -69.04 -33.77 curveto
-69.93 -34.66 -70.21 -36.02 -70.86 -37.03 curveto
-71.05 -37.32 -71.81 -37.81 -72.03 -38.02 curveto
-73.07 -38.97 -73.87 -40.25 -75.01 -41.11 curveto
-75.21 -41.26 -75.43 -41.38 -75.65 -41.5 curveto
-75.88 -41.62 -76.13 -41.72 -76.36 -41.85 curveto
-76.68 -42.02 -77.01 -42.19 -77.32 -42.4 curveto
-77.72 -42.66 -77.88 -43.19 -78.19 -43.55 curveto
-78.84 -44.32 -80.14 -44.62 -80.89 -45.35 curveto
-82.01 -46.45 -82.88 -47.83 -83.73 -49.14 curveto
-84.13 -49.76 -84.89 -50.14 -85.24 -50.79 curveto
-85.35 -51 -85.28 -51.3 -85.44 -51.47 curveto
-85.72 -51.79 -86.12 -51.97 -86.49 -52.18 curveto
-88.25 -53.2 -90.44 -53.25 -92.38 -53.47 curveto
-93.22 -53.56 -94.04 -53.93 -94.8 -54.26 curveto
-95.49 -54.56 -96.28 -54.73 -96.93 -55.15 curveto
-97.61 -55.6 -98.47 -56.01 -99.09 -56.55 curveto
-100.15 -57.47 -101.21 -58.52 -102.49 -59.16 curveto
-103.29 -59.57 -104.19 -59.95 -104.9 -60.49 curveto
-105.28 -60.78 -105.67 -61.2 -106.22 -61.44 curveto
-106.46 -61.55 -106.73 -61.61 -106.99 -61.69 curveto
-109.98 -62.68 -113.22 -63.44 -116.04 -64.95 curveto
-118.37 -66.2 -119.99 -68.57 -122.1 -70.09 curveto
-124 -71.47 -126.44 -72.04 -128.63 -72.81 curveto
-128.84 -72.89 -129.08 -72.93 -129.27 -73.06 curveto
-129.93 -73.47 -130.29 -74.43 -130.97 -74.75 curveto
-131.18 -74.85 -131.42 -74.8 -131.65 -74.82 curveto
-132.34 -74.85 -133.06 -75.04 -133.71 -75.29 curveto stroke
newpath -133.71 -75.29 moveto
-135.18 -75.9 -136.93 -77.26 -136.42 -78.68 curveto
-136.38 -78.79 -135.34 -79.77 -135.43 -79.99 curveto
-135.49 -80.11 -137.28 -80.42 -137.29 -80.42 curveto
-138.83 -80.74 -140.5 -81.15 -141.99 -81.67 curveto
-144.66 -82.59 -147.39 -83.64 -150.12 -84.37 curveto
-151.36 -84.71 -152.71 -84.65 -153.96 -84.82 curveto
-154.23 -84.86 -154.51 -84.9 -154.74 -85.04 curveto
-158.79 -88.04 lineto
-159.69 -88.39 -160.81 -88.99 -161.74 -89.19 curveto
-162.28 -89.3 -162.99 -89.13 -163.54 -89.47 curveto
-164.04 -89.77 -164.36 -90.3 -164.8 -90.66 curveto
-165.02 -90.83 -165.35 -90.92 -165.44 -91.18 curveto
-165.54 -91.44 -165.3 -91.73 -165.27 -92.01 curveto
-165.23 -92.33 -165.19 -92.65 -165.23 -92.97 curveto
-165.27 -93.24 -165.52 -93.48 -165.49 -93.76 curveto
-165.45 -94.05 -165.12 -94.24 -165.04 -94.52 curveto
-164.97 -94.77 -165.06 -95.05 -165.05 -95.32 curveto
-165.03 -95.6 -164.93 -95.89 -164.96 -96.17 curveto
-165.06 -97.24 -166.1 -98.1 -166.66 -98.93 curveto
-166.83 -99.17 -166.99 -99.42 -167.2 -99.63 curveto
-167.42 -99.85 -167.68 -100.02 -167.94 -100.19 curveto
-168.19 -100.34 -168.46 -100.47 -168.73 -100.59 curveto
-170.29 -101.26 -171.85 -102.05 -173.34 -102.85 curveto
-174.44 -103.44 -175.49 -104.19 -176.36 -105.04 curveto
-176.97 -105.63 -177.85 -106.39 -178.58 -106.86 curveto
-179.53 -107.47 -180.71 -107.88 -181.61 -108.56 curveto
-181.83 -108.73 -181.94 -109.02 -182.17 -109.18 curveto
-182.94 -109.7 -183.96 -110.17 -184.78 -110.64 curveto
-185.29 -110.94 -185.99 -110.92 -186.4 -111.35 curveto
-186.59 -111.55 -186.49 -111.91 -186.65 -112.14 curveto
-186.77 -112.3 -188.13 -113.11 -188.09 -113.38 curveto
-188.05 -113.66 -187.58 -113.13 -187.33 -113 curveto stroke
newpath -172.93 -116.7 moveto
-171.63 -116.05 -171.06 -114.39 -169.92 -113.51 curveto
-169.69 -113.34 -169.42 -113.21 -169.16 -113.07 curveto
-168.91 -112.94 -168.65 -112.84 -168.39 -112.72 curveto
-167.81 -112.46 -167.23 -112.2 -166.7 -111.95 curveto
-165.92 -111.57 -165.02 -111.36 -164.28 -110.91 curveto
-163.48 -110.42 -162.02 -109.53 -161.61 -108.64 curveto
-161.5 -108.39 -161.58 -108.1 -161.54 -107.83 curveto
-161.36 -106.76 -160.86 -105.66 -160.53 -104.62 curveto
-160.44 -104.36 -160.4 -104.07 -160.26 -103.84 curveto
-159.45 -102.59 -158.07 -101.73 -157.16 -100.57 curveto
-156.47 -99.69 -156.35 -98.37 -156.51 -97.3 curveto
-156.55 -97.03 -156.55 -96.73 -156.71 -96.52 curveto
-157.35 -95.63 -158.96 -96.14 -159.76 -95.47 curveto
-159.99 -95.28 -160.14 -95.02 -160.33 -94.79 curveto
-160.47 -94.5 -160.79 -94.25 -160.75 -93.93 curveto
-160.66 -93.15 -159.2 -92.6 -158.67 -92.25 curveto
-157.69 -91.61 -156.97 -90.57 -155.99 -89.94 curveto
-154.99 -89.29 -153.67 -89.1 -152.51 -88.9 curveto
-150.24 -88.51 -147.96 -87.56 -145.63 -87.52 curveto
-145.34 -87.51 -145.04 -87.58 -144.74 -87.6 curveto
-142.92 -87.76 -141.04 -87.47 -139.23 -87.44 curveto
-138.92 -87.43 -138.61 -87.49 -138.31 -87.5 curveto
-138.04 -87.52 -137.77 -87.51 -137.5 -87.53 curveto
-137.22 -87.54 -136.93 -87.58 -136.65 -87.59 curveto
-135.55 -87.66 -134.15 -88.06 -133.07 -87.89 curveto
-132.78 -87.84 -132.53 -87.67 -132.26 -87.58 curveto
-131.43 -87.31 -130.51 -87.27 -129.67 -87.02 curveto
-129.42 -86.94 -129.16 -86.86 -128.91 -86.79 curveto
-128.63 -86.72 -128.35 -86.66 -128.08 -86.6 curveto
-127.82 -86.54 -127.55 -86.49 -127.29 -86.41 curveto
-126.48 -86.18 -125.76 -85.65 -125.09 -85.2 curveto stroke
newpath -125.09 -85.2 moveto
-123.76 -83.23 -121.1 -82.4 -118.96 -81.24 curveto
-118.44 -80.96 -118.05 -80.46 -117.19 -80.03 curveto stroke
newpath -117.19 -80.03 moveto
-116.85 -79.78 -115.55 -79.18 -115.64 -78.6 curveto
-115.68 -78.36 -115.98 -78.25 -116.15 -78.07 curveto
-116.5 -78.08 -117.13 -77.98 -117.25 -77.53 curveto
-117.42 -76.91 -116.78 -75.84 -116.52 -75.31 curveto
-115.63 -73.46 -114.46 -71.55 -112.84 -70.24 curveto
-112.66 -70.09 -112.45 -69.97 -112.25 -69.85 curveto
-110.45 -68.73 -108.96 -66.78 -106.98 -65.97 curveto
-105.98 -65.56 -104.82 -65.47 -103.85 -64.95 curveto
-102.57 -64.25 -101.49 -63.03 -100.08 -62.54 curveto
-98.59 -62.03 -96.95 -61.98 -95.41 -61.79 curveto
-94.45 -61.67 -93.48 -61.14 -92.8 -60.46 curveto
-92.35 -60 -92.02 -59.24 -91.35 -59.01 curveto
-90.44 -58.71 -89.16 -58.39 -88.2 -58.37 curveto
-87.02 -58.35 -85.59 -58.71 -84.51 -58.05 curveto
-83.52 -57.44 -83.43 -55.87 -82.52 -55.2 curveto
-82.32 -55.05 -82.1 -54.95 -81.89 -54.83 curveto
-80.76 -54.14 -79.86 -53.09 -78.76 -52.39 curveto
-77.28 -51.44 -75.53 -50.7 -74.25 -49.45 curveto
-74.06 -49.26 -73.92 -49.02 -73.72 -48.84 curveto
-73.17 -48.36 -72.44 -48.05 -71.73 -47.92 curveto
-71.26 -47.84 -70.76 -48 -70.31 -47.87 curveto
-70.04 -47.8 -69.83 -47.59 -69.59 -47.45 curveto
-68.52 -46.82 -67.25 -46.48 -66.19 -45.84 curveto
-64.75 -44.97 -63.45 -43.8 -62.03 -42.91 curveto
-61.71 -42.71 -61.4 -42.51 -61.06 -42.36 curveto
-60.79 -42.23 -60.5 -42.16 -60.21 -42.08 curveto
-59.98 -42.01 -59.72 -42.02 -59.52 -41.89 curveto
-59.33 -41.77 -59.26 -41.52 -59.09 -41.38 curveto
-58.75 -41.06 -58.28 -40.89 -57.86 -40.72 curveto
-57.64 -40.63 -57.41 -40.55 -57.19 -40.45 curveto
-56.98 -40.36 -56.77 -40.26 -56.58 -40.14 curveto
-55.79 -39.64 -54.88 -39.31 -54.1 -38.81 curveto
-53.91 -38.69 -53.75 -38.5 -53.54 -38.44 curveto
-53.29 -38.37 -53.03 -38.44 -53.28 -38.64 curveto stroke
newpath -53.28 -38.64 moveto
-52.03 -37.96 -50.66 -37.32 -49.47 -36.53 curveto
-49.22 -36.36 -48.92 -36.22 -48.76 -35.96 curveto
-48.6 -35.7 -48.75 -35.32 -48.58 -35.07 curveto
-48.36 -34.77 -47.97 -34.65 -47.68 -34.41 curveto
-46.98 -33.82 -46.49 -32.95 -45.72 -32.43 curveto
-44.64 -31.7 -43.28 -31.38 -42.19 -30.68 curveto
-41.93 -30.52 -41.72 -30.31 -41.5 -30.11 curveto
-40.28 -29.03 -38.99 -27.96 -37.65 -27.04 curveto
-37.4 -26.87 -37.12 -26.74 -36.93 -26.51 curveto
-36.75 -26.28 -36.76 -25.92 -36.56 -25.7 curveto
-35.59 -24.59 -33.75 -24.36 -32.47 -23.84 curveto
-32.02 -23.65 -31.27 -23.18 -30.88 -22.9 curveto
-29.81 -22.12 -29.13 -20.85 -28.13 -20.01 curveto
-27.65 -19.61 -27.06 -19.3 -26.69 -18.82 curveto
-26.49 -18.58 -26.38 -18.28 -26.19 -18.03 curveto
-25.58 -17.24 -24.63 -16.75 -23.92 -16.08 curveto
-22.98 -15.2 -22.43 -13.84 -21.42 -13.05 curveto
-21.04 -12.75 -20.08 -12.45 -19.71 -12.08 curveto
-19.16 -11.54 -18.58 -10.4 -18.18 -9.72 curveto
-18.02 -9.46 -17.82 -9.21 -17.77 -8.91 curveto
-17.72 -8.61 -17.94 -8.3 -17.89 -8 curveto
-17.76 -7.18 -16.92 -6.02 -16.34 -5.45 curveto
-15.69 -4.8 -14.72 -4.05 -13.74 -4.16 curveto
-13.14 -4.22 -12.53 -4.69 -11.83 -4.68 curveto
-11.48 -4.67 -11.13 -4.54 -10.8 -4.43 curveto
-10.44 -4.31 -10.07 -4.2 -9.75 -4 curveto
-7.7 -2.71 -6.54 0.13 -4.17 1 curveto
-4.02 0.7 -3.71 0.44 -3.73 0.12 curveto
-3.78 -0.47 -4.75 -1.61 -5.08 -2.06 curveto
-5.67 -2.87 -6.38 -3.73 -6.64 -4.73 curveto
-6.72 -5.01 -6.74 -5.3 -6.78 -5.58 curveto
-6.85 -6.02 -7.1 -6.97 -6.67 -7.38 curveto
-6.42 -7.62 -5.99 -7.56 -5.66 -7.66 curveto
-5.14 -7.58 -4.63 -7.49 -4.12 -7.43 curveto
-3.69 -7.38 -3.26 -7.37 -2.84 -7.31 curveto
-1.39 -7.13 0.02 -6.56 1.43 -6.26 curveto
2.52 -6.02 3.76 -5.97 4.79 -5.42 curveto
5.62 -4.97 6.13 -4.07 6.79 -3.45 curveto
7.93 -2.37 9.95 -1.68 11.44 -1.26 curveto
11.83 -1.15 12.23 -1.07 12.63 -0.99 curveto
13.12 -0.9 13.62 -0.81 14.12 -0.77 curveto
15.16 -0.67 16.32 -1.06 17.32 -0.69 curveto
17.68 -0.55 18.85 0.37 19.11 0.52 curveto
19.36 0.67 19.65 0.77 19.92 0.89 curveto
20.88 1.31 21.94 1.58 22.87 2.05 curveto
23.15 2.18 23.39 2.41 23.68 2.51 curveto
23.98 2.6 24.3 2.6 24.61 2.61 curveto
24.95 2.62 25.3 2.62 25.64 2.56 curveto
25.99 2.5 26.33 2.39 26.65 2.26 curveto
26.97 2.14 27.23 1.86 27.56 1.82 curveto
27.87 1.78 28.17 1.97 27.86 2.27 curveto stroke
newpath 27.86 2.27 moveto
28.18 2.33 28.49 2.4 28.81 2.46 curveto
29.13 2.52 29.46 2.61 29.79 2.64 curveto
30.09 2.66 30.39 2.65 30.68 2.61 curveto
32.76 2.38 35 2.44 37.01 1.77 curveto
37.35 1.66 37.65 1.45 37.96 1.27 curveto
38.77 0.83 39.42 -0.15 40.38 -0.27 curveto
40.69 -0.31 41 -0.25 41.32 -0.22 curveto
42.93 -0.08 44.63 -0.26 46.25 -0.48 curveto
46.66 -0.54 47.87 -0.75 48.28 -0.88 curveto
48.65 -1 48.98 -1.19 49.34 -1.31 curveto
49.71 -1.44 50.08 -1.52 50.46 -1.61 curveto
50.78 -1.69 51.12 -1.74 51.44 -1.81 curveto
52.17 -1.98 52.86 -2.37 53.59 -2.6 curveto
53.92 -2.71 54.31 -2.63 54.64 -2.76 curveto
54.97 -2.89 55.26 -3.12 55.53 -3.35 curveto
56.21 -3.93 56.9 -4.64 57.78 -4.98 curveto
58.41 -5.22 59.11 -5.3 59.78 -5.34 curveto
60.56 -5.38 61.95 -5.1 62.65 -5.55 curveto
63.41 -6.04 63.86 -7.26 64.7 -7.7 curveto
64.99 -7.85 65.34 -7.88 65.66 -7.89 curveto stroke
newpath 65.66 -7.89 moveto
66.88 -7.89 67.95 -7.47 69 -7.41 curveto
70.37 -7.33 71.78 -7.45 73.14 -7.34 curveto
73.8 -7.29 74.48 -6.85 75.15 -6.98 curveto stroke
newpath 75.15 -6.98 moveto
74.88 -7.02 75.62 -6.88 75.74 -7.09 curveto
75.95 -7.45 74.85 -8.19 74.7 -8.47 curveto stroke
newpath 77.94 -10.51 moveto
78.38 -9.55 78.94 -8.23 79.85 -7.63 curveto
81.08 -6.82 82.74 -6.6 83.77 -5.93 curveto stroke
newpath 83.77 -5.93 moveto
84.09 -5.8 84.35 -5.57 84.63 -5.38 curveto
86.01 -4.42 87.3 -3.23 88.71 -2.3 curveto
89.48 -1.8 90.4 -1.37 90.98 -0.63 curveto
91.54 0.09 92.05 0.88 92.63 1.59 curveto
92.86 1.86 93.08 2.14 93.25 2.45 curveto
93.73 3.32 93.88 4.46 94.6 5.22 curveto
94.8 5.44 95.05 5.61 95.29 5.79 curveto
95.84 6.23 96.48 6.6 97.12 6.81 curveto
97.73 7.01 98.48 7.29 98.92 7.88 curveto
99.33 8.44 99.44 9.18 99.78 9.79 curveto
100.44 10.99 101.44 12.01 102.17 13.15 curveto
103.02 14.49 103.21 16.38 104.39 17.55 curveto
105.23 18.39 106.42 18.83 107.5 19.25 curveto
108.75 19.73 110.18 19.74 111.44 20.13 curveto
112.77 20.55 113.99 21.37 115.13 22.14 curveto
116.28 22.91 117.68 23.35 118.86 24.07 curveto
119.12 24.23 119.33 24.47 119.61 24.58 curveto
120.23 24.81 120.96 24.57 121.6 24.68 curveto
122.86 24.9 124.12 25.66 123.89 25.91 curveto stroke
newpath 123.89 25.91 moveto
124.65 26.24 125.42 26.84 126.22 27 curveto
126.42 27.04 126.63 27.05 126.83 27.05 curveto
128.32 27.09 129.89 27.39 131.25 28.02 curveto
131.66 28.21 132.09 28.33 132.5 28.52 curveto
134.07 29.26 135.42 30.49 136.89 31.41 curveto
138.09 32.17 139.41 32.84 140.52 33.74 curveto
140.77 33.95 141.03 34.17 141.28 34.38 curveto
142.1 35.07 142.98 36.16 143.92 36.68 curveto
144.09 36.77 144.28 36.82 144.46 36.88 curveto
146.48 37.48 148.65 37.92 150.61 38.75 curveto
151.85 39.27 153.31 39.9 154.43 40.66 curveto
155.19 41.17 155.87 41.9 156.75 42.26 curveto
156.92 42.32 157.1 42.37 157.27 42.42 curveto
159.05 42.94 161.03 41.99 162.78 42.35 curveto
164.06 42.61 165.13 43.76 166.8 44.09 curveto stroke
newpath 166.8 44.09 moveto
167 44.23 167.18 44.41 167.4 44.52 curveto
167.61 44.61 167.85 44.6 168.07 44.67 curveto
169.55 45.14 171.15 45.36 172.68 45.63 curveto
172.9 45.67 173.13 45.72 173.35 45.71 curveto
174.19 45.7 175.18 45.38 176.02 45.74 curveto
177.22 46.25 178.07 47.46 179.27 47.97 curveto
182.83 49.51 186.4 51.3 189.95 52.83 curveto
191.54 53.52 193.3 53.92 194.9 54.6 curveto
195.41 54.82 195.94 55.07 196.47 55.26 curveto
199.31 56.3 201.76 58.37 204.25 60.01 curveto
205.11 60.57 206.33 61.31 206.46 62.46 curveto
206.54 63.15 206.1 63.82 205.73 64.34 curveto
204.55 66.01 202.92 67.42 201.72 69.09 curveto
200.52 70.77 199.23 72.45 197.96 74.07 curveto
196.82 75.52 195.82 77.33 194.21 78.37 curveto
192.71 79.34 190.59 79.68 188.92 80.25 curveto
185.7 81.36 182.29 82.21 179.17 83.57 curveto
178.91 83.68 178.65 83.78 178.39 83.88 curveto
177.32 84.31 175.93 84.4 174.96 85.01 curveto
174.14 85.52 174.03 86.74 173.38 87.37 curveto
172.77 87.96 171.7 87.98 171.11 88.59 curveto
170.68 89.04 170.48 89.85 169.85 90.15 curveto
169.64 90.26 169.4 90.3 169.16 90.32 curveto
168.87 90.36 168.58 90.36 168.28 90.35 curveto
167.43 90.33 166.44 90.05 165.63 90.43 curveto
165.43 90.52 165.24 90.65 165.04 90.76 curveto
164.59 91.01 164.17 91.33 163.78 91.64 curveto
163.58 91.79 163.38 91.92 163.18 92.06 curveto
162.98 92.2 162.77 92.32 162.58 92.48 curveto
162.13 92.84 161.79 93.68 161.17 93.77 curveto
160.94 93.81 160.71 93.69 160.86 93.97 curveto stroke
newpath 160.86 93.97 moveto
160.74 94.71 160.4 95.53 160.36 96.26 curveto
160.3 97.5 160.72 98.94 160.95 100.16 curveto
161.37 102.36 162.75 104.55 162.63 106.87 curveto stroke
newpath 162.63 106.87 moveto
161.8 109.74 159.77 111.31 158.05 112.75 curveto
156.98 113.64 155.97 114.71 154.75 115.43 curveto
154.49 115.59 154.22 115.73 153.97 115.89 curveto
153.76 116.02 153.57 116.18 153.36 116.32 curveto
153.16 116.46 152.96 116.6 152.76 116.73 curveto
152.56 116.87 152.35 117 152.14 117.12 curveto
151.99 117.21 151.83 117.29 151.67 117.37 curveto
150.07 118.2 148.11 118.54 146.59 119.51 curveto
145.8 120.01 145.09 120.8 144.15 121.14 curveto
143.99 121.2 143.83 121.25 143.67 121.3 curveto
143.52 121.34 143.37 121.39 143.22 121.42 curveto
143.06 121.46 142.9 121.47 142.74 121.49 curveto
141.12 121.6 139.45 121.86 137.86 122.27 curveto
137.53 122.35 137.21 122.48 136.88 122.58 curveto
136.68 122.65 136.48 122.7 136.27 122.76 curveto
136.11 122.8 135.95 122.84 135.78 122.86 curveto
135.52 122.9 135.26 122.93 135 122.96 curveto
134.74 122.99 134.49 123.01 134.23 123.04 curveto
134.01 123.07 133.8 123.13 133.59 123.16 curveto
133.34 123.18 133.09 123.17 132.84 123.2 curveto
132.67 123.22 132.51 123.28 132.35 123.31 curveto
131.12 123.54 129.84 123.52 128.65 123.67 curveto
128.49 123.69 128.35 123.78 128.22 123.87 curveto
127.96 124.04 127.59 124.17 127.91 123.77 curveto stroke
newpath 127.91 123.77 moveto
127.49 124.64 125.85 124.28 125.05 124.23 curveto
123.69 124.14 122.51 123.17 121.43 122.47 curveto
120.84 122.08 119.68 121.92 119.23 121.4 curveto
118.52 120.58 118 119.02 116.84 118.73 curveto
116.67 118.69 116.48 118.67 116.3 118.65 curveto
116.17 118.63 116.04 118.61 115.91 118.6 curveto
115.2 118.52 113.95 118.97 113.35 118.6 curveto
113.24 118.53 113.17 118.41 113.07 118.33 curveto
112.95 118.23 112.82 118.15 112.68 118.07 curveto
112.57 118 112.45 117.96 112.33 117.9 curveto
112.23 117.85 112.13 117.78 112.02 117.73 curveto
111.68 117.58 111.47 117.25 111.23 117.05 curveto
111.08 116.92 110.88 116.86 110.69 116.79 curveto
110.54 116.73 110.38 116.69 110.23 116.65 curveto
110.09 116.62 109.95 116.59 109.81 116.57 curveto
108.9 116.48 108.04 117.02 107.19 117.07 curveto
106.73 117.1 106.3 116.76 105.86 116.72 curveto
105.17 116.65 104.52 117.21 103.86 117.17 curveto
103.15 117.12 102.48 116.68 101.8 116.53 curveto
100.14 116.16 98.24 116.34 96.66 115.56 curveto
95.82 115.15 95.45 114.12 95.01 113.37 curveto
94.39 112.32 93.81 111.21 93.22 110.15 curveto
92.97 109.71 92.52 109.38 93.1 109.02 curveto stroke
newpath 93.1 109.02 moveto
93.05 109.03 93 109.02 92.96 109.04 curveto
92.92 109.05 92.89 109.09 92.85 109.12 curveto
91.86 109.89 90.54 110.5 89.35 110.9 curveto
89.12 110.98 88.88 111.09 88.64 111.15 curveto
88.35 111.21 87.84 111.68 87.85 111.61 curveto stroke
newpath 87.85 111.61 moveto
87.3 111.68 86.58 111.65 86.06 111.85 curveto
85.38 112.11 84.94 112.88 84.23 113.13 curveto
83.58 113.36 82.86 113.03 82.22 113.04 curveto
81.43 113.05 80.68 113.5 79.91 113.57 curveto
79.1 113.63 78.51 112.21 77.71 112.42 curveto
77.57 112.46 77.45 112.57 77.32 112.64 curveto
77.2 112.71 77.07 112.79 76.94 112.86 curveto
76.82 112.93 76.69 113 76.57 113.08 curveto
75.89 113.5 75.7 114.45 75.15 114.95 curveto
75.03 115.06 74.89 115.15 74.75 115.22 curveto
74.61 115.3 74.46 115.36 74.31 115.41 curveto
74.2 115.44 74.08 115.47 73.97 115.45 curveto
73.85 115.43 73.76 115.34 73.64 115.3 curveto
73.28 115.16 72.86 115.29 72.48 115.22 curveto
72.36 115.2 72.25 115.15 72.14 115.11 curveto
72 115.06 71.87 115.01 71.74 114.97 curveto
71.62 114.93 71.5 114.91 71.39 114.86 curveto
71.28 114.82 71.18 114.76 71.08 114.7 curveto
70.51 114.38 69.88 114.18 69.31 113.91 curveto
69.2 113.85 69.1 113.77 69.01 113.68 curveto
68.36 113.02 67.48 112.22 66.62 111.8 curveto
65.79 111.4 64.74 111.76 63.9 111.5 curveto
63.78 111.46 63.66 111.47 63.53 111.46 curveto
63.41 111.45 63.29 111.43 63.17 111.43 curveto
63.04 111.42 62.91 111.4 62.79 111.42 curveto
62.67 111.44 62.56 111.51 62.44 111.53 curveto
62.33 111.55 62.21 111.53 62.1 111.54 curveto
61.98 111.54 61.86 111.53 61.74 111.54 curveto
61.62 111.56 61.52 111.64 61.41 111.65 curveto
61.28 111.65 61.13 111.49 61.05 111.58 curveto
60.96 111.66 61.1 111.81 61.45 111.12 curveto stroke
newpath 61.45 111.12 moveto
61.3 111.09 61.15 111.03 60.99 111.02 curveto
60.87 111.01 60.75 111.04 60.63 111.06 curveto
60.51 111.08 60.38 111.12 60.26 111.13 curveto
60.1 111.15 59.94 111.15 59.78 111.15 curveto
59.65 111.15 59.52 111.13 59.4 111.11 curveto
58.23 110.96 57.02 111.27 55.88 111.27 curveto
55.17 111.27 54.53 110.78 53.84 110.67 curveto
53.28 110.58 52.75 111 52.24 111.06 curveto
51.72 111.13 51.41 110.47 51 110.29 curveto
50.57 110.11 50.02 110.44 49.6 110.27 curveto
48.63 109.88 47.63 109.12 46.52 109.17 curveto
46.38 109.18 46.23 109.21 46.1 109.28 curveto
46 109.33 45.96 109.46 45.87 109.53 curveto
45.41 109.86 44.76 109.74 44.25 109.8 curveto
44.12 109.82 43.98 109.84 43.86 109.91 curveto
43.69 110.03 43.57 110.3 43.33 110.34 curveto
42.96 110.4 42.27 110.34 41.92 110.21 curveto
41.25 109.96 40.45 109.32 39.96 108.81 curveto
38.81 107.62 38.87 105.68 38.21 103.68 curveto stroke
newpath 38.21 103.68 moveto
37.54 103.32 36.42 102.88 35.64 102.94 curveto
35.47 102.96 35.33 103.06 35.17 103.11 curveto
35.01 103.15 34.85 103.15 34.7 103.21 curveto
34.53 103.28 34.38 103.41 34.21 103.48 curveto
34.06 103.55 33.9 103.6 33.74 103.65 curveto
33.56 103.69 33.37 103.71 33.19 103.76 curveto
32.7 103.91 32.38 104.4 31.96 104.63 curveto
31.13 105.08 30.05 104.79 29.15 105.02 curveto
28.49 105.19 27.83 105.75 27.1 105.66 curveto
26.92 105.64 26.73 105.58 26.56 105.49 curveto
25.41 104.92 23.82 104.31 22.85 103.47 curveto
22.59 103.24 22.53 102.83 22.26 102.61 curveto
21.55 102.05 20.17 102.08 19.34 101.66 curveto
17.62 100.8 15.93 99.64 14.41 98.48 curveto
13.36 97.67 12.01 97.22 10.97 96.39 curveto
10.39 95.93 9.83 95.08 9.43 94.46 curveto
9 93.81 8.51 93.15 8.04 92.52 curveto
7.37 91.62 6.29 91.01 5.66 90.07 curveto
4.32 88.06 3.46 85.66 2.04 83.7 curveto
1.6 83.09 0.94 82.65 0.48 82.06 curveto
0.38 81.93 0.28 81.78 0.18 81.64 curveto
-0.7 80.43 -2.84 77.49 -4.56 78.6 curveto stroke
newpath -4.56 78.6 moveto
-4.56 78.86 -4.55 79.12 -4.56 79.38 curveto
-4.56 79.65 -4.54 79.92 -4.58 80.18 curveto
-4.61 80.4 -4.73 80.61 -4.78 80.83 curveto
-4.82 81.03 -4.85 81.24 -4.86 81.45 curveto
-4.87 81.71 -4.86 81.97 -4.83 82.22 curveto
-4.71 83.4 -4.77 84.64 -4.83 85.83 curveto
-4.9 86.93 -4.59 88.46 -5.48 89.27 curveto
-5.74 89.31 -6.01 89.32 -6.28 89.37 curveto
-6.5 89.41 -6.71 89.5 -6.94 89.52 curveto
-7.21 89.54 -7.49 89.53 -7.76 89.48 curveto
-10.05 89.11 -12.56 88.38 -14.45 86.96 curveto
-14.62 86.83 -14.76 86.67 -14.91 86.52 curveto
-16.19 85.18 -17.86 84.16 -19.17 82.85 curveto
-19.33 82.69 -19.47 82.52 -19.62 82.35 curveto
-19.95 81.93 -20.32 80.88 -20.72 80.57 curveto
-20.91 80.43 -21.2 80.46 -21.43 80.38 curveto
-21.91 80.22 -22.37 79.98 -22.78 79.71 curveto
-24.8 78.42 -27.19 77.62 -29.5 77.06 curveto
-30.06 76.92 -30.98 76.51 -31.56 76.62 curveto
-32.96 76.88 -34.27 77.99 -34.94 79.2 curveto
-35.41 80.04 -35.57 81.13 -36.26 81.86 curveto
-36.96 82.6 -38.48 82.72 -38.71 82.62 curveto stroke
newpath -38.71 82.62 moveto
-38.9 82.61 -39.09 82.56 -39.29 82.58 curveto
-41.11 82.75 -41.91 85.26 -42.17 86.77 curveto
-42.32 87.64 -42.34 88.6 -42.72 89.41 curveto
-42.85 89.68 -43.11 90.28 -43.26 90.53 curveto
-43.62 91.15 -44.53 92.46 -45.25 92.71 curveto
-45.41 92.76 -45.6 92.72 -45.77 92.73 curveto
-46.5 92.8 -47.29 93.1 -48 93.11 curveto
-49.11 93.13 -50.33 93.33 -51.46 93.22 curveto
-53.25 93.04 -55.67 92.4 -57.05 91.18 curveto
-58.34 90.03 -59.25 88.45 -60.48 87.27 curveto
-60.62 87.14 -60.77 87.04 -60.91 86.93 curveto
-62.77 85.52 -64.85 83.9 -67.03 83 curveto
-69 82.19 -71.36 82.67 -73.31 83.18 curveto
-75.08 83.64 -76.97 83.78 -78.73 84.15 curveto
-79.43 84.29 -80.08 85.03 -80.86 84.92 curveto
-81.05 84.89 -81.23 84.82 -81.42 84.77 curveto
-81.84 84.66 -82.24 84.49 -82.66 84.4 curveto
-83.51 84.22 -84.6 84.51 -85.4 84.23 curveto
-85.58 84.17 -85.71 84 -85.88 83.92 curveto
-86.04 83.84 -86.22 83.77 -86.41 83.74 curveto
-86.58 83.72 -86.77 83.74 -86.94 83.77 curveto
-88.5 84.01 -90.39 84.25 -91.32 85.17 curveto stroke
newpath -91.32 85.17 moveto
-91.45 85.17 -91.57 85.16 -91.69 85.16 curveto
-91.78 85.16 -91.88 85.16 -91.97 85.16 curveto
-92.05 85.16 -92.13 85.14 -92.21 85.14 curveto
-92.31 85.14 -92.4 85.14 -92.5 85.14 curveto
-92.62 85.15 -92.74 85.17 -92.86 85.19 curveto
-92.94 85.2 -93.02 85.23 -93.1 85.24 curveto
-93.2 85.26 -93.3 85.26 -93.4 85.26 curveto
-93.46 85.25 -93.53 85.25 -93.59 85.24 curveto
-93.66 85.23 -93.72 85.21 -93.79 85.2 curveto
-95.19 84.97 -96.67 84.88 -98.03 84.49 curveto
-98.09 84.47 -98.15 84.47 -98.21 84.46 curveto
-98.86 84.39 -99.55 84.57 -100.19 84.42 curveto
-102.18 83.97 -104.28 83.36 -106.35 83.49 curveto
-106.43 83.5 -106.51 83.5 -106.59 83.52 curveto
-106.68 83.54 -106.75 83.6 -106.83 83.62 curveto
-106.92 83.64 -107.01 83.66 -107.1 83.66 curveto
-108.05 83.7 -109.07 83.22 -110.03 83.44 curveto
-110.09 83.45 -110.16 83.44 -110.29 83.61 curveto stroke
newpath -110.29 83.61 moveto
-110.41 83.76 lineto
-111.41 85.11 -113.74 85.28 -115.13 86 curveto
-115.19 86.03 -115.24 86.06 -115.28 86.12 curveto
-115.52 86.53 -116.24 87.12 -116.7 87.42 curveto
-116.76 87.47 -116.83 87.5 -116.89 87.53 curveto
-116.96 87.56 -117.04 87.59 -117.11 87.61 curveto
-117.17 87.63 -117.24 87.64 -117.29 87.67 curveto
-117.35 87.7 -117.39 87.74 -117.44 87.78 curveto
-118.64 88.83 -120.18 89.56 -121.38 90.64 curveto
-121.43 90.68 -121.47 90.73 -121.52 90.76 curveto
-122.04 91.06 -122.73 90.85 -122.9 91.06 curveto stroke
newpath -122.9 91.06 moveto
-122.97 91.06 -123.03 91.06 -123.1 91.05 curveto
-123.18 91.03 -123.26 91 -123.33 90.98 curveto
-124.08 90.76 -124.9 91.05 -125.66 91.12 curveto
-127.53 91.28 -129.45 91.67 -131.23 91.81 curveto stroke
newpath -131.23 91.81 moveto
-131.66 92.2 -132.32 92.42 -132.68 92.94 curveto
-133.15 93.61 -133.18 94.54 -133.68 95.17 curveto
-134.07 95.67 -135.13 95.83 -135.13 96.16 curveto stroke
newpath -135.13 96.16 moveto
-136.38 97.04 -137.71 98.59 -139.29 98.8 curveto
-140.71 98.98 -142.38 98.52 -143.71 98.07 curveto
-144.36 97.86 -145.07 97.39 -145.99 97.66 curveto stroke
newpath -145.99 97.66 moveto
-146.13 98.37 -145.39 99.09 -145.48 99.84 curveto
-145.61 100.95 -145.9 102.15 -146.14 103.25 curveto
-146.16 103.36 -146.18 103.47 -146.23 103.57 curveto
-146.59 104.22 -147.25 104.84 -147.73 105.42 curveto
-148.63 106.49 -150.47 105.86 -151.62 106.3 curveto
-152 106.45 -152.25 106.85 -152.62 107.05 curveto
-152.7 107.09 -152.78 107.12 -152.87 107.14 curveto
-153.25 107.22 -153.65 107.25 -154.02 107.39 curveto
-154.11 107.42 -154.19 107.47 -154.28 107.51 curveto
-154.37 107.54 -154.46 107.57 -154.54 107.6 curveto
-154.68 107.64 -154.82 107.67 -154.95 107.72 curveto
-155.38 107.87 -155.84 107.98 -156.29 108.05 curveto
-157 108.16 -157.75 108.11 -158.46 108.18 curveto
-158.64 108.2 -158.82 108.3 -158.98 108.39 curveto
-159.85 108.89 -161.01 109.01 -161.79 108.91 curveto stroke
newpath -162.2 108.84 moveto
-163.03 108.74 lineto
-163.89 108.61 lineto
-164.78 108.45 lineto
-165.56 108.13 lineto
-166.27 107.72 lineto
-167.03 107.82 lineto stroke
newpath -167.03 107.82 moveto
-166.92 107.61 -166.96 107.69 -167.04 107.73 curveto
-167.1 107.77 -167.19 107.78 -167.26 107.78 curveto
-167.95 107.82 -168.73 107.98 -169.3 108.42 curveto
-169.93 108.91 -170.69 109.74 -171.16 110.39 curveto
-171.21 110.45 -171.25 110.52 -171.28 110.59 curveto
-171.32 110.66 -171.36 110.73 -171.38 110.81 curveto
-171.52 111.38 -171.58 112.32 -171.95 112.85 curveto
-172.18 113.17 -173.15 113.45 -173.52 113.46 curveto
-173.96 113.47 -174.53 113.71 -174.93 113.48 curveto
-175.77 113 -175.99 111.79 -176.76 111.27 curveto
-177.41 110.83 -178.53 111.01 -178.91 110.72 curveto stroke
newpath -178.91 110.72 moveto
-179.87 110.71 lineto
-180.83 110.6 lineto
-181.55 110.5 lineto
-182.4 110.45 lineto
-183.18 110.51 lineto
-183.94 110.67 lineto
-184.58 110.8 lineto
-185.25 110.93 lineto
-185.86 111.08 lineto
-186.45 111.23 lineto
-187.12 111.45 lineto
-187.98 111.76 lineto
-188.81 111.9 lineto
-189.71 112.17 lineto
-190.55 112.34 lineto
-191.33 112.45 lineto
-192.15 112.49 lineto
-192.85 112.46 lineto
-193.62 112.51 lineto
-194.45 112.56 lineto
-195.16 112.56 lineto
-195.82 112.55 lineto
-196.62 112.51 lineto stroke
newpath -197.02 112.69 moveto
-197.68 112.54 lineto
-198.46 112.34 lineto stroke
newpath -198.92 112.17 moveto
-199.54 111.67 lineto
-199.96 111.27 lineto
-200.19 110.73 lineto
-200.38 109.92 lineto
-200.66 109.24 lineto
-201.15 108.61 lineto
-201.85 108.23 lineto
-202.62 108.33 lineto
-203.3 108.62 lineto stroke
newpath -203.85 104.92 moveto
-203.45 104.42 lineto
-202.9 103.82 lineto
-202.23 103.38 lineto
-201.54 103.02 lineto
-200.77 102.88 lineto
-200.07 103.01 lineto stroke
newpath -199.81 103.06 moveto
-199.65 103.04 -199.27 103.32 -198.79 103.39 curveto stroke
newpath -198.79 103.39 moveto
-198.06 103.57 lineto
-197.25 103.73 lineto
-196.7 103.86 lineto
-196.09 104.02 lineto
-195.26 104.21 lineto
-194.48 104.37 lineto
-193.73 104.6 lineto
-193.04 104.97 lineto
-192.8 105.61 lineto
-193.34 106.13 lineto
-194.08 106.49 lineto
-194.81 106.87 lineto
-195.37 107.36 lineto
-195.62 108.04 lineto
-194.9 108.05 lineto
-194.18 108.05 lineto stroke
newpath -193.71 107.97 moveto
-192.3 107.78 lineto
-191.61 107.79 lineto
-190.94 107.78 lineto
-190.22 107.8 lineto
-189.5 107.74 lineto
-188.79 107.65 lineto
-188.12 107.64 lineto
-187.5 107.59 lineto
-186.75 107.53 lineto
-186.03 107.43 lineto
-185.36 107.31 lineto
-184.72 107.19 lineto
-184.11 106.94 lineto
-183.46 106.76 lineto
-182.86 106.51 lineto
-182.23 106.22 lineto
-181.48 105.7 lineto
-180.94 105.22 lineto
-180.43 104.79 lineto
-179.96 104.31 lineto
-179.43 103.72 lineto
-178.91 103.13 lineto
-178.47 102.62 lineto
-177.97 102.13 lineto
-177.36 101.55 lineto
-177.02 101.01 lineto
-176.69 100.44 lineto
-176.31 99.91 lineto
-175.79 99.54 lineto
-175.07 99.37 lineto
-174.28 99.35 lineto
-173.52 99.34 lineto
-172.82 99.28 lineto
-172.13 99.31 lineto
-171.47 99.49 lineto
-170.91 99.73 lineto
-170.39 100.04 lineto
-170.01 100.55 lineto
-169.74 101.27 lineto
-169.58 101.88 lineto
-169.25 102.44 lineto
-168.77 102.89 lineto
-168.22 103.45 lineto stroke
newpath -168.22 103.45 moveto
-167.51 103.66 lineto
-166.7 104.05 lineto
-165.96 104.41 lineto
-165.22 104.64 lineto stroke
newpath -164.78 104.63 moveto
-164.07 104.79 -163.15 103.63 -163.48 103.05 curveto stroke
newpath -160.01 101.4 moveto
-159.62 101.89 lineto
-158.99 102.16 lineto
-158.32 102.44 lineto
-157.69 102.6 lineto
-157.04 102.74 lineto
-156.36 102.66 lineto
-155.7 102.58 lineto
-155.01 102.53 lineto
-154.28 102.38 lineto
-153.61 102.3 lineto
-152.96 102.26 lineto
-152.34 102.18 lineto
-151.8 101.83 lineto
-151.54 101.24 lineto
-151.17 100.52 lineto
-150.92 99.92 lineto
-150.52 99.28 lineto
-150.18 98.69 lineto
-149.98 98.08 lineto
-149.79 97.45 lineto
-149.51 96.84 lineto
-149.13 96.32 lineto
-148.59 95.97 lineto
-148.06 95.61 lineto
-147.63 95.09 lineto
-147.49 94.48 lineto
-147.26 93.85 lineto stroke
newpath -147.26 93.85 moveto
-146.95 93.38 lineto
-146.57 92.89 lineto
-145.9 92.53 lineto
-145.34 92.1 lineto
-144.66 92.08 lineto
-143.74 92.06 lineto
-143.07 92.09 lineto
-142.45 92.12 lineto
-141.69 92.03 lineto
-140.92 92.02 lineto
-140.25 91.94 lineto
-139.65 91.93 lineto stroke
newpath -139.65 91.93 moveto
-138.96 91.87 lineto
-138.31 91.77 lineto
-137.47 91.82 lineto
-136.79 91.26 lineto
-136.4 90.7 lineto
-136.24 90.1 lineto
-134.88 89.7 lineto
-134.18 89.98 lineto
-133.35 89.92 lineto
-132.36 89.41 lineto
-131.71 89.17 lineto
-130.99 89.07 lineto
-130.33 88.89 lineto
-129.45 88.7 lineto
-128.81 88.37 lineto
-128.2 88 lineto
-127.74 87.55 lineto
-127.23 87.14 lineto
-126.82 86.65 lineto
-126.32 86.1 lineto
-125.91 85.63 lineto
-125.53 85.05 lineto
-125.18 84.52 lineto
-124.54 84.09 lineto
-123.94 83.83 lineto
-123.39 83.4 lineto
-122.59 83.04 lineto
-121.99 82.9 lineto
-121.25 82.75 lineto stroke
newpath -121.25 82.75 moveto
-120.05 81.94 -118.63 81.87 -117.47 81.35 curveto
-115.1 80.29 -112.67 79.16 -110.26 78.19 curveto
-110.16 78.15 -110.07 78.1 -109.97 78.08 curveto
-108.22 77.65 -106.34 77.4 -104.66 76.69 curveto
-104.58 76.66 -104.51 76.62 -104.44 76.6 curveto
-103.65 76.36 -102.59 76.38 -101.94 75.73 curveto
-101.88 75.67 -101.83 75.6 -101.78 75.53 curveto
-101.74 75.47 -101.7 75.4 -101.67 75.33 curveto
-101.64 75.26 -101.63 75.18 -101.6 75.1 curveto
-101.57 75.01 -101.53 74.92 -101.5 74.82 curveto
-101.47 74.74 -101.43 74.65 -101.42 74.56 curveto
-101.4 74.46 -101.42 74.37 -101.41 74.27 curveto
-101.4 74.19 -101.37 74.12 -101.36 74.04 curveto
-101.35 73.96 -101.34 73.88 -101.32 73.8 curveto
-101.31 73.72 -101.3 73.63 -101.28 73.55 curveto
-101.01 72.41 -101.35 71.18 -101.18 70.07 curveto stroke
newpath -101.18 70.07 moveto
-100.94 68.66 -98.62 69.05 -97.78 68.84 curveto
-97.65 68.81 -97.52 68.79 -97.62 68.8 curveto stroke
newpath -97.62 68.8 moveto
-97.48 68.78 -97.34 68.76 -97.21 68.75 curveto
-96.13 68.7 -95.03 68.67 -93.96 68.61 curveto
-93.76 68.6 -93.57 68.59 -93.37 68.54 curveto
-93.24 68.51 -93.11 68.48 -93 68.4 curveto
-92.44 67.94 -92.15 67.13 -91.52 66.68 curveto
-90.64 66.06 -89.18 65.64 -88.2 66.23 curveto
-87.32 66.75 -87.9 68.29 -88.32 68.92 curveto
-88.4 69.05 -88.48 69.17 -88.58 69.27 curveto
-88.69 69.36 -88.82 69.41 -88.95 69.47 curveto
-89.1 69.53 -89.25 69.59 -89.41 69.62 curveto
-90.27 69.82 -91.49 70.48 -91.56 71.47 curveto
-91.42 71.57 -91.29 71.68 -91.14 71.77 curveto
-90.32 72.3 -89.19 71.82 -88.26 71.79 curveto
-88.11 71.79 -87.97 71.81 -87.82 71.8 curveto
-87.68 71.79 -87.54 71.77 -87.41 71.76 curveto
-87.27 71.74 -87.14 71.75 -87.01 71.73 curveto
-85.79 71.55 -84.57 71.17 -83.36 71.03 curveto
-82.78 70.97 -82.2 71.17 -81.64 71.25 curveto
-81.39 71.28 -79.97 71.47 -80.18 72.02 curveto stroke
newpath -80.18 72.02 moveto
-79.98 71.96 -80.13 71.75 -80.22 71.85 curveto
-80.42 72.05 -79.88 72.34 -79.62 72.44 curveto
-78.96 72.72 -78.2 72.7 -77.57 72.79 curveto stroke
newpath -77.57 72.79 moveto
-76.59 72.52 -75.52 72.51 -74.56 72.21 curveto
-73.64 71.93 -72.75 71.48 -71.82 71.25 curveto
-69.84 70.77 -67.73 70.59 -65.77 70.11 curveto
-64.6 69.82 -63.4 69.2 -62.2 69.1 curveto
-62.07 69.08 -61.94 69.11 -61.81 69.07 curveto
-60.84 68.77 -59.91 67.8 -58.81 67.9 curveto
-58.36 67.94 -57.91 68.12 -57.46 68.17 curveto stroke
newpath -57.46 68.17 moveto
-57.76 67.93 -58.18 68.04 -58.09 68.25 curveto
-57.99 68.47 -57.61 68.26 -57.37 68.29 curveto
-56.94 68.34 -56.43 68.5 -55.98 68.48 curveto
-53.91 68.36 -51.75 68.45 -49.65 68.56 curveto
-48.08 68.64 -46.41 68.73 -44.86 68.35 curveto
-43.95 68.13 -43.03 67.72 -42.08 67.64 curveto
-40.01 67.48 -37.95 68.59 -35.91 68.59 curveto
-34.58 68.58 -33.24 67.96 -31.88 67.99 curveto
-31.61 68 -31.34 68.03 -31.07 68.06 curveto
-28.5 68.38 -25.84 68.67 -23.26 68.95 curveto
-23.01 68.97 -22.77 68.99 -22.53 69.04 curveto
-21.66 69.23 -20.85 69.74 -19.97 69.91 curveto
-19.06 70.08 -18.02 70.02 -17.15 70.39 curveto
-16.32 70.74 -15.59 71.45 -14.69 71.67 curveto
-14.46 71.73 -14.23 71.78 -14 71.8 curveto
-13.77 71.82 -13.54 71.79 -13.3 71.8 curveto
-12.42 71.82 -11.59 72.26 -10.8 72.5 curveto
-9.63 72.86 -8.32 72.08 -7.16 71.97 curveto
-6.91 71.94 -6.66 71.95 -6.41 71.98 curveto
-4.62 72.17 -2.45 72.28 -0.76 72.9 curveto
0.56 73.39 1.42 74.7 2.47 75.5 curveto
3.44 76.25 4.79 76.39 5.78 77.02 curveto
6 77.17 6.17 77.37 6.38 77.53 curveto stroke
newpath 6.38 77.53 moveto
7.13 78.21 8.76 78.54 9.56 79.65 curveto stroke
newpath 9.56 79.65 moveto
10.71 79.14 12.41 80.27 13.59 80.8 curveto
17.77 82.68 21.89 85.15 25.47 88.01 curveto
25.57 88.09 25.67 88.17 25.77 88.26 curveto
25.86 88.34 25.95 88.42 26.05 88.5 curveto
26.19 88.61 26.34 88.73 26.49 88.83 curveto
26.6 88.91 26.72 88.98 26.84 89.05 curveto
27.03 89.16 27.23 89.28 27.43 89.4 curveto
27.57 89.48 27.72 89.56 27.86 89.63 curveto
29.28 90.37 31.08 91.88 32.72 91.22 curveto stroke
newpath 32.72 91.22 moveto
32.92 91.13 32.55 91.13 32.67 91.15 curveto
32.82 91.18 32.98 91.14 33.13 91.13 curveto
34.23 91.05 35.37 91.12 36.46 91.23 curveto
38.76 91.46 41.16 92.16 43.45 92.59 curveto
45.36 92.95 47.39 93.09 49.28 93.59 curveto
50.39 93.88 51.45 94.48 52.55 94.81 curveto
53.48 95.08 55.17 95.01 55.76 95.9 curveto
55.83 96 55.89 96.1 55.92 96.21 curveto
55.95 96.32 55.96 96.44 55.95 96.56 curveto
55.81 98.08 53.07 99.05 53.47 100.62 curveto
53.52 100.73 53.54 100.85 53.61 100.95 curveto
53.69 101.04 53.79 101.11 53.9 101.16 curveto
54 101.21 54.13 101.25 54.24 101.23 curveto
55 101.15 55.81 101.27 56.58 101.42 curveto
57.5 101.6 58.31 102.21 59.2 102.44 curveto
59.33 102.47 59.78 102.53 59.92 102.54 curveto
61.08 102.6 62.34 102.78 63.51 102.95 curveto
63.66 102.97 63.8 103.02 63.94 103.06 curveto
64.05 103.09 64.16 103.13 64.27 103.17 curveto
64.38 103.21 64.5 103.24 64.6 103.29 curveto
64.7 103.35 64.79 103.43 64.88 103.5 curveto
65.07 103.69 65.6 104.01 65.66 104.29 curveto
65.72 104.61 64.95 105.65 64.76 105.96 curveto stroke
newpath 64.76 105.96 moveto
64.78 105.94 64.93 106.06 65.1 106.09 curveto
65.22 106.11 65.35 106.07 65.46 106.02 curveto
65.59 105.96 65.7 105.84 65.82 105.76 curveto
65.93 105.7 66.04 105.63 66.15 105.57 curveto
66.26 105.51 66.38 105.48 66.49 105.43 curveto
67.3 105.04 67.83 104.21 68.57 103.74 curveto
69.31 103.28 70.3 103.52 71.11 103.37 curveto
71.5 103.29 71.86 102.95 72.27 102.98 curveto
72.83 103.02 73.48 103.37 74.04 103.12 curveto
74.47 102.92 74.34 102.23 74.57 101.89 curveto
74.87 101.43 75.64 101 76.14 100.81 curveto
76.24 100.77 76.35 100.74 76.46 100.71 curveto
76.81 104.71 77.81 104.68 77.92 104.65 curveto
78.04 104.63 78.78 102.53 78.9 102.5 curveto
79.01 102.47 79.02 101.69 78.95 101.33 curveto stroke
newpath 78.95 101.33 moveto
79.26 100.74 79.99 100.78 80.28 100.52 curveto stroke
newpath 80.28 100.52 moveto
80.39 100.5 80.43 100.35 80.53 100.3 curveto
80.65 100.23 80.79 100.25 80.9 100.18 curveto
81.28 99.95 81.39 99.14 81.85 99.07 curveto
81.97 99.05 82.09 99.15 82.21 99.16 curveto
83.1 99.25 84.03 99.39 84.95 99.31 curveto
86.01 99.21 87.14 98.9 88.14 98.54 curveto
88.5 98.4 89.2 98.15 89.6 98.34 curveto
90.08 98.57 90.34 99.54 90.91 99.62 curveto
91.34 99.68 91.92 99.41 92.4 99.47 curveto
92.56 99.49 92.72 99.52 92.88 99.56 curveto
93.01 99.59 93.13 99.62 93.26 99.65 curveto
93.37 99.67 93.48 99.7 93.59 99.71 curveto
93.75 99.73 93.91 99.74 94.07 99.75 curveto
95.39 99.88 96.59 100.62 97.76 101.11 curveto
97.98 101.2 98.22 101.27 98.44 101.37 curveto
98.6 101.44 99 101.65 99.14 101.77 curveto
99.24 101.84 99.33 101.93 99.42 102.02 curveto stroke
newpath 99.42 102.02 moveto
99.23 101.6 100.42 102.65 101.08 103.07 curveto
102.31 103.85 103.55 104.71 104.67 105.65 curveto
105.41 106.26 106.26 106.82 107.17 107.14 curveto
108.44 107.59 109.88 107.08 111.15 106.9 curveto
113.59 106.54 116.16 106.21 118.64 106.46 curveto
120.12 106.61 122.04 107.44 123.5 106.57 curveto
123.6 106.5 123.68 106.39 123.72 106.28 curveto
124.05 105.34 122.6 104.1 123.16 103.17 curveto
123.98 102.6 125.15 102.86 126.08 102.92 curveto
127.91 103.05 130.67 102.75 132.21 104.01 curveto
132.31 104.09 132.4 104.18 132.48 104.27 curveto
132.55 104.37 132.62 104.46 132.67 104.57 curveto
132.72 104.68 132.74 104.8 132.77 104.91 curveto
132.81 105.03 132.84 105.16 132.87 105.28 curveto
133 105.88 132.46 106.5 132.6 107.05 curveto
132.63 107.16 132.72 107.26 132.77 107.37 curveto
132.83 107.49 132.87 107.62 132.95 107.73 curveto
133.4 108.36 134.4 108.54 135.09 108.41 curveto stroke
newpath 135.09 108.41 moveto
135.5 108.22 136.31 106.97 137.05 106.72 curveto
137.29 106.64 137.58 106.62 137.81 106.72 curveto
138.02 106.82 138.01 107.19 138.23 107.26 curveto
139.09 107.53 140.25 106.02 140.55 105.4 curveto
140.96 104.51 140.92 103.27 141.18 102.32 curveto
141.39 101.56 142.02 100.95 142.3 100.21 curveto
142.46 99.78 142.39 99.23 142.63 98.77 curveto
142.79 98.46 143.09 98.24 143.26 97.94 curveto
143.68 97.23 143.45 96.27 143.79 95.54 curveto
144.11 94.83 144.91 94.45 145.39 93.88 curveto
146.01 93.16 146.38 92.2 147.01 91.46 curveto
147.65 90.71 148.7 90.39 149.39 89.73 curveto
149.53 89.6 150.02 88.71 150.19 88.6 curveto
150.42 88.45 150.71 88.46 150.97 88.39 curveto
151.21 88.31 151.43 88.14 151.68 88.15 curveto
152.26 88.18 152.63 88.79 153.09 89.01 curveto
153.56 89.23 154.13 89.01 154.55 88.84 curveto
153.36 87.54 151.3 87.44 149.73 86.81 curveto
148.89 86.48 148.12 85.93 147.27 85.63 curveto
147 85.53 146.71 85.51 146.44 85.42 curveto
145.38 85.05 144.19 84.1 143.98 82.93 curveto
143.76 81.74 144.72 80.65 145.2 79.67 curveto
145.34 79.37 145.46 79.07 145.59 78.76 curveto
146.39 76.86 147.97 75.28 148.8 73.38 curveto
148.89 73.17 148.84 72.9 148.94 72.69 curveto
149.24 72.05 149.81 71.34 150.17 70.72 curveto
150.32 70.46 150.46 70.18 150.68 69.99 curveto
151.52 69.28 152.81 69.48 153.74 69.07 curveto
154.2 68.87 154.44 68.34 154.86 68.07 curveto
155.08 67.93 155.34 67.87 155.58 67.78 curveto
156.73 67.37 158 66.74 158.7 65.69 curveto
158.12 64.89 157.01 64.64 156.25 64.06 curveto
154.87 63.01 153.59 61.69 152.29 60.54 curveto
152.1 60.37 151.91 60.21 151.74 60.02 curveto
150.86 59.03 150.23 57.61 149.59 56.44 curveto
149.44 56.14 149.17 55.88 149.12 55.55 curveto
149.08 55.31 149.33 55.11 149.34 54.87 curveto
149.35 54.64 149.27 54.42 149.19 54.21 curveto
149.1 54 148.95 53.82 148.83 53.63 curveto
148.04 52.31 146.52 51.06 145.23 50.2 curveto
144.99 50.04 144.74 49.9 144.47 49.8 curveto
143.97 49.63 143.42 49.51 142.94 49.22 curveto
142.67 49.05 142.38 48.88 142.11 48.7 curveto
141.28 48.13 140.62 47.25 139.72 46.73 curveto
138.82 46.21 137.7 46.05 136.82 45.48 curveto
135.91 44.89 135.15 44.01 134.19 43.48 curveto
133.28 42.97 132.01 42.85 131.02 42.55 curveto
129.05 41.97 126.97 41.27 125.24 40.13 curveto stroke
newpath 125.24 40.13 moveto
124.6 39.96 124.37 39.84 124.15 39.72 curveto
123.85 39.57 123.57 39.41 123.27 39.25 curveto
122.37 38.79 121.3 38.65 120.37 38.26 curveto
120.15 38.16 119.94 38.03 119.73 37.92 curveto
118.55 37.34 117.17 37.2 115.95 36.78 curveto
113.66 35.98 111.47 34.63 109.32 33.55 curveto
109.03 33.4 108.71 33.29 108.4 33.17 curveto
107.71 32.92 107.01 32.6 106.31 32.39 curveto
106.02 32.3 105.7 32.23 105.44 32.08 curveto
105.22 31.94 105.08 31.7 104.88 31.54 curveto
104 30.87 102.96 30.31 101.99 29.78 curveto
101.74 29.65 101.46 29.55 101.24 29.36 curveto
100.88 29.04 100.63 28.41 100.05 28.03 curveto
99.13 27.43 97.97 27.09 97.2 26.29 curveto
96.99 26.07 96.81 25.82 96.58 25.63 curveto
96.38 25.46 96.15 25.33 95.91 25.21 curveto
94.64 24.55 93.25 23.85 92.22 22.81 curveto
92.02 22.61 91.93 22.32 91.75 22.1 curveto
91.2 21.46 90.31 21.12 89.78 20.47 curveto
89.62 20.28 89.52 20.04 89.42 19.8 curveto
89.32 19.54 89.3 19.25 89.19 18.99 curveto
89.09 18.77 88.87 18.6 88.79 18.36 curveto
88.61 17.84 88.42 16.62 88.7 16.1 curveto
88.82 15.88 89.1 15.78 89.22 15.56 curveto
89.43 15.22 89.57 14.5 89.28 14.13 curveto
88.86 13.59 87.83 13.64 87.33 13.04 curveto
85.52 10.86 83.74 8.4 81.38 6.76 curveto
80.22 5.95 78.24 6.17 77.33 4.96 curveto
76.73 4.18 76.96 3.01 76.69 2.08 curveto
76.42 1.17 76.32 0.11 75.74 -0.66 curveto
75.47 -0.6 75.19 -0.56 74.92 -0.47 curveto
73.98 -0.16 73.53 0.92 72.82 1.49 curveto
71.68 2.41 69.91 2.37 68.73 3.22 curveto
68.39 3.46 68.04 3.86 67.56 3.93 curveto
66.82 4.03 66.1 3.46 65.4 3.52 curveto
65.15 3.55 64.94 3.7 64.71 3.78 curveto
63.88 4.06 62.93 4.21 62.05 4.06 curveto
61.66 3.99 60.05 3.43 59.66 3.86 curveto
59.48 4.06 59.65 4.4 59.59 4.67 curveto
59.47 5.17 59.37 5.7 59.1 6.14 curveto
58.61 6.92 57.33 7.57 56.49 7.83 curveto
55.06 8.28 53.44 8.29 51.96 8.07 curveto
50.89 7.91 49.46 7.34 48.39 7.5 curveto
47.03 7.71 45.94 8.82 44.99 9.71 curveto stroke
newpath -174.32 109.22 moveto
-175.53 110 -176.89 110.99 -178.39 111.04 curveto stroke
showpage
%%EOF
