%!PS
%%BoundingBox: -247 -261 247 258 
%%HiResBoundingBox: -246.92667 -260.41667 246.47838 257.19942 
%%Creator: MetaPost 1.209
%%CreationDate: 2018.11.10:1625
%%Pages: 1
%%BeginProlog
%%EndProlog
%%Page: 1 1
 0 0 0 setrgbcolor 0 0.33333 dtransform truncate idtransform setlinewidth pop
 [] 0 setdash 1 setlinecap 1 setlinejoin 10 setmiterlimit
newpath -43.53 -182.69 moveto
-43.15 -182.69 -41.61 -184.42 -40.08 -183.84 curveto
-38.54 -183.26 -33.45 -181.44 -31.53 -180.77 curveto
-29.61 -180.09 -27.5 -177.31 -15.5 -177.21 curveto
-3.5 -177.12 2.26 -168.57 4.08 -166.65 curveto
5.91 -164.73 14.55 -155.32 16.37 -152.44 curveto
18.2 -149.56 24.05 -140.54 24.53 -138.62 curveto
25.01 -136.7 30.86 -120 33.46 -116.44 curveto
36.05 -112.89 39.42 -99.49 41.48 -94.8 curveto
43.79 -89.54 48.14 -79.2 50.25 -76.03 curveto
52.36 -72.87 57.74 -56.16 59.18 -52.8 curveto
60.62 -49.44 66.39 -27.07 67.16 -23.13 curveto
67.92 -19.19 71.48 -2.87 72.53 0.49 curveto
73.59 3.85 79.06 19.11 81.65 24.29 curveto
84.24 29.48 90.67 39.75 92.78 42.34 curveto
94.9 44.93 98.16 50.31 99.31 52.51 curveto
100.46 54.72 102.83 61.44 103.31 63.36 curveto
103.79 65.28 107.76 71.13 110.55 74.88 curveto
113.33 78.62 119.86 83.23 123.22 86.49 curveto
126.58 89.76 145.49 103.77 147.22 105.31 curveto
148.95 106.85 155.48 114.81 157.01 117.69 curveto
158.55 120.57 159.89 126.62 161.33 130.56 curveto
162.77 134.49 163.06 140.25 164.69 143.13 curveto
166.32 146.01 167.18 151.58 169.2 154.46 curveto
171.22 157.34 178.32 160.31 181.88 162.24 curveto
185.43 164.16 190.81 168.2 193.4 170.5 curveto
195.99 172.81 204.15 177.6 206.74 179.14 curveto
209.33 180.68 221.04 187.97 225.17 190.56 curveto
229.29 193.16 236.3 196.13 237.36 198.24 curveto
238.41 200.35 242.92 209.95 243.59 212.16 curveto
244.27 214.37 245.8 223.01 246.28 226.36 curveto
246.76 229.72 241.68 235.58 238.51 238.08 curveto
235.34 240.57 233.9 242.97 232.66 245.47 curveto
231.41 247.96 228.91 251.23 224.98 255.74 curveto
221.04 260.25 215.76 251.61 213.94 250.36 curveto
212.11 249.12 204.24 241.25 202.42 239.13 curveto
200.6 237.02 197.62 233.09 195.41 231.07 curveto
193.2 229.05 184.76 219.17 182.55 217.34 curveto
180.34 215.52 174.78 212.06 170.65 209.09 curveto
166.53 206.11 168.54 201.22 169.02 198.92 curveto
169.5 196.61 168.63 187.31 166.81 184.14 curveto
164.98 180.97 161.04 179.34 153.55 168.96 curveto
146.06 158.59 125.91 154.46 121.2 153.6 curveto
116.5 152.73 107.67 152.54 100.18 153.5 curveto
92.69 154.46 86.07 152.16 81.56 150.91 curveto
77.04 149.66 69.46 143.71 67.44 140.93 curveto
65.43 138.14 57.08 126.82 54.87 123.07 curveto
52.66 119.33 46.61 114.91 43.92 109.92 curveto
41.24 104.93 43.25 96.67 44.02 93.6 curveto
44.79 90.53 49.3 77.47 50.35 75.84 curveto
51.41 74.21 56.02 69.12 59.38 67.58 curveto
62.74 66.05 63.31 64.22 63.03 61.44 curveto
62.74 58.66 60.24 50.4 59.28 46.56 curveto
58.32 42.72 52.66 17 51.51 14.02 curveto
50.36 11.05 47.95 -5.17 46.9 -10.84 curveto
45.84 -16.5 42.29 -30.91 41.71 -34.56 curveto
41.13 -38.2 36.72 -53.76 35.28 -57.5 curveto
33.84 -61.25 24.33 -80.06 23.28 -83.04 curveto
22.22 -86.02 14.93 -102.81 13.87 -105.02 curveto
12.82 -107.23 3.7 -128.25 1.59 -131.71 curveto
-0.53 -135.16 -2.64 -138.52 -9.84 -147.93 curveto
-17.04 -157.34 -24.43 -156.86 -30.38 -159.26 curveto
-36.33 -161.66 -50.51 -160.18 -54.63 -158.92 curveto
-58.82 -157.64 -63.69 -152.35 -66.57 -150.92 curveto
-69.45 -149.48 -75.98 -146.98 -81.16 -146.21 curveto
-86.35 -145.44 -99.12 -148.8 -102 -149.76 curveto
-104.88 -150.72 -120.91 -157.73 -124.27 -159.17 curveto
-127.63 -160.6 -128.4 -166.36 -130.32 -168.76 curveto
-132.24 -171.16 -142.32 -179.42 -144.33 -181.24 curveto
-146.35 -183.07 -153.26 -191.9 -155.66 -194.01 curveto
-158.06 -196.12 -164.01 -200.73 -166.51 -201.21 curveto
-169 -201.69 -175.06 -200.72 -179.67 -199.57 curveto
-184.28 -198.42 -177.94 -187.86 -176.79 -186.13 curveto
-175.64 -184.4 -172.76 -177.68 -172.18 -175.76 curveto stroke
 0 0 1 setrgbcolor 0 0.23332 dtransform truncate idtransform setlinewidth pop
newpath -43.53 -182.69 moveto
-43.15 -182.69 -41.61 -184.42 -40.08 -183.84 curveto
-38.54 -183.26 -33.45 -181.44 -31.53 -180.77 curveto
-29.61 -180.1 -27.5 -177.31 -15.5 -177.21 curveto
-3.5 -177.12 2.26 -168.57 4.08 -166.65 curveto
5.91 -164.73 14.55 -155.32 16.37 -152.44 curveto
18.2 -149.56 24.05 -140.54 24.53 -138.62 curveto
25.01 -136.7 30.86 -120 33.46 -116.44 curveto
36.05 -112.89 39.42 -99.49 41.48 -94.8 curveto
43.79 -89.54 48.14 -79.2 50.25 -76.03 curveto
52.37 -72.87 57.74 -56.16 59.18 -52.8 curveto
60.62 -49.44 66.39 -27.07 67.16 -23.13 curveto
67.92 -19.19 71.48 -2.87 72.53 0.49 curveto
73.59 3.85 79.06 19.11 81.65 24.29 curveto
84.24 29.48 90.67 39.75 92.78 42.34 curveto
94.9 44.93 98.16 50.31 99.31 52.51 curveto
100.46 54.72 102.83 61.44 103.31 63.36 curveto
103.79 65.28 107.76 71.13 110.55 74.88 curveto
113.33 78.62 119.86 83.23 123.22 86.49 curveto
126.58 89.76 145.49 103.77 147.22 105.31 curveto
148.95 106.85 155.48 114.81 157.01 117.69 curveto
158.55 120.57 159.89 126.62 161.33 130.56 curveto
162.77 134.49 163.06 140.25 164.69 143.13 curveto
166.32 146.01 167.18 151.58 169.2 154.46 curveto
171.22 157.34 178.32 160.31 181.88 162.24 curveto
185.43 164.16 190.81 168.2 193.4 170.5 curveto
195.99 172.81 204.15 177.6 206.74 179.14 curveto
209.33 180.68 221.04 187.97 225.17 190.56 curveto
229.29 193.16 236.3 196.13 237.36 198.24 curveto
238.41 200.35 242.92 209.95 243.59 212.16 curveto
244.27 214.37 245.8 223.01 246.28 226.36 curveto
246.76 229.72 241.68 235.58 238.51 238.08 curveto
235.34 240.57 233.9 242.97 232.66 245.47 curveto
231.41 247.96 228.91 251.23 224.98 255.74 curveto
221.04 260.25 215.76 251.61 213.94 250.36 curveto
212.11 249.12 204.24 241.25 202.42 239.13 curveto
200.6 237.02 197.62 233.09 195.41 231.07 curveto
193.2 229.05 184.76 219.17 182.55 217.34 curveto
180.34 215.52 174.78 212.06 170.65 209.09 curveto
166.52 206.11 168.54 201.22 169.02 198.92 curveto
169.5 196.61 168.63 187.31 166.81 184.14 curveto
164.98 180.97 161.04 179.34 153.55 168.96 curveto
146.06 158.59 125.91 154.46 121.2 153.6 curveto
116.5 152.73 107.67 152.54 100.18 153.5 curveto
92.69 154.46 86.07 152.16 81.56 150.91 curveto
77.04 149.66 69.46 143.71 67.44 140.93 curveto
65.43 138.14 57.08 126.82 54.87 123.07 curveto
52.66 119.33 46.61 114.91 43.92 109.92 curveto
41.24 104.93 43.25 96.67 44.02 93.6 curveto
44.79 90.53 49.3 77.47 50.35 75.84 curveto
51.41 74.21 56.02 69.12 59.38 67.58 curveto
62.74 66.05 63.31 64.22 63.03 61.44 curveto
62.74 58.66 60.24 50.4 59.28 46.56 curveto
58.32 42.72 52.66 17 51.51 14.02 curveto
50.36 11.05 47.95 -5.17 46.9 -10.84 curveto
45.84 -16.5 42.29 -30.91 41.71 -34.56 curveto
41.13 -38.21 36.72 -53.76 35.28 -57.5 curveto
33.84 -61.25 24.33 -80.06 23.28 -83.04 curveto
22.22 -86.02 14.93 -102.81 13.87 -105.02 curveto
12.82 -107.23 3.7 -128.25 1.59 -131.71 curveto
-0.53 -135.16 -2.64 -138.52 -9.84 -147.93 curveto
-17.04 -157.34 -24.43 -156.86 -30.38 -159.26 curveto
-36.33 -161.66 -50.51 -160.18 -54.63 -158.92 curveto
-58.82 -157.64 -63.69 -152.36 -66.57 -150.92 curveto
-69.45 -149.48 -75.98 -146.98 -81.16 -146.21 curveto
-86.35 -145.44 -99.12 -148.8 -102 -149.76 curveto
-104.88 -150.72 -120.91 -157.73 -124.27 -159.17 curveto
-127.63 -160.61 -128.39 -166.37 -130.31 -168.77 curveto
-132.23 -171.17 -142.31 -179.42 -144.33 -181.24 curveto
-146.35 -183.07 -153.26 -191.9 -155.66 -194.01 curveto
-158.06 -196.12 -164.01 -200.73 -166.51 -201.21 curveto
-169 -201.69 -175.06 -200.72 -179.67 -199.57 curveto
-184.28 -198.42 -177.94 -187.86 -176.79 -186.13 curveto
-175.64 -184.4 -172.76 -177.68 -172.18 -175.76 curveto stroke
 1 0 0 setrgbcolor
newpath -43.54 -182.69 moveto
-43.15 -182.69 -41.62 -184.41 -40.08 -183.84 curveto
-38.54 -183.26 -33.46 -181.44 -31.54 -180.77 curveto
-29.62 -180.09 -27.5 -177.31 -15.5 -177.21 curveto
-3.5 -177.12 2.26 -168.57 4.08 -166.65 curveto
5.9 -164.73 14.54 -155.33 16.37 -152.45 curveto
18.19 -149.57 24.05 -140.54 24.53 -138.62 curveto
25.01 -136.7 30.86 -120 33.46 -116.45 curveto
36.05 -112.89 39.43 -99.49 41.48 -94.8 curveto
43.8 -89.54 48.15 -79.2 50.26 -76.03 curveto
52.37 -72.86 57.75 -56.16 59.19 -52.8 curveto
60.63 -49.44 66.39 -27.07 67.15 -23.13 curveto
67.92 -19.2 71.47 -2.88 72.53 0.48 curveto
73.59 3.84 79.06 19.11 81.65 24.29 curveto
84.24 29.47 90.67 39.75 92.79 42.34 curveto
94.9 44.93 98.16 50.31 99.31 52.51 curveto
100.47 54.72 102.83 61.45 103.31 63.37 curveto
103.79 65.29 107.76 71.14 110.55 74.88 curveto
113.33 78.63 119.86 83.23 123.22 86.5 curveto
126.58 89.76 145.49 103.78 147.22 105.31 curveto
148.95 106.85 155.48 114.82 157.01 117.7 curveto
158.55 120.58 159.89 126.62 161.33 130.56 curveto
162.77 134.5 163.06 140.26 164.69 143.14 curveto
166.32 146.02 167.19 151.58 169.2 154.46 curveto
171.22 157.34 178.32 160.32 181.88 162.24 curveto
185.43 164.16 190.8 168.19 193.4 170.5 curveto
195.99 172.8 204.15 177.6 206.74 179.14 curveto
209.33 180.67 221.04 187.97 225.17 190.56 curveto
229.3 193.15 236.31 196.13 237.36 198.24 curveto
238.42 200.35 242.93 209.95 243.6 212.16 curveto
244.28 214.37 245.81 223.01 246.29 226.37 curveto
246.77 229.73 241.68 235.58 238.52 238.08 curveto
235.35 240.58 233.91 242.98 232.66 245.47 curveto
231.41 247.97 228.92 251.23 224.98 255.74 curveto
221.04 260.26 215.76 251.62 213.94 250.37 curveto
212.12 249.12 204.24 241.25 202.42 239.14 curveto
200.6 237.02 197.62 233.09 195.41 231.07 curveto
193.2 229.06 184.76 219.17 182.55 217.34 curveto
180.34 215.52 174.77 212.06 170.64 209.09 curveto
166.52 206.11 168.53 201.22 169.01 198.91 curveto
169.49 196.61 168.63 187.3 166.8 184.13 curveto
164.98 180.96 161.04 179.33 153.56 168.96 curveto
146.07 158.59 125.91 154.47 121.2 153.6 curveto
116.5 152.74 107.67 152.55 100.18 153.51 curveto
92.69 154.47 86.07 152.16 81.56 150.91 curveto
77.04 149.67 69.46 143.71 67.44 140.93 curveto
65.43 138.15 57.08 126.82 54.87 123.07 curveto
52.66 119.33 46.61 114.91 43.92 109.92 curveto
41.23 104.93 43.25 96.67 44.02 93.6 curveto
44.79 90.53 49.3 77.47 50.35 75.84 curveto
51.41 74.21 56.02 69.12 59.38 67.59 curveto
62.74 66.05 63.31 64.23 63.03 61.44 curveto
62.74 58.66 60.24 50.4 59.28 46.56 curveto
58.32 42.72 52.66 16.99 51.51 14.02 curveto
50.35 11.04 47.95 -5.18 46.9 -10.85 curveto
45.84 -16.51 42.29 -30.91 41.71 -34.56 curveto
41.14 -38.21 36.72 -53.76 35.28 -57.5 curveto
33.84 -61.25 24.34 -80.06 23.28 -83.04 curveto
22.23 -86.01 14.93 -102.81 13.87 -105.02 curveto
12.82 -107.23 3.7 -128.25 1.58 -131.71 curveto
-0.53 -135.17 -2.64 -138.53 -9.84 -147.93 curveto
-17.04 -157.34 -24.43 -156.86 -30.38 -159.26 curveto
-36.34 -161.66 -50.52 -160.18 -54.63 -158.92 curveto
-58.82 -157.64 -63.7 -152.35 -66.58 -150.91 curveto
-69.46 -149.47 -75.98 -146.97 -81.17 -146.21 curveto
-86.35 -145.44 -99.12 -148.8 -102 -149.76 curveto
-104.88 -150.72 -120.91 -157.72 -124.27 -159.16 curveto
-127.63 -160.6 -128.4 -166.36 -130.32 -168.76 curveto
-132.24 -171.16 -142.32 -179.42 -144.34 -181.24 curveto
-146.35 -183.07 -153.26 -191.9 -155.66 -194.01 curveto
-158.06 -196.12 -164.02 -200.73 -166.51 -201.21 curveto
-169.01 -201.69 -175.06 -200.73 -179.66 -199.58 curveto
-184.27 -198.43 -177.94 -187.87 -176.78 -186.14 curveto
-175.63 -184.41 -172.75 -177.69 -172.18 -175.77 curveto stroke
 0 0 0 setrgbcolor 0 0.33333 dtransform truncate idtransform setlinewidth pop
newpath -89.24 -189.21 moveto
-88.09 -188.45 -82.42 -188.35 -80.31 -188.16 curveto
-78.19 -187.97 -70.7 -185.57 -69.36 -184.9 curveto
-68.01 -184.23 -63.98 -183.36 -61.29 -182.4 curveto
-58.6 -181.44 -54.22 -180.92 -52.11 -181.21 curveto stroke
 0 0 1 setrgbcolor 0 0.23332 dtransform truncate idtransform setlinewidth pop
newpath -89.23 -189.22 moveto
-88.08 -188.45 -82.42 -188.36 -80.3 -188.17 curveto
-78.19 -187.97 -70.7 -185.57 -69.36 -184.9 curveto
-68.01 -184.23 -63.98 -183.36 -61.29 -182.4 curveto
-58.6 -181.44 -54.22 -180.92 -52.11 -181.21 curveto stroke
 1 0 0 setrgbcolor
newpath -89.23 -189.21 moveto
-88.08 -188.45 -82.42 -188.35 -80.3 -188.16 curveto
-78.19 -187.97 -70.7 -185.57 -69.36 -184.89 curveto
-68.02 -184.22 -63.98 -183.36 -61.3 -182.4 curveto
-58.61 -181.44 -54.23 -180.92 -52.12 -181.2 curveto stroke
 0 0 0 setrgbcolor 0 0.33333 dtransform truncate idtransform setlinewidth pop
newpath -52.11 -181.21 moveto
-52.11 -181.21 -49.03 -181.78 -47.66 -181.78 curveto
-46.28 -181.78 -44.44 -182.11 -43.53 -182.69 curveto stroke
 0 0 1 setrgbcolor 0 0.23332 dtransform truncate idtransform setlinewidth pop
newpath -52.11 -181.21 moveto
-52.11 -181.21 -49.03 -181.78 -47.65 -181.78 curveto
-46.28 -181.78 -44.44 -182.11 -43.53 -182.69 curveto stroke
 1 0 0 setrgbcolor
newpath -52.12 -181.2 moveto
-52.12 -181.2 -49.03 -181.78 -47.66 -181.78 curveto
-46.29 -181.78 -44.44 -182.11 -43.54 -182.69 curveto stroke
 0 0 0 setrgbcolor 0 0.33333 dtransform truncate idtransform setlinewidth pop
newpath -224.68 -260.25 moveto
-224.68 -260.25 -222.95 -258.14 -221.8 -257.18 curveto
-220.65 -256.22 -207.98 -249.4 -207.4 -248.92 curveto
-206.83 -248.44 -197.13 -243.45 -195.21 -242.01 curveto
-193.29 -240.57 -189.83 -239.51 -189.35 -239.99 curveto
-188.87 -240.47 -185.23 -240.18 -183.11 -240.66 curveto
-181 -241.14 -176.49 -239.7 -175.05 -239.22 curveto
-173.61 -238.74 -171.31 -237.3 -169.29 -235.48 curveto
-167.28 -233.65 -168.33 -230.39 -168.24 -228.56 curveto
-168.14 -226.74 -168.33 -227.32 -166.99 -226.55 curveto
-165.64 -225.78 -157.29 -221.46 -155.09 -220.31 curveto
-152.88 -219.16 -148.08 -217.14 -146.16 -215.7 curveto
-144.24 -214.26 -139.82 -209.18 -138.48 -207.54 curveto
-137.13 -205.91 -131.57 -200.73 -129.74 -198.14 curveto
-127.92 -195.55 -119.76 -187.39 -118.22 -185.47 curveto
-116.69 -183.55 -112.37 -181.15 -109.68 -179.9 curveto
-106.99 -178.65 -107.09 -179.52 -105.55 -180.09 curveto
-104.02 -180.67 -99.99 -183.26 -99.32 -184.99 curveto
-98.65 -186.72 -94.81 -189.31 -94.81 -189.31 curveto stroke
 0 0 1 setrgbcolor 0 0.23332 dtransform truncate idtransform setlinewidth pop
newpath -224.68 -260.25 moveto
-224.68 -260.25 -222.95 -258.14 -221.8 -257.18 curveto
-220.65 -256.22 -207.98 -249.4 -207.4 -248.92 curveto
-206.83 -248.44 -197.13 -243.45 -195.21 -242.01 curveto
-193.29 -240.57 -189.83 -239.51 -189.35 -239.99 curveto
-188.87 -240.47 -185.23 -240.18 -183.11 -240.66 curveto
-181 -241.14 -176.49 -239.7 -175.05 -239.22 curveto
-173.61 -238.74 -171.31 -237.3 -169.29 -235.48 curveto
-167.28 -233.65 -168.33 -230.39 -168.24 -228.56 curveto
-168.14 -226.74 -168.33 -227.32 -166.99 -226.55 curveto
-165.64 -225.78 -157.29 -221.46 -155.09 -220.31 curveto
-152.88 -219.16 -148.08 -217.14 -146.16 -215.7 curveto
-144.24 -214.26 -139.82 -209.18 -138.48 -207.55 curveto
-137.13 -205.91 -131.57 -200.73 -129.74 -198.14 curveto
-127.92 -195.55 -119.76 -187.39 -118.22 -185.47 curveto
-116.68 -183.55 -112.36 -181.15 -109.68 -179.9 curveto
-106.99 -178.66 -107.09 -179.52 -105.55 -180.1 curveto
-104.01 -180.67 -99.99 -183.27 -99.31 -184.99 curveto
-98.64 -186.72 -94.8 -189.32 -94.8 -189.32 curveto stroke
 1 0 0 setrgbcolor
newpath -224.69 -260.25 moveto
-224.69 -260.25 -222.96 -258.14 -221.81 -257.18 curveto
-220.66 -256.22 -207.98 -249.4 -207.41 -248.92 curveto
-206.83 -248.44 -197.14 -243.45 -195.22 -242.01 curveto
-193.3 -240.57 -189.84 -239.52 -189.36 -240 curveto
-188.88 -240.48 -185.23 -240.19 -183.12 -240.67 curveto
-181.01 -241.15 -176.5 -239.71 -175.06 -239.23 curveto
-173.62 -238.75 -171.31 -237.31 -169.3 -235.48 curveto
-167.28 -233.66 -168.34 -230.4 -168.24 -228.57 curveto
-168.14 -226.75 -168.34 -227.32 -166.99 -226.56 curveto
-165.65 -225.79 -157.3 -221.47 -155.09 -220.32 curveto
-152.88 -219.16 -148.08 -217.15 -146.16 -215.71 curveto
-144.24 -214.27 -139.82 -209.18 -138.48 -207.55 curveto
-137.14 -205.92 -131.57 -200.73 -129.74 -198.14 curveto
-127.92 -195.55 -119.76 -187.39 -118.22 -185.47 curveto
-116.69 -183.55 -112.37 -181.15 -109.68 -179.9 curveto
-106.99 -178.65 -107.09 -179.52 -105.55 -180.09 curveto
-104.02 -180.67 -99.98 -183.26 -99.31 -184.99 curveto
-98.64 -186.72 -94.8 -189.31 -94.8 -189.31 curveto stroke
 0 0 0 setrgbcolor 0 0.33333 dtransform truncate idtransform setlinewidth pop
newpath -215.87 -198.72 moveto
-215.87 -200.35 -215.77 -206.59 -215.38 -208.22 curveto
-215 -209.85 -213.75 -216.09 -217.3 -221.09 curveto
-220.85 -226.08 -231.31 -236.54 -233.61 -238.08 curveto
-235.92 -239.61 -245.71 -247.58 -246.76 -248.45 curveto stroke
 0 0 1 setrgbcolor 0 0.23332 dtransform truncate idtransform setlinewidth pop
newpath -215.87 -198.72 moveto
-215.87 -200.35 -215.77 -206.59 -215.38 -208.22 curveto
-215 -209.85 -213.75 -216.09 -217.3 -221.09 curveto
-220.85 -226.08 -231.31 -236.54 -233.61 -238.08 curveto
-235.92 -239.61 -245.71 -247.58 -246.76 -248.45 curveto stroke
 1 0 0 setrgbcolor
newpath -215.86 -198.72 moveto
-215.86 -200.35 -215.76 -206.59 -215.38 -208.22 curveto
-214.99 -209.85 -213.74 -216.09 -217.3 -221.08 curveto
-220.85 -226.08 -231.31 -236.54 -233.62 -238.08 curveto
-235.92 -239.61 -245.71 -247.58 -246.77 -248.44 curveto stroke
 0 0 0 setrgbcolor 0 0.33333 dtransform truncate idtransform setlinewidth pop
newpath -213.57 -170.87 moveto
-213.57 -172.03 -213.47 -175.87 -213.95 -179.04 curveto
-214.43 -182.2 -214.53 -186.52 -214.53 -187.58 curveto
-214.53 -188.64 -214.72 -188.73 -214.81 -189.21 curveto stroke
 0 0 1 setrgbcolor 0 0.23332 dtransform truncate idtransform setlinewidth pop
newpath -213.57 -170.87 moveto
-213.57 -172.03 -213.47 -175.87 -213.95 -179.04 curveto
-214.43 -182.2 -214.53 -186.52 -214.53 -187.58 curveto
-214.53 -188.64 -214.72 -188.73 -214.81 -189.21 curveto stroke
 1 0 0 setrgbcolor
newpath -213.55 -170.88 moveto
-213.55 -172.03 -213.46 -175.87 -213.94 -179.04 curveto
-214.42 -182.2 -214.51 -186.52 -214.51 -187.58 curveto
-214.51 -188.64 -214.7 -188.73 -214.8 -189.21 curveto stroke
 0 0 0 setrgbcolor 0 0.33333 dtransform truncate idtransform setlinewidth pop
newpath -171.51 -159.83 moveto
-173.24 -156.95 -174.2 -152.91 -176.6 -150.61 curveto
-179 -148.3 -182.17 -144.18 -187.65 -144.37 curveto
-193.12 -144.56 -201.57 -146.2 -203.4 -146.77 curveto
-205.22 -147.35 -205.6 -148.21 -205.6 -148.21 curveto stroke
 0 0 1 setrgbcolor 0 0.23332 dtransform truncate idtransform setlinewidth pop
newpath -171.51 -159.83 moveto
-173.24 -156.95 -174.2 -152.91 -176.6 -150.61 curveto
-179 -148.31 -182.17 -144.18 -187.65 -144.37 curveto
-193.12 -144.56 -201.57 -146.2 -203.4 -146.77 curveto
-205.22 -147.35 -205.6 -148.21 -205.6 -148.21 curveto stroke
 1 0 0 setrgbcolor
newpath -171.5 -159.84 moveto
-173.23 -156.96 -174.19 -152.92 -176.59 -150.62 curveto
-178.99 -148.32 -182.16 -144.19 -187.63 -144.38 curveto
-193.1 -144.57 -201.55 -146.2 -203.38 -146.78 curveto
-205.2 -147.36 -205.58 -148.22 -205.58 -148.22 curveto stroke
 0 0 0 setrgbcolor 0 3.98505 dtransform truncate idtransform setlinewidth pop
newpath 153.55 168.96 moveto 0 0 rlineto stroke
newpath 161.04 179.34 moveto 0 0 rlineto stroke
 0 0.23332 dtransform truncate idtransform setlinewidth pop
newpath 153.55 168.96 moveto
161.04 179.34 lineto stroke
 1 0.85 0 setrgbcolor 0 3.98505
 dtransform truncate idtransform setlinewidth pop
newpath 153.56 168.96 moveto 0 0 rlineto stroke
newpath 161.04 179.33 moveto 0 0 rlineto stroke
 0 0.23332 dtransform truncate idtransform setlinewidth pop
newpath 153.55 168.96 moveto
153.56 168.96 lineto
161.04 179.33 lineto
161.04 179.34 lineto stroke
showpage
%%EOF
