%!PS
%%BoundingBox: -115 -224 115 224 
%%HiResBoundingBox: -114.5841 -223.31001 114.11143 223.98001 
%%Creator: MetaPost 1.209
%%CreationDate: 2019.09.26:1811
%%Pages: 1
%%BeginProlog
%%EndProlog
%%Page: 1 1
 0 0 0 setrgbcolor 0 0.7 dtransform truncate idtransform setlinewidth pop
 [] 0 setdash 1 setlinecap 1 setlinejoin 10 setmiterlimit
newpath 91.03 -199.13 moveto
89.76 -199.53 80.41 -202.46 75.32 -198.87 curveto
70.23 -195.27 69.28 -189.57 65.73 -190.32 curveto
62.18 -191.08 50.94 -191.68 48.5 -188.72 curveto
46.07 -185.76 35.02 -177.07 35.02 -177.07 curveto
35.02 -177.07 26.45 -170.18 25.64 -169.24 curveto
24.84 -168.3 9.97 -157.49 9.97 -157.49 curveto
9.97 -157.49 4.49 -149.6 2.46 -147.91 curveto stroke
newpath 64.37 -215.45 moveto
64.37 -215.45 65.55 -214.19 67.86 -215.72 curveto
70.16 -217.24 74.76 -220.3 75.65 -220.51 curveto
76.53 -220.72 79.05 -222.96 80.64 -222.96 curveto
82.23 -222.96 86.21 -220.59 86.68 -219.39 curveto
87.15 -218.19 87.36 -214.13 89.19 -213.53 curveto
91.02 -212.94 95.37 -211.39 97.53 -211.34 curveto
99.7 -211.29 106.77 -211.09 108.14 -210.24 curveto
109.51 -209.4 113.49 -207.01 113.73 -204.82 curveto
113.97 -202.63 112.8 -199.26 111.45 -197.94 curveto stroke
newpath 91.03 -199.13 moveto
91.03 -199.13 87.96 -193.9 87.72 -191.18 curveto
87.47 -188.45 86.34 -183.92 87.34 -182.17 curveto
88.34 -180.41 90.98 -178.44 94.81 -180.05 curveto
98.64 -181.66 100.87 -182.33 101.69 -183.41 curveto
102.51 -184.49 103.27 -186.52 103.27 -186.52 curveto
104.57 -185.61 lineto stroke
newpath 106.42 -191.01 moveto
106.42 -191.01 104.77 -189.5 104.91 -188.69 curveto
105.06 -187.88 106.44 -187.18 106.44 -187.18 curveto stroke
newpath 0.32 -148.25 moveto
4.38 -153.23 lineto
4.38 -153.23 4.03 -154.13 -0.37 -151.78 curveto
-4.78 -149.43 -7.85 -145.81 -8.19 -145.26 curveto
-8.53 -144.71 -14.83 -139.22 -16.31 -138.77 curveto
-17.8 -138.33 -25.85 -133.86 -27.48 -131.84 curveto
-29.11 -129.81 -36.03 -125.22 -35.9 -121.88 curveto
-35.78 -118.54 -34.77 -109.06 -35.4 -106.81 curveto
-36.04 -104.56 -39.78 -92.03 -40.83 -88.36 curveto
-41.89 -84.7 -48.22 -72.25 -49.52 -70.63 curveto
-50.82 -69.01 -50.34 -63.18 -50.64 -61.47 curveto
-50.94 -59.77 -51.23 -55.02 -54.38 -52.13 curveto
-57.53 -49.24 -54.28 -43.61 -53.54 -42.09 curveto
-52.81 -40.58 -48.05 -27.71 -47.54 -25.35 curveto
-47.03 -22.98 -43.49 -12.54 -42.3 -11.27 curveto
-41.12 -10.01 -34.68 0.26 -34.02 1.04 curveto
-33.37 1.83 -31.18 6.36 -33.01 7.35 curveto
-34.83 8.34 -34.89 10.65 -34.25 11.57 curveto
-33.62 12.5 -31.8 14.83 -31.74 15.7 curveto stroke
newpath -31.74 15.7 moveto
-31.74 15.7 -31.83 17.03 -28.77 14.81 curveto
-25.21 12.24 -25.08 12.39 -24.29 13.19 curveto
-23.49 13.98 -21.91 15.71 -23.73 16.7 curveto
-25.56 17.7 -28.43 20.76 -28.58 22.34 curveto
-28.72 23.92 -27.82 26.75 -26.72 27.42 curveto
-25.62 28.1 -23.49 34.81 -23.32 36.13 curveto
-23.15 37.45 -23.29 42.07 -24.64 42.67 curveto
-26 43.27 -29 44.59 -25.73 45.17 curveto
-22.46 45.76 -16.04 48.22 -14.32 48.37 curveto
-12.6 48.53 -7.47 50.87 -5.61 52.77 curveto
-3.76 54.68 2.99 60.06 4.21 60.89 curveto
5.44 61.73 11.96 67.96 13.06 68.64 curveto
14.15 69.32 15.85 76.12 16.41 77.9 curveto
16.98 79.68 20.17 91.43 18.07 93.11 curveto
15.94 94.83 8.24 100.02 6.51 100.53 curveto
4.8 101.05 1.64 98.17 0.78 99.89 curveto
-0.02 101.5 -1.39 107.16 -2.51 107.7 curveto
-3.66 108.24 -12.46 109.41 -13.78 109.58 curveto
-15.09 109.75 -22.54 108.94 -24.72 110.62 curveto
-26.9 112.3 -33.57 117.17 -34.53 118.24 curveto
-35.49 119.31 -41.28 127.33 -42.23 128.26 curveto
-43.18 129.18 -47.25 135.76 -47.76 136.58 curveto
-48.27 137.41 -52 138.66 -52.77 139.17 curveto
-53.54 139.68 -58.6 146.16 -60.07 151.23 curveto
-61.54 156.29 -66.9 162.75 -67.57 163.84 curveto
-68.25 164.93 -72.43 172.79 -73.05 174.9 curveto
-73.68 177.01 -82.14 187.54 -83.09 188.46 curveto
-84.04 189.39 -85.54 193.16 -85.61 193.88 curveto
-85.67 194.6 -87.48 198.49 -87.91 200.04 curveto
-88.34 201.6 -91.66 204.62 -92.61 205.54 curveto
-93.56 206.47 -95.82 210.73 -97.07 211.77 curveto
-98.32 212.82 -103.52 214.38 -104.72 214.85 curveto
-105.92 215.32 -110.23 216.53 -110.2 217.83 curveto
-110.18 219.14 -110.34 222.6 -111.74 223.63 curveto stroke
newpath -42.43 109.72 moveto
-42.43 109.72 -40.45 110.18 -39.39 109.7 curveto
-38.34 109.22 -35.88 109.3 -33.87 109.48 curveto
-31.87 109.67 -31.37 107.41 -31.37 107.41 curveto
-31.37 107.41 -30.82 104.57 -28.48 102.62 curveto
-26.13 100.67 -21.29 103.13 -20.03 103.53 curveto
-18.77 103.93 -14.45 105.93 -9.7 104.49 curveto
-5.19 103.12 -8.2 103.38 -3.58 97.01 curveto
1.27 90.31 4.7 92.89 6.37 93.08 curveto
8.02 93.27 8.8 92.91 12.49 91.14 curveto
16.09 89.41 14.82 87.58 14.82 87.58 curveto
14.82 87.58 11.93 77.93 11.54 75.87 curveto
11.14 73.82 5.12 70.09 4.19 69.14 curveto
3.26 68.19 -3.83 61.9 -4.92 61.08 curveto
-6 60.26 -10.63 58.68 -12.65 57.05 curveto
-14.67 55.42 -21.53 52.92 -22.52 52.69 curveto
-23.51 52.45 -30.54 50.37 -32.49 49.62 curveto
-34.45 48.86 -35.07 50.98 -36.44 53.31 curveto
-37.81 55.65 -36.88 56.6 -36.88 56.6 curveto stroke
newpath -62.91 129.99 moveto
-62.91 129.99 -64.98 132.12 -65.35 132.95 curveto
-65.71 133.79 -65.65 136.25 -65.82 138.12 curveto
-65.99 139.98 -64.18 137.54 -63.28 137.19 curveto
-62.38 136.84 -60.04 134.87 -57.67 135.81 curveto
-55.29 136.76 -51.25 131.93 -51.02 131.08 curveto
-50.8 130.23 -45.68 124.76 -44.74 123.98 curveto
-43.8 123.19 -40.52 118.86 -39.21 117.24 curveto
-37.91 115.62 -35.08 113.13 -35.08 113.13 curveto
-35.08 113.13 -36.22 113.03 -38.95 112.78 curveto
-41.68 112.53 -43.32 113.1 -43.32 113.1 curveto stroke
newpath -63.99 140.3 moveto
-63.99 140.3 -68.07 142.25 -69.42 142.85 curveto
-70.78 143.46 -74.04 145.76 -74.55 146.59 curveto
-75.06 147.41 -81.6 159.1 -82.38 159.75 curveto
-83.16 160.4 -85.72 161.47 -87.05 161.79 curveto
-88.38 162.1 -91.63 162.82 -92.16 163.93 curveto
-92.7 165.04 -93.62 173.63 -93.62 173.63 curveto
-96.26 182.07 lineto
-99.58 188.42 lineto stroke
newpath -97.4 188.33 moveto
-97.05 187.63 -95.09 185.21 -93.89 184.74 curveto
-92.69 184.27 -86.59 180.77 -85.82 180.26 curveto
-85.05 179.75 -80.27 174.83 -79.07 174.36 curveto
-77.87 173.89 -73.62 165.17 -72.69 164.53 curveto
-71.77 163.89 -66.08 153.72 -65.87 153.01 curveto
-65.66 152.31 -63.82 147.85 -60.7 143.79 curveto
-57.59 139.73 -58.92 140.04 -59.91 139.81 curveto
-60.9 139.57 -63.99 140.3 -63.99 140.3 curveto stroke
newpath -114.02 223.28 moveto
-114.02 223.28 -113.07 219.17 -113.15 218.44 curveto
-113.23 217.71 -112.63 215.88 -111.55 215.11 curveto
-110.47 214.34 -106.45 213.1 -105.56 212.89 curveto
-104.67 212.68 -101.67 211.51 -101.06 211.13 curveto
-100.45 210.75 -99.61 207.93 -99.61 207.93 curveto
-97.03 206.58 lineto
-97.03 206.58 -93.38 201.72 -97.66 202.14 curveto
-101.73 202.54 -99.33 203.19 -100.91 203.05 curveto stroke
newpath -114.06 209.23 moveto
-114.06 209.23 -114.72 207 -113.47 204.36 curveto
-112.21 201.73 -110.14 198.02 -110.04 196.87 curveto
-109.93 195.73 -110.4 191.2 -109.43 190.14 curveto
-108.47 189.07 -104.99 185.76 -104.78 185.06 curveto
-104.57 184.36 -103.06 178.85 -103.13 177.98 curveto
-103.19 177.1 -101.04 170.93 -100.54 170.11 curveto
-100.03 169.29 -97.23 163.9 -97.23 163.9 curveto
-97.23 163.9 -94.6 162.11 -100.4 163.76 curveto stroke
newpath -100.4 163.76 moveto
-100.4 163.76 -104.95 164.5 -105.91 162.39 curveto
-106.88 160.28 -105.71 158.5 -104.79 158.01 curveto
-103.88 157.51 -101.38 153.83 -101.38 153.83 curveto stroke
newpath -87.45 150.19 moveto
-87.45 150.19 -89.61 153.31 -90 154.43 curveto
-90.39 155.55 -91.2 158.08 -91.67 158.47 curveto
-92.14 158.87 -92.3 160.59 -90.35 159.9 curveto
-88.41 159.2 -85.49 157.3 -84.99 156.62 curveto
-84.5 155.95 -83.32 152.44 -82.65 151.49 curveto
-81.99 150.54 -80.27 147.51 -80.27 147.51 curveto
-80.27 147.51 -80 144.5 -82.6 146 curveto
-85.19 147.5 -87.45 150.19 -87.45 150.19 curveto closepath stroke
 [6 6 ] 0 setdash
newpath -101.38 153.83 moveto
-101.38 153.83 -97.8 149.53 -96.45 148.93 curveto
-95.09 148.33 -89.78 143.9 -88.98 143.1 curveto
-88.19 142.3 -83.91 138.21 -82.93 136.99 curveto
-81.95 135.78 -80.35 132.6 -79.86 131.92 curveto
-79.36 131.24 -76.15 127.77 -75.25 127.42 curveto
-74.35 127.07 -71.3 126.91 -70.78 125.95 curveto stroke
newpath -61.28 123.2 moveto
-61.28 123.2 -61.48 125.35 -62.16 126.44 curveto
-62.83 127.54 -62.91 129.99 -62.91 129.99 curveto stroke
newpath -61.72 9.81 moveto
-61.72 9.81 -62.98 18.81 -63.01 22.28 curveto
-63.04 25.75 -65.15 33.08 -64.1 34.33 curveto
-63.06 35.58 -58.67 44.66 -58.67 44.66 curveto
-58.67 44.66 -54.75 52.53 -53.11 53.69 curveto
-51.48 54.85 -48.01 59.65 -47.4 60.86 curveto
-46.79 62.08 -44.89 68.05 -44.89 68.05 curveto
-44.89 68.05 -42.19 70.03 -40.82 69.29 curveto
-39.44 68.54 -38.6 68.76 -37.7 66.95 curveto
-36.81 65.15 -36.86 59.49 -36.86 59.49 curveto
-36.88 56.6 lineto stroke
 [] 0 setdash
newpath -75.23 131.91 moveto
-76.92 133.05 lineto
-76.92 133.05 -78.98 136.48 -79.59 136.86 curveto
-80.2 137.24 -80.17 139.99 -80.3 141.43 curveto
-80.43 142.87 -78.52 142.46 -78.52 142.46 curveto
-78.52 142.46 -74.82 140.04 -73.05 139.77 curveto
-71.29 139.49 -69.3 136.78 -68.66 136.12 curveto
-68.03 135.46 -71.72 131.5 -72.25 131.02 curveto
-72.79 130.54 -75.23 131.91 -75.23 131.91 curveto closepath stroke
newpath -61.72 9.81 moveto
-61.72 9.81 -56.43 4.22 -57.66 3.39 curveto
-58.89 2.55 -61.18 -2.43 -61.24 -3.44 curveto
-61.29 -4.46 -63.05 -18.51 -64.1 -19.76 curveto
-65.14 -21.01 -67.53 -36.13 -67.73 -37.16 curveto
-67.92 -38.19 -72.54 -52.62 -72.9 -53.52 curveto
-73.25 -54.42 -74.64 -66.39 -76.02 -68.69 curveto
-77.4 -70.98 -77.69 -74.19 -77.25 -77.48 curveto
-76.81 -80.77 -75.4 -86.72 -75.88 -89.38 curveto stroke
newpath -67.55 -88.61 moveto
-67.55 -88.61 -66.86 -86.67 -68.78 -86.26 curveto
-70.7 -85.86 -71.77 -85.23 -71.61 -83.77 curveto
-71.46 -82.31 -70.36 -75.27 -70.36 -75.27 curveto
-70.36 -75.27 -71.76 -74.24 -71.6 -72.77 curveto
-71.44 -71.31 -69.34 -64.18 -69.34 -64.18 curveto
-66.77 -57.45 lineto
-66.77 -57.45 -66.54 -53.53 -65.1 -54.98 curveto
-63.67 -56.44 -61.77 -59.88 -61.07 -61.26 curveto
-60.37 -62.64 -57.14 -67.99 -56.48 -68.8 curveto
-55.83 -69.61 -54.28 -73.96 -54.05 -74.95 curveto
-53.81 -75.94 -49.55 -83.08 -48.5 -83.56 curveto
-47.44 -84.04 -45.46 -89.94 -44.93 -91.05 curveto
-44.39 -92.16 -41.8 -100.02 -41.44 -100.85 curveto
-41.07 -101.69 -40.38 -104.52 -42.77 -103.72 curveto
-45.15 -102.93 -48.76 -101.37 -50.63 -101.54 curveto
-52.49 -101.71 -59.38 -102.19 -60.56 -102 curveto
-61.73 -101.82 -61.94 -99.53 -61.99 -97.37 curveto
-62.04 -95.2 -64.7 -89.8 -65.31 -89.42 curveto
-65.92 -89.05 -67.55 -88.61 -67.55 -88.61 curveto closepath stroke
newpath -77.25 -77.48 moveto
-77.25 -77.48 -79.81 -78 -82.63 -77.24 curveto
-85.45 -76.49 -86.19 -76.26 -86.48 -79.48 curveto
-86.77 -82.69 -86.37 -85.41 -85.16 -87.61 curveto
-83.95 -89.82 -83.88 -95.31 -83.74 -96.75 curveto
-83.61 -98.18 -78.2 -105.06 -77.09 -106.11 curveto
-75.98 -107.17 -73 -111.37 -72.89 -112.52 curveto
-72.79 -113.66 -71.9 -118.78 -71.19 -120.16 curveto
-70.49 -121.55 -70.63 -124.74 -70.93 -126.22 curveto
-71.23 -127.69 -71.7 -132.08 -71.7 -132.08 curveto stroke
newpath -60.69 -121.23 moveto
-60.69 -121.23 -64.48 -117.67 -62.41 -116.62 curveto
-60.34 -115.56 -57.57 -114.16 -55.71 -113.99 curveto
-53.84 -113.82 -48.22 -113.6 -48.22 -113.6 curveto
-48.22 -113.6 -45.56 -112.64 -45.52 -111.48 curveto
-45.49 -110.33 -44.48 -110.24 -43.15 -110.55 curveto
-41.82 -110.86 -40.95 -110.93 -40.77 -112.93 curveto
-40.59 -114.94 -41.2 -117.74 -41.39 -118.77 curveto
-41.59 -119.8 -42.92 -122.66 -42.44 -124.79 curveto
-41.95 -126.91 -39.24 -132.89 -39.24 -132.89 curveto
-39.24 -132.89 -38.13 -138.72 -36.62 -139.45 curveto
-35.11 -140.19 -30.89 -142.12 -29.43 -142.27 curveto
-27.97 -142.43 -20.34 -143.76 -20.34 -143.76 curveto
-15.48 -147.81 lineto
-15.48 -147.81 -12.44 -152.59 -17.29 -150.14 curveto
-22.15 -147.69 -25.34 -145.95 -27.27 -145.4 curveto
-29.2 -144.85 -34.06 -143.85 -35.39 -143.54 curveto
-36.72 -143.22 -40.06 -141.36 -40.53 -140.96 curveto stroke
newpath -36.99 -146.57 moveto
-36.99 -146.57 -32.36 -146.59 -29.81 -147.66 curveto
-27.26 -148.73 -22.24 -149.86 -21.05 -150.19 curveto
-19.86 -150.52 -18.96 -150.87 -18.65 -152.72 curveto
-18.33 -154.57 -17.79 -155.82 -16.33 -155.98 curveto
-14.87 -156.13 -14.1 -155.05 -13.74 -154.15 curveto
-13.39 -153.25 -11.85 -152.68 -10.26 -152.68 curveto
-8.67 -152.68 -7.36 -154.44 -6.15 -155.05 curveto
-4.94 -155.66 2.57 -158.74 2.57 -158.74 curveto
2.57 -158.74 6.45 -160.12 6.99 -161.37 curveto
7.54 -162.63 7.76 -166.65 8.84 -167.43 curveto
9.92 -168.2 12.52 -169.7 13.29 -170.21 curveto
14.06 -170.72 18.83 -173.9 19.58 -174.13 curveto
20.32 -174.35 23.71 -176.65 24.6 -176.86 curveto
25.48 -177.06 25.64 -175.6 27.27 -176.04 curveto
28.9 -176.47 31.15 -179.01 31.53 -179.99 curveto
31.91 -180.96 34.38 -184.36 35.14 -184.72 curveto
35.89 -185.09 44.45 -191.83 44.94 -192.51 curveto
45.44 -193.19 46.11 -194.28 45.19 -195.24 curveto
44.26 -196.19 45.21 -197.11 46.52 -197.14 curveto
47.82 -197.17 48.12 -195.69 48.81 -195.34 curveto
49.51 -194.99 51.72 -195.51 52.89 -195.55 curveto
54.05 -195.59 55.89 -195.13 57.49 -195.27 curveto
59.1 -195.41 60.43 -195.73 61.24 -196.67 curveto
62.05 -197.6 64.2 -200.59 64.28 -201.45 curveto
64.35 -202.31 64.39 -204.33 63.33 -205.43 curveto
62.27 -206.54 62.05 -208.87 62.71 -209.82 curveto
63.37 -210.78 62.73 -211.7 62.07 -212.34 curveto stroke
newpath 10.62 -164.66 moveto
12.81 -166.49 lineto
12.81 -166.49 16.71 -169.61 17.31 -169.85 curveto
17.91 -170.08 19.73 -171.07 23.97 -173.15 curveto
28.21 -175.23 24.26 -174.72 23.5 -174.35 curveto
22.75 -173.99 20.78 -173.01 19.72 -172.52 curveto
18.66 -172.04 15.86 -169.83 14.97 -169.62 curveto
14.09 -169.41 11.26 -166.92 9.18 -164.79 curveto
7.11 -162.66 10.62 -164.66 10.62 -164.66 curveto closepath stroke
 0 0.24501 dtransform truncate idtransform setlinewidth pop
newpath -105.11998 184.09 moveto
-102.32002 184.09 lineto stroke
 0.24501 0 dtransform exch truncate exch idtransform pop setlinewidth
newpath -103.72 182.69002 moveto
-103.72 185.48997 lineto stroke
 0.00002 0.00018 0.0011 setrgbcolor
newpath -103.15999 184.09 moveto
-103.15999 184.23853 -103.219 184.38095 -103.32402 184.48598 curveto
-103.42905 184.591 -103.57147 184.65001 -103.72 184.65001 curveto
-103.86853 184.65001 -104.01096 184.591 -104.11598 184.48598 curveto
-104.22101 184.38095 -104.28001 184.23853 -104.28001 184.09 curveto
-104.28001 183.94147 -104.22101 183.79904 -104.11598 183.69402 curveto
-104.01096 183.58899 -103.86853 183.52998 -103.72 183.52998 curveto
-103.57147 183.52998 -103.42905 183.58899 -103.32402 183.69402 curveto
-103.219 183.79904 -103.15999 183.94147 -103.15999 184.09 curveto closepath
 fill
 0 0 0 setrgbcolor 0 0.35 dtransform truncate idtransform setlinewidth pop
newpath -103.72 184.09 moveto 0 0 rlineto stroke
 0 0.24501 dtransform truncate idtransform setlinewidth pop
newpath -97.73997 162.61 moveto
-94.94002 162.61 lineto stroke
 0.24501 0 dtransform exch truncate exch idtransform pop setlinewidth
newpath -96.34 161.21002 moveto
-96.34 164.00998 lineto stroke
 0.00002 0.00018 0.0011 setrgbcolor
newpath -95.77998 162.61 moveto
-95.77998 162.75853 -95.83899 162.90096 -95.94402 163.00598 curveto
-96.04904 163.11101 -96.19147 163.17001 -96.34 163.17001 curveto
-96.48853 163.17001 -96.63095 163.11101 -96.73598 163.00598 curveto
-96.841 162.90096 -96.90001 162.75853 -96.90001 162.61 curveto
-96.90001 162.46147 -96.841 162.31905 -96.73598 162.21402 curveto
-96.63095 162.109 -96.48853 162.04999 -96.34 162.04999 curveto
-96.19147 162.04999 -96.04904 162.109 -95.94402 162.21402 curveto
-95.83899 162.31905 -95.77998 162.46147 -95.77998 162.61 curveto closepath fill
 0 0 0 setrgbcolor 0 0.35 dtransform truncate idtransform setlinewidth pop
newpath -96.34 162.61 moveto 0 0 rlineto stroke
 0 0.24501 dtransform truncate idtransform setlinewidth pop
newpath -86.96999 159.58 moveto
-84.17003 159.58 lineto stroke
 0.24501 0 dtransform exch truncate exch idtransform pop setlinewidth
newpath -85.57 158.18002 moveto
-85.57 160.97998 lineto stroke
 0.00002 0.00018 0.0011 setrgbcolor
newpath -85.01 159.58 moveto
-85.01 159.72853 -85.069 159.87096 -85.17403 159.97598 curveto
-85.27905 160.08101 -85.42148 160.14001 -85.57 160.14001 curveto
-85.71854 160.14001 -85.86096 160.08101 -85.96599 159.97598 curveto
-86.07101 159.87096 -86.13002 159.72853 -86.13002 159.58 curveto
-86.13002 159.43147 -86.07101 159.28905 -85.96599 159.18402 curveto
-85.86096 159.079 -85.71854 159.01999 -85.57 159.01999 curveto
-85.42148 159.01999 -85.27905 159.079 -85.17403 159.18402 curveto
-85.069 159.28905 -85.01 159.43147 -85.01 159.58 curveto closepath fill
 0 0 0 setrgbcolor 0 0.35 dtransform truncate idtransform setlinewidth pop
newpath -85.57 159.58 moveto 0 0 rlineto stroke
 0 0.24501 dtransform truncate idtransform setlinewidth pop
newpath -76.84998 145.57 moveto
-74.05002 145.57 lineto stroke
 0.24501 0 dtransform exch truncate exch idtransform pop setlinewidth
newpath -75.45 144.17003 moveto
-75.45 146.96999 lineto stroke
 0.00002 0.00018 0.0011 setrgbcolor
newpath -74.88998 145.57 moveto
-74.88998 145.71854 -74.94899 145.86096 -75.05402 145.96599 curveto
-75.15904 146.07101 -75.30147 146.13002 -75.45 146.13002 curveto
-75.59853 146.13002 -75.74095 146.07101 -75.84598 145.96599 curveto
-75.951 145.86096 -76.01001 145.71854 -76.01001 145.57 curveto
-76.01001 145.42148 -75.951 145.27905 -75.84598 145.17403 curveto
-75.74095 145.069 -75.59853 145.01 -75.45 145.01 curveto
-75.30147 145.01 -75.15904 145.069 -75.05402 145.17403 curveto
-74.94899 145.27905 -74.88998 145.42148 -74.88998 145.57 curveto closepath fill
 0 0 0 setrgbcolor 0 0.35 dtransform truncate idtransform setlinewidth pop
newpath -75.45 145.57 moveto 0 0 rlineto stroke
 0 0.24501 dtransform truncate idtransform setlinewidth pop
newpath -70.93997 139.24 moveto
-68.14001 139.24 lineto stroke
 0.24501 0 dtransform exch truncate exch idtransform pop setlinewidth
newpath -69.54 137.84003 moveto
-69.54 140.63998 lineto stroke
 0.00002 0.00018 0.0011 setrgbcolor
newpath -68.97998 139.24 moveto
-68.97998 139.38853 -69.03899 139.53096 -69.14401 139.63599 curveto
-69.24904 139.74101 -69.39146 139.80002 -69.54 139.80002 curveto
-69.68852 139.80002 -69.83095 139.74101 -69.93597 139.63599 curveto
-70.041 139.53096 -70.1 139.38853 -70.1 139.24 curveto
-70.1 139.09148 -70.041 138.94905 -69.93597 138.84402 curveto
-69.83095 138.739 -69.68852 138.68 -69.54 138.68 curveto
-69.39146 138.68 -69.24904 138.739 -69.14401 138.84402 curveto
-69.03899 138.94905 -68.97998 139.09148 -68.97998 139.24 curveto closepath fill
 0 0 0 setrgbcolor 0 0.35 dtransform truncate idtransform setlinewidth pop
newpath -69.54 139.24 moveto 0 0 rlineto stroke
 0 0.24501 dtransform truncate idtransform setlinewidth pop
newpath -62.90997 139.67 moveto
-60.11002 139.67 lineto stroke
 0.24501 0 dtransform exch truncate exch idtransform pop setlinewidth
newpath -61.51 138.27002 moveto
-61.51 141.06998 lineto stroke
 0.00002 0.00018 0.0011 setrgbcolor
newpath -60.94998 139.67 moveto
-60.94998 139.81853 -61.00899 139.96095 -61.11401 140.06598 curveto
-61.21904 140.171 -61.36147 140.23001 -61.51 140.23001 curveto
-61.65852 140.23001 -61.80095 140.171 -61.90598 140.06598 curveto
-62.011 139.96095 -62.07 139.81853 -62.07 139.67 curveto
-62.07 139.52147 -62.011 139.37904 -61.90598 139.27402 curveto
-61.80095 139.16899 -61.65852 139.10999 -61.51 139.10999 curveto
-61.36147 139.10999 -61.21904 139.16899 -61.11401 139.27402 curveto
-61.00899 139.37904 -60.94998 139.52147 -60.94998 139.67 curveto closepath fill
 0 0 0 setrgbcolor 0 0.35 dtransform truncate idtransform setlinewidth pop
newpath -61.51 139.67 moveto 0 0 rlineto stroke
 0 0.24501 dtransform truncate idtransform setlinewidth pop
newpath -57.82997 137.01 moveto
-55.03001 137.01 lineto stroke
 0.24501 0 dtransform exch truncate exch idtransform pop setlinewidth
newpath -56.43 135.61002 moveto
-56.43 138.40997 lineto stroke
 0.00002 0.00018 0.0011 setrgbcolor
newpath -55.86998 137.01 moveto
-55.86998 137.15852 -55.92899 137.30095 -56.03401 137.40598 curveto
-56.13904 137.511 -56.28146 137.57 -56.43 137.57 curveto
-56.57852 137.57 -56.72095 137.511 -56.82597 137.40598 curveto
-56.931 137.30095 -56.99 137.15852 -56.99 137.01 curveto
-56.99 136.86147 -56.931 136.71904 -56.82597 136.61401 curveto
-56.72095 136.50899 -56.57852 136.44998 -56.43 136.44998 curveto
-56.28146 136.44998 -56.13904 136.50899 -56.03401 136.61401 curveto
-55.92899 136.71904 -55.86998 136.86147 -55.86998 137.01 curveto closepath fill
 0 0 0 setrgbcolor 0 0.35 dtransform truncate idtransform setlinewidth pop
newpath -56.43 137.01 moveto 0 0 rlineto stroke
 0 0.24501 dtransform truncate idtransform setlinewidth pop
newpath -54.67998 140.24 moveto
-51.88002 140.24 lineto stroke
 0.24501 0 dtransform exch truncate exch idtransform pop setlinewidth
newpath -53.28 138.84003 moveto
-53.28 141.63998 lineto stroke
 0.00002 0.00018 0.0011 setrgbcolor
newpath -52.71999 140.24 moveto
-52.71999 140.38853 -52.77899 140.53096 -52.88402 140.63599 curveto
-52.98904 140.74101 -53.13147 140.80002 -53.28 140.80002 curveto
-53.42853 140.80002 -53.57095 140.74101 -53.67598 140.63599 curveto
-53.781 140.53096 -53.84001 140.38853 -53.84001 140.24 curveto
-53.84001 140.09148 -53.781 139.94905 -53.67598 139.84402 curveto
-53.57095 139.739 -53.42853 139.68 -53.28 139.68 curveto
-53.13147 139.68 -52.98904 139.739 -52.88402 139.84402 curveto
-52.77899 139.94905 -52.71999 140.09148 -52.71999 140.24 curveto closepath fill
 0 0 0 setrgbcolor 0 0.35 dtransform truncate idtransform setlinewidth pop
newpath -53.28 140.24 moveto 0 0 rlineto stroke
 0 0.24501 dtransform truncate idtransform setlinewidth pop
newpath -78.27998 172.59 moveto
-75.48003 172.59 lineto stroke
 0.24501 0 dtransform exch truncate exch idtransform pop setlinewidth
newpath -76.88 171.19002 moveto
-76.88 173.98997 lineto stroke
 0.00002 0.00018 0.0011 setrgbcolor
newpath -76.31999 172.59 moveto
-76.31999 172.73853 -76.379 172.88095 -76.48402 172.98598 curveto
-76.58905 173.091 -76.73148 173.15001 -76.88 173.15001 curveto
-77.02853 173.15001 -77.17096 173.091 -77.27599 172.98598 curveto
-77.38101 172.88095 -77.44002 172.73853 -77.44002 172.59 curveto
-77.44002 172.44147 -77.38101 172.29904 -77.27599 172.19402 curveto
-77.17096 172.08899 -77.02853 172.02998 -76.88 172.02998 curveto
-76.73148 172.02998 -76.58905 172.08899 -76.48402 172.19402 curveto
-76.379 172.29904 -76.31999 172.44147 -76.31999 172.59 curveto closepath fill
 0 0 0 setrgbcolor 0 0.35 dtransform truncate idtransform setlinewidth pop
newpath -76.88 172.59 moveto 0 0 rlineto stroke
 0 0.24501 dtransform truncate idtransform setlinewidth pop
newpath -91.18997 187.34 moveto
-88.39001 187.34 lineto stroke
 0.24501 0 dtransform exch truncate exch idtransform pop setlinewidth
newpath -89.79 185.94002 moveto
-89.79 188.73997 lineto stroke
 0.00002 0.00018 0.0011 setrgbcolor
newpath -89.22998 187.34 moveto
-89.22998 187.48853 -89.28899 187.63095 -89.39401 187.73598 curveto
-89.49904 187.841 -89.64146 187.90001 -89.79 187.90001 curveto
-89.93852 187.90001 -90.08095 187.841 -90.18597 187.73598 curveto
-90.291 187.63095 -90.35 187.48853 -90.35 187.34 curveto
-90.35 187.19147 -90.291 187.04904 -90.18597 186.94402 curveto
-90.08095 186.83899 -89.93852 186.77998 -89.79 186.77998 curveto
-89.64146 186.77998 -89.49904 186.83899 -89.39401 186.94402 curveto
-89.28899 187.04904 -89.22998 187.19147 -89.22998 187.34 curveto closepath fill
 0 0 0 setrgbcolor 0 0.35 dtransform truncate idtransform setlinewidth pop
newpath -89.79 187.34 moveto 0 0 rlineto stroke
 0 0.24501 dtransform truncate idtransform setlinewidth pop
newpath -94.43997 204.36 moveto
-91.64001 204.36 lineto stroke
 0.24501 0 dtransform exch truncate exch idtransform pop setlinewidth
newpath -93.04 202.96002 moveto
-93.04 205.75998 lineto stroke
 0.00002 0.00018 0.0011 setrgbcolor
newpath -92.47998 204.36 moveto
-92.47998 204.50853 -92.53899 204.65096 -92.64401 204.75598 curveto
-92.74904 204.86101 -92.89146 204.92001 -93.04 204.92001 curveto
-93.18852 204.92001 -93.33095 204.86101 -93.43597 204.75598 curveto
-93.541 204.65096 -93.6 204.50853 -93.6 204.36 curveto
-93.6 204.21147 -93.541 204.06905 -93.43597 203.96402 curveto
-93.33095 203.859 -93.18852 203.79999 -93.04 203.79999 curveto
-92.89146 203.79999 -92.74904 203.859 -92.64401 203.96402 curveto
-92.53899 204.06905 -92.47998 204.21147 -92.47998 204.36 curveto closepath fill
 0 0 0 setrgbcolor 0 0.35 dtransform truncate idtransform setlinewidth pop
newpath -93.04 204.36 moveto 0 0 rlineto stroke
 0 0.24501 dtransform truncate idtransform setlinewidth pop
newpath -98.97998 211.12 moveto
-96.18002 211.12 lineto stroke
 0.24501 0 dtransform exch truncate exch idtransform pop setlinewidth
newpath -97.58 209.72002 moveto
-97.58 212.51997 lineto stroke
 0.00002 0.00018 0.0011 setrgbcolor
newpath -97.01999 211.12 moveto
-97.01999 211.26852 -97.079 211.41095 -97.18402 211.51598 curveto
-97.28905 211.621 -97.43147 211.68001 -97.58 211.68001 curveto
-97.72853 211.68001 -97.87096 211.621 -97.97598 211.51598 curveto
-98.08101 211.41095 -98.14001 211.26852 -98.14001 211.12 curveto
-98.14001 210.97147 -98.08101 210.82904 -97.97598 210.72401 curveto
-97.87096 210.61899 -97.72853 210.55998 -97.58 210.55998 curveto
-97.43147 210.55998 -97.28905 210.61899 -97.18402 210.72401 curveto
-97.079 210.82904 -97.01999 210.97147 -97.01999 211.12 curveto closepath fill
 0 0 0 setrgbcolor 0 0.35 dtransform truncate idtransform setlinewidth pop
newpath -97.58 211.12 moveto 0 0 rlineto stroke
 0 0.24501 dtransform truncate idtransform setlinewidth pop
newpath -112.16998 216.35 moveto
-109.37003 216.35 lineto stroke
 0.24501 0 dtransform exch truncate exch idtransform pop setlinewidth
newpath -110.77 214.95003 moveto
-110.77 217.74998 lineto stroke
 0.00002 0.00018 0.0011 setrgbcolor
newpath -110.20999 216.35 moveto
-110.20999 216.49854 -110.269 216.64096 -110.37402 216.74599 curveto
-110.47905 216.85101 -110.62148 216.91002 -110.77 216.91002 curveto
-110.91853 216.91002 -111.06096 216.85101 -111.16599 216.74599 curveto
-111.27101 216.64096 -111.33002 216.49854 -111.33002 216.35 curveto
-111.33002 216.20148 -111.27101 216.05905 -111.16599 215.95403 curveto
-111.06096 215.849 -110.91853 215.79 -110.77 215.79 curveto
-110.62148 215.79 -110.47905 215.849 -110.37402 215.95403 curveto
-110.269 216.05905 -110.20999 216.20148 -110.20999 216.35 curveto closepath
 fill
 0 0 0 setrgbcolor 0 0.35 dtransform truncate idtransform setlinewidth pop
newpath -110.77 216.35 moveto 0 0 rlineto stroke
 0 0.24501 dtransform truncate idtransform setlinewidth pop
newpath -37.63998 115.05 moveto
-34.84003 115.05 lineto stroke
 0.24501 0 dtransform exch truncate exch idtransform pop setlinewidth
newpath -36.24 113.65002 moveto
-36.24 116.44998 lineto stroke
 0.00002 0.00018 0.0011 setrgbcolor
newpath -35.68 115.05 moveto
-35.68 115.19853 -35.739 115.34096 -35.84402 115.44598 curveto
-35.94905 115.55101 -36.09148 115.61002 -36.24 115.61002 curveto
-36.38853 115.61002 -36.53096 115.55101 -36.63599 115.44598 curveto
-36.74101 115.34096 -36.80002 115.19853 -36.80002 115.05 curveto
-36.80002 114.90147 -36.74101 114.75905 -36.63599 114.65402 curveto
-36.53096 114.549 -36.38853 114.48999 -36.24 114.48999 curveto
-36.09148 114.48999 -35.94905 114.549 -35.84402 114.65402 curveto
-35.739 114.75905 -35.68 114.90147 -35.68 115.05 curveto closepath fill
 0 0 0 setrgbcolor 0 0.35 dtransform truncate idtransform setlinewidth pop
newpath -36.24 115.05 moveto 0 0 rlineto stroke
 0 0.24501 dtransform truncate idtransform setlinewidth pop
newpath -25.00998 108.98 moveto
-22.21002 108.98 lineto stroke
 0.24501 0 dtransform exch truncate exch idtransform pop setlinewidth
newpath -23.61 107.58002 moveto
-23.61 110.37997 lineto stroke
 0.00002 0.00018 0.0011 setrgbcolor
newpath -23.04999 108.98 moveto
-23.04999 109.12852 -23.109 109.27095 -23.21402 109.37598 curveto
-23.31905 109.481 -23.46147 109.54001 -23.61 109.54001 curveto
-23.75853 109.54001 -23.90096 109.481 -24.00598 109.37598 curveto
-24.11101 109.27095 -24.17001 109.12852 -24.17001 108.98 curveto
-24.17001 108.83147 -24.11101 108.68904 -24.00598 108.58401 curveto
-23.90096 108.47899 -23.75853 108.41998 -23.61 108.41998 curveto
-23.46147 108.41998 -23.31905 108.47899 -23.21402 108.58401 curveto
-23.109 108.68904 -23.04999 108.83147 -23.04999 108.98 curveto closepath fill
 0 0 0 setrgbcolor 0 0.35 dtransform truncate idtransform setlinewidth pop
newpath -23.61 108.98 moveto 0 0 rlineto stroke
 0 0.24501 dtransform truncate idtransform setlinewidth pop
newpath -6.73997 106.82 moveto
-3.94002 106.82 lineto stroke
 0.24501 0 dtransform exch truncate exch idtransform pop setlinewidth
newpath -5.34 105.42003 moveto
-5.34 108.21999 lineto stroke
 0.00002 0.00018 0.0011 setrgbcolor
newpath -4.77998 106.82 moveto
-4.77998 106.96854 -4.83899 107.11096 -4.94402 107.21599 curveto
-5.04904 107.32101 -5.19147 107.38002 -5.34 107.38002 curveto
-5.48853 107.38002 -5.63095 107.32101 -5.73598 107.21599 curveto
-5.841 107.11096 -5.90001 106.96854 -5.90001 106.82 curveto
-5.90001 106.67148 -5.841 106.52905 -5.73598 106.42403 curveto
-5.63095 106.319 -5.48853 106.26 -5.34 106.26 curveto
-5.19147 106.26 -5.04904 106.319 -4.94402 106.42403 curveto
-4.83899 106.52905 -4.77998 106.67148 -4.77998 106.82 curveto closepath fill
 0 0 0 setrgbcolor 0 0.35 dtransform truncate idtransform setlinewidth pop
newpath -5.34 106.82 moveto 0 0 rlineto stroke
 0 0.24501 dtransform truncate idtransform setlinewidth pop
newpath -0.61998 99.89 moveto
2.17998 99.89 lineto stroke
 0.24501 0 dtransform exch truncate exch idtransform pop setlinewidth
newpath 0.78 98.49002 moveto
0.78 101.28998 lineto stroke
 0.00002 0.00018 0.0011 setrgbcolor
newpath 1.34001 99.89 moveto
1.34001 100.03853 1.281 100.18095 1.17598 100.28598 curveto
1.07095 100.391 0.92853 100.45001 0.78 100.45001 curveto
0.63147 100.45001 0.48904 100.391 0.38402 100.28598 curveto
0.27899 100.18095 0.21999 100.03853 0.21999 99.89 curveto
0.21999 99.74147 0.27899 99.59904 0.38402 99.49402 curveto
0.48904 99.38899 0.63147 99.32999 0.78 99.32999 curveto
0.92853 99.32999 1.07095 99.38899 1.17598 99.49402 curveto
1.281 99.59904 1.34001 99.74147 1.34001 99.89 curveto closepath fill
 0 0 0 setrgbcolor 0 0.35 dtransform truncate idtransform setlinewidth pop
newpath 0.78 99.89 moveto 0 0 rlineto stroke
 0 0.24501 dtransform truncate idtransform setlinewidth pop
newpath 15.92003 91.81 moveto
18.71999 91.81 lineto stroke
 0.24501 0 dtransform exch truncate exch idtransform pop setlinewidth
newpath 17.32 90.41002 moveto
17.32 93.20998 lineto stroke
 0.00002 0.00018 0.0011 setrgbcolor
newpath 17.88002 91.81 moveto
17.88002 91.95853 17.82101 92.10095 17.71599 92.20598 curveto
17.61096 92.311 17.46854 92.37001 17.32 92.37001 curveto
17.17148 92.37001 17.02905 92.311 16.92403 92.20598 curveto
16.819 92.10095 16.76 91.95853 16.76 91.81 curveto
16.76 91.66147 16.819 91.51904 16.92403 91.41402 curveto
17.02905 91.30899 17.17148 91.24998 17.32 91.24998 curveto
17.46854 91.24998 17.61096 91.30899 17.71599 91.41402 curveto
17.82101 91.51904 17.88002 91.66147 17.88002 91.81 curveto closepath fill
 0 0 0 setrgbcolor 0 0.35 dtransform truncate idtransform setlinewidth pop
newpath 17.32 91.81 moveto 0 0 rlineto stroke
 0 0.24501 dtransform truncate idtransform setlinewidth pop
newpath 10.41002 73.74 moveto
13.20998 73.74 lineto stroke
 0.24501 0 dtransform exch truncate exch idtransform pop setlinewidth
newpath 11.81 72.34003 moveto
11.81 75.13998 lineto stroke
 0.00002 0.00018 0.0011 setrgbcolor
newpath 12.37001 73.74 moveto
12.37001 73.88853 12.311 74.03096 12.20598 74.13599 curveto
12.10095 74.24101 11.95853 74.30002 11.81 74.30002 curveto
11.66147 74.30002 11.51904 74.24101 11.41402 74.13599 curveto
11.30899 74.03096 11.24998 73.88853 11.24998 73.74 curveto
11.24998 73.59148 11.30899 73.44905 11.41402 73.34402 curveto
11.51904 73.239 11.66147 73.18 11.81 73.18 curveto
11.95853 73.18 12.10095 73.239 12.20598 73.34402 curveto
12.311 73.44905 12.37001 73.59148 12.37001 73.74 curveto closepath fill
 0 0 0 setrgbcolor 0 0.35 dtransform truncate idtransform setlinewidth pop
newpath 11.81 73.74 moveto 0 0 rlineto stroke
 0 0.24501 dtransform truncate idtransform setlinewidth pop
newpath -13.05998 51.89 moveto
-10.26003 51.89 lineto stroke
 0.24501 0 dtransform exch truncate exch idtransform pop setlinewidth
newpath -11.66 50.49002 moveto
-11.66 53.28998 lineto stroke
 0.00002 0.00018 0.0011 setrgbcolor
newpath -11.09999 51.89 moveto
-11.09999 52.03853 -11.159 52.18095 -11.26402 52.28598 curveto
-11.36905 52.391 -11.51147 52.45001 -11.66 52.45001 curveto
-11.80853 52.45001 -11.95096 52.391 -12.05598 52.28598 curveto
-12.16101 52.18095 -12.22002 52.03853 -12.22002 51.89 curveto
-12.22002 51.74147 -12.16101 51.59904 -12.05598 51.49402 curveto
-11.95096 51.38899 -11.80853 51.32999 -11.66 51.32999 curveto
-11.51147 51.32999 -11.36905 51.38899 -11.26402 51.49402 curveto
-11.159 51.59904 -11.09999 51.74147 -11.09999 51.89 curveto closepath fill
 0 0 0 setrgbcolor 0 0.35 dtransform truncate idtransform setlinewidth pop
newpath -11.66 51.89 moveto 0 0 rlineto stroke
 0 0.24501 dtransform truncate idtransform setlinewidth pop
newpath -35.27998 45.08 moveto
-32.48003 45.08 lineto stroke
 0.24501 0 dtransform exch truncate exch idtransform pop setlinewidth
newpath -33.88 43.68002 moveto
-33.88 46.47998 lineto stroke
 0.00002 0.00018 0.0011 setrgbcolor
newpath -33.31999 45.08 moveto
-33.31999 45.22853 -33.379 45.37096 -33.48402 45.47598 curveto
-33.58905 45.58101 -33.73148 45.64001 -33.88 45.64001 curveto
-34.02853 45.64001 -34.17096 45.58101 -34.27599 45.47598 curveto
-34.38101 45.37096 -34.44002 45.22853 -34.44002 45.08 curveto
-34.44002 44.93147 -34.38101 44.78905 -34.27599 44.68402 curveto
-34.17096 44.579 -34.02853 44.51999 -33.88 44.51999 curveto
-33.73148 44.51999 -33.58905 44.579 -33.48402 44.68402 curveto
-33.379 44.78905 -33.31999 44.93147 -33.31999 45.08 curveto closepath fill
 0 0 0 setrgbcolor 0 0.35 dtransform truncate idtransform setlinewidth pop
newpath -33.88 45.08 moveto 0 0 rlineto stroke
 0 0.24501 dtransform truncate idtransform setlinewidth pop
newpath -38.68997 27.12 moveto
-35.89001 27.12 lineto stroke
 0.24501 0 dtransform exch truncate exch idtransform pop setlinewidth
newpath -37.29 25.72002 moveto
-37.29 28.51997 lineto stroke
 0.00002 0.00018 0.0011 setrgbcolor
newpath -36.72998 27.12 moveto
-36.72998 27.26852 -36.78899 27.41095 -36.89401 27.51598 curveto
-36.99904 27.621 -37.14146 27.68001 -37.29 27.68001 curveto
-37.43852 27.68001 -37.58095 27.621 -37.68597 27.51598 curveto
-37.791 27.41095 -37.85 27.26852 -37.85 27.12 curveto
-37.85 26.97147 -37.791 26.82904 -37.68597 26.72401 curveto
-37.58095 26.61899 -37.43852 26.55998 -37.29 26.55998 curveto
-37.14146 26.55998 -36.99904 26.61899 -36.89401 26.72401 curveto
-36.78899 26.82904 -36.72998 26.97147 -36.72998 27.12 curveto closepath fill
 0 0 0 setrgbcolor 0 0.35 dtransform truncate idtransform setlinewidth pop
newpath -37.29 27.12 moveto 0 0 rlineto stroke
 0 0.24501 dtransform truncate idtransform setlinewidth pop
newpath -30.99998 21.83 moveto
-28.20003 21.83 lineto stroke
 0.24501 0 dtransform exch truncate exch idtransform pop setlinewidth
newpath -29.6 20.43002 moveto
-29.6 23.22998 lineto stroke
 0.00002 0.00018 0.0011 setrgbcolor
newpath -29.04 21.83 moveto
-29.04 21.97853 -29.099 22.12096 -29.20403 22.22598 curveto
-29.30905 22.33101 -29.45148 22.39001 -29.6 22.39001 curveto
-29.74854 22.39001 -29.89096 22.33101 -29.99599 22.22598 curveto
-30.10101 22.12096 -30.16002 21.97853 -30.16002 21.83 curveto
-30.16002 21.68147 -30.10101 21.53905 -29.99599 21.43402 curveto
-29.89096 21.329 -29.74854 21.26999 -29.6 21.26999 curveto
-29.45148 21.26999 -29.30905 21.329 -29.20403 21.43402 curveto
-29.099 21.53905 -29.04 21.68147 -29.04 21.83 curveto closepath fill
 0 0 0 setrgbcolor 0 0.35 dtransform truncate idtransform setlinewidth pop
newpath -29.6 21.83 moveto 0 0 rlineto stroke
 0 0.24501 dtransform truncate idtransform setlinewidth pop
newpath -33.20998 18.82 moveto
-30.41002 18.82 lineto stroke
 0.24501 0 dtransform exch truncate exch idtransform pop setlinewidth
newpath -31.81 17.42003 moveto
-31.81 20.21999 lineto stroke
 0.00002 0.00018 0.0011 setrgbcolor
newpath -31.24998 18.82 moveto
-31.24998 18.96854 -31.30899 19.11096 -31.41402 19.21599 curveto
-31.51904 19.32101 -31.66147 19.38002 -31.81 19.38002 curveto
-31.95853 19.38002 -32.10095 19.32101 -32.20598 19.21599 curveto
-32.311 19.11096 -32.37001 18.96854 -32.37001 18.82 curveto
-32.37001 18.67148 -32.311 18.52905 -32.20598 18.42403 curveto
-32.10095 18.319 -31.95853 18.26 -31.81 18.26 curveto
-31.66147 18.26 -31.51904 18.319 -31.41402 18.42403 curveto
-31.30899 18.52905 -31.24998 18.67148 -31.24998 18.82 curveto closepath fill
 0 0 0 setrgbcolor 0 0.35 dtransform truncate idtransform setlinewidth pop
newpath -31.81 18.82 moveto 0 0 rlineto stroke
 0 0.24501 dtransform truncate idtransform setlinewidth pop
newpath -44.23997 -3.07 moveto
-41.44002 -3.07 lineto stroke
 0.24501 0 dtransform exch truncate exch idtransform pop setlinewidth
newpath -42.84 -4.46999 moveto
-42.84 -1.67003 lineto stroke
 0.00002 0.00018 0.0011 setrgbcolor
newpath -42.27998 -3.07 moveto
-42.27998 -2.92148 -42.33899 -2.77905 -42.44402 -2.67403 curveto
-42.54904 -2.569 -42.69147 -2.51 -42.84 -2.51 curveto
-42.98853 -2.51 -43.13095 -2.569 -43.23598 -2.67403 curveto
-43.341 -2.77905 -43.40001 -2.92148 -43.40001 -3.07 curveto
-43.40001 -3.21854 -43.341 -3.36096 -43.23598 -3.46599 curveto
-43.13095 -3.57101 -42.98853 -3.63002 -42.84 -3.63002 curveto
-42.69147 -3.63002 -42.54904 -3.57101 -42.44402 -3.46599 curveto
-42.33899 -3.36096 -42.27998 -3.21854 -42.27998 -3.07 curveto closepath fill
 0 0 0 setrgbcolor 0 0.35 dtransform truncate idtransform setlinewidth pop
newpath -42.84 -3.07 moveto 0 0 rlineto stroke
 0 0.24501 dtransform truncate idtransform setlinewidth pop
newpath -68.84998 -46.06 moveto
-66.05002 -46.06 lineto stroke
 0.24501 0 dtransform exch truncate exch idtransform pop setlinewidth
newpath -67.45 -47.45998 moveto
-67.45 -44.66002 lineto stroke
 0.00002 0.00018 0.0011 setrgbcolor
newpath -66.88998 -46.06 moveto
-66.88998 -45.91147 -66.94899 -45.76904 -67.05402 -45.66402 curveto
-67.15904 -45.55899 -67.30147 -45.49998 -67.45 -45.49998 curveto
-67.59853 -45.49998 -67.74095 -45.55899 -67.84598 -45.66402 curveto
-67.951 -45.76904 -68.01001 -45.91147 -68.01001 -46.06 curveto
-68.01001 -46.20853 -67.951 -46.35095 -67.84598 -46.45598 curveto
-67.74095 -46.561 -67.59853 -46.62001 -67.45 -46.62001 curveto
-67.30147 -46.62001 -67.15904 -46.561 -67.05402 -46.45598 curveto
-66.94899 -46.35095 -66.88998 -46.20853 -66.88998 -46.06 curveto closepath fill
 0 0 0 setrgbcolor 0 0.35 dtransform truncate idtransform setlinewidth pop
newpath -67.45 -46.06 moveto 0 0 rlineto stroke
 0 0.24501 dtransform truncate idtransform setlinewidth pop
newpath -72.34998 -65.86 moveto
-69.55002 -65.86 lineto stroke
 0.24501 0 dtransform exch truncate exch idtransform pop setlinewidth
newpath -70.95 -67.25998 moveto
-70.95 -64.46002 lineto stroke
 0.00002 0.00018 0.0011 setrgbcolor
newpath -70.38998 -65.86 moveto
-70.38998 -65.71147 -70.44899 -65.56905 -70.55402 -65.46402 curveto
-70.65904 -65.359 -70.80147 -65.29999 -70.95 -65.29999 curveto
-71.09853 -65.29999 -71.24095 -65.359 -71.34598 -65.46402 curveto
-71.451 -65.56905 -71.51001 -65.71147 -71.51001 -65.86 curveto
-71.51001 -66.00853 -71.451 -66.15096 -71.34598 -66.25598 curveto
-71.24095 -66.36101 -71.09853 -66.42001 -70.95 -66.42001 curveto
-70.80147 -66.42001 -70.65904 -66.36101 -70.55402 -66.25598 curveto
-70.44899 -66.15096 -70.38998 -66.00853 -70.38998 -65.86 curveto closepath fill
 0 0 0 setrgbcolor 0 0.35 dtransform truncate idtransform setlinewidth pop
newpath -70.95 -65.86 moveto 0 0 rlineto stroke
 0 0.24501 dtransform truncate idtransform setlinewidth pop
newpath -75.01997 -85.34 moveto
-72.22002 -85.34 lineto stroke
 0.24501 0 dtransform exch truncate exch idtransform pop setlinewidth
newpath -73.62 -86.73997 moveto
-73.62 -83.94002 lineto stroke
 0.00002 0.00018 0.0011 setrgbcolor
newpath -73.05998 -85.34 moveto
-73.05998 -85.19147 -73.11899 -85.04904 -73.22401 -84.94402 curveto
-73.32904 -84.83899 -73.47147 -84.77998 -73.62 -84.77998 curveto
-73.76852 -84.77998 -73.91095 -84.83899 -74.01598 -84.94402 curveto
-74.121 -85.04904 -74.18001 -85.19147 -74.18001 -85.34 curveto
-74.18001 -85.48853 -74.121 -85.63095 -74.01598 -85.73598 curveto
-73.91095 -85.841 -73.76852 -85.90001 -73.62 -85.90001 curveto
-73.47147 -85.90001 -73.32904 -85.841 -73.22401 -85.73598 curveto
-73.11899 -85.63095 -73.05998 -85.48853 -73.05998 -85.34 curveto closepath fill
 0 0 0 setrgbcolor 0 0.35 dtransform truncate idtransform setlinewidth pop
newpath -73.62 -85.34 moveto 0 0 rlineto stroke
 0 0.24501 dtransform truncate idtransform setlinewidth pop
newpath -75.49998 -89.16 moveto
-72.70003 -89.16 lineto stroke
 0.24501 0 dtransform exch truncate exch idtransform pop setlinewidth
newpath -74.1 -90.55998 moveto
-74.1 -87.76003 lineto stroke
 0.00002 0.00018 0.0011 setrgbcolor
newpath -73.54 -89.16 moveto
-73.54 -89.01147 -73.599 -88.86905 -73.70403 -88.76402 curveto
-73.80905 -88.659 -73.95148 -88.59999 -74.1 -88.59999 curveto
-74.24854 -88.59999 -74.39096 -88.659 -74.49599 -88.76402 curveto
-74.60101 -88.86905 -74.66002 -89.01147 -74.66002 -89.16 curveto
-74.66002 -89.30853 -74.60101 -89.45096 -74.49599 -89.55598 curveto
-74.39096 -89.66101 -74.24854 -89.72002 -74.1 -89.72002 curveto
-73.95148 -89.72002 -73.80905 -89.66101 -73.70403 -89.55598 curveto
-73.599 -89.45096 -73.54 -89.30853 -73.54 -89.16 curveto closepath fill
 0 0 0 setrgbcolor 0 0.35 dtransform truncate idtransform setlinewidth pop
newpath -74.1 -89.16 moveto 0 0 rlineto stroke
 0 0.24501 dtransform truncate idtransform setlinewidth pop
newpath -60.00998 -61.27 moveto
-57.21002 -61.27 lineto stroke
 0.24501 0 dtransform exch truncate exch idtransform pop setlinewidth
newpath -58.61 -62.66998 moveto
-58.61 -59.87003 lineto stroke
 0.00002 0.00018 0.0011 setrgbcolor
newpath -58.04999 -61.27 moveto
-58.04999 -61.12148 -58.109 -60.97905 -58.21402 -60.87402 curveto
-58.31905 -60.769 -58.46147 -60.70999 -58.61 -60.70999 curveto
-58.75853 -60.70999 -58.90096 -60.769 -59.00598 -60.87402 curveto
-59.11101 -60.97905 -59.17001 -61.12148 -59.17001 -61.27 curveto
-59.17001 -61.41853 -59.11101 -61.56096 -59.00598 -61.66599 curveto
-58.90096 -61.77101 -58.75853 -61.83002 -58.61 -61.83002 curveto
-58.46147 -61.83002 -58.31905 -61.77101 -58.21402 -61.66599 curveto
-58.109 -61.56096 -58.04999 -61.41853 -58.04999 -61.27 curveto closepath fill
 0 0 0 setrgbcolor 0 0.35 dtransform truncate idtransform setlinewidth pop
newpath -58.61 -61.27 moveto 0 0 rlineto stroke
 0 0.24501 dtransform truncate idtransform setlinewidth pop
newpath -47.36998 -84.92 moveto
-44.57002 -84.92 lineto stroke
 0.24501 0 dtransform exch truncate exch idtransform pop setlinewidth
newpath -45.97 -86.31998 moveto
-45.97 -83.52002 lineto stroke
 0.00002 0.00018 0.0011 setrgbcolor
newpath -45.40999 -84.92 moveto
-45.40999 -84.77147 -45.469 -84.62904 -45.57402 -84.52402 curveto
-45.67905 -84.41899 -45.82147 -84.35999 -45.97 -84.35999 curveto
-46.11853 -84.35999 -46.26096 -84.41899 -46.36598 -84.52402 curveto
-46.47101 -84.62904 -46.53001 -84.77147 -46.53001 -84.92 curveto
-46.53001 -85.06853 -46.47101 -85.21095 -46.36598 -85.31598 curveto
-46.26096 -85.421 -46.11853 -85.48001 -45.97 -85.48001 curveto
-45.82147 -85.48001 -45.67905 -85.421 -45.57402 -85.31598 curveto
-45.469 -85.21095 -45.40999 -85.06853 -45.40999 -84.92 curveto closepath fill
 0 0 0 setrgbcolor 0 0.35 dtransform truncate idtransform setlinewidth pop
newpath -45.97 -84.92 moveto 0 0 rlineto stroke
 0 0.24501 dtransform truncate idtransform setlinewidth pop
newpath -37.43997 -104.18 moveto
-34.64001 -104.18 lineto stroke
 0.24501 0 dtransform exch truncate exch idtransform pop setlinewidth
newpath -36.04 -105.57997 moveto
-36.04 -102.78001 lineto stroke
 0.00002 0.00018 0.0011 setrgbcolor
newpath -35.47998 -104.18 moveto
-35.47998 -104.03146 -35.53899 -103.88904 -35.64401 -103.78401 curveto
-35.74904 -103.67899 -35.89146 -103.61998 -36.04 -103.61998 curveto
-36.18852 -103.61998 -36.33095 -103.67899 -36.43597 -103.78401 curveto
-36.541 -103.88904 -36.6 -104.03146 -36.6 -104.18 curveto
-36.6 -104.32852 -36.541 -104.47095 -36.43597 -104.57597 curveto
-36.33095 -104.681 -36.18852 -104.74 -36.04 -104.74 curveto
-35.89146 -104.74 -35.74904 -104.681 -35.64401 -104.57597 curveto
-35.53899 -104.47095 -35.47998 -104.32852 -35.47998 -104.18 curveto closepath
 fill
 0 0 0 setrgbcolor 0 0.35 dtransform truncate idtransform setlinewidth pop
newpath -36.04 -104.18 moveto 0 0 rlineto stroke
 0 0.24501 dtransform truncate idtransform setlinewidth pop
newpath -73.29997 -111.86 moveto
-70.50002 -111.86 lineto stroke
 0.24501 0 dtransform exch truncate exch idtransform pop setlinewidth
newpath -71.9 -113.25998 moveto
-71.9 -110.46002 lineto stroke
 0.00002 0.00018 0.0011 setrgbcolor
newpath -71.33998 -111.86 moveto
-71.33998 -111.71147 -71.39899 -111.56905 -71.50401 -111.46402 curveto
-71.60904 -111.359 -71.75146 -111.29999 -71.9 -111.29999 curveto
-72.04852 -111.29999 -72.19095 -111.359 -72.29597 -111.46402 curveto
-72.401 -111.56905 -72.46 -111.71147 -72.46 -111.86 curveto
-72.46 -112.00853 -72.401 -112.15096 -72.29597 -112.25598 curveto
-72.19095 -112.36101 -72.04852 -112.42001 -71.9 -112.42001 curveto
-71.75146 -112.42001 -71.60904 -112.36101 -71.50401 -112.25598 curveto
-71.39899 -112.15096 -71.33998 -112.00853 -71.33998 -111.86 curveto closepath
 fill
 0 0 0 setrgbcolor 0 0.35 dtransform truncate idtransform setlinewidth pop
newpath -71.9 -111.86 moveto 0 0 rlineto stroke
 0 0.24501 dtransform truncate idtransform setlinewidth pop
newpath -70.08998 -118.64 moveto
-67.29002 -118.64 lineto stroke
 0.24501 0 dtransform exch truncate exch idtransform pop setlinewidth
newpath -68.69 -120.03998 moveto
-68.69 -117.24002 lineto stroke
 0.00002 0.00018 0.0011 setrgbcolor
newpath -68.12999 -118.64 moveto
-68.12999 -118.49147 -68.189 -118.34904 -68.29402 -118.24402 curveto
-68.39905 -118.13899 -68.54147 -118.07999 -68.69 -118.07999 curveto
-68.83853 -118.07999 -68.98096 -118.13899 -69.08598 -118.24402 curveto
-69.19101 -118.34904 -69.25002 -118.49147 -69.25002 -118.64 curveto
-69.25002 -118.78853 -69.19101 -118.93095 -69.08598 -119.03598 curveto
-68.98096 -119.141 -68.83853 -119.20001 -68.69 -119.20001 curveto
-68.54147 -119.20001 -68.39905 -119.141 -68.29402 -119.03598 curveto
-68.189 -118.93095 -68.12999 -118.78853 -68.12999 -118.64 curveto closepath
 fill
 0 0 0 setrgbcolor 0 0.35 dtransform truncate idtransform setlinewidth pop
newpath -68.69 -118.64 moveto 0 0 rlineto stroke
 0 0.24501 dtransform truncate idtransform setlinewidth pop
newpath -71.37997 -127.75 moveto
-68.58002 -127.75 lineto stroke
 0.24501 0 dtransform exch truncate exch idtransform pop setlinewidth
newpath -69.98 -129.14998 moveto
-69.98 -126.35002 lineto stroke
 0.00002 0.00018 0.0011 setrgbcolor
newpath -69.41998 -127.75 moveto
-69.41998 -127.60147 -69.47899 -127.45905 -69.58401 -127.35402 curveto
-69.68904 -127.249 -69.83147 -127.18999 -69.98 -127.18999 curveto
-70.12852 -127.18999 -70.27095 -127.249 -70.37598 -127.35402 curveto
-70.481 -127.45905 -70.54001 -127.60147 -70.54001 -127.75 curveto
-70.54001 -127.89853 -70.481 -128.04095 -70.37598 -128.14598 curveto
-70.27095 -128.251 -70.12852 -128.31001 -69.98 -128.31001 curveto
-69.83147 -128.31001 -69.68904 -128.251 -69.58401 -128.14598 curveto
-69.47899 -128.04095 -69.41998 -127.89853 -69.41998 -127.75 curveto closepath
 fill
 0 0 0 setrgbcolor 0 0.35 dtransform truncate idtransform setlinewidth pop
newpath -69.98 -127.75 moveto 0 0 rlineto stroke
 0 0.24501 dtransform truncate idtransform setlinewidth pop
newpath -41.88998 -122.03 moveto
-39.09003 -122.03 lineto stroke
 0.24501 0 dtransform exch truncate exch idtransform pop setlinewidth
newpath -40.49 -123.42998 moveto
-40.49 -120.63002 lineto stroke
 0.00002 0.00018 0.0011 setrgbcolor
newpath -39.93 -122.03 moveto
-39.93 -121.88147 -39.989 -121.73904 -40.09402 -121.63402 curveto
-40.19905 -121.52899 -40.34148 -121.46999 -40.49 -121.46999 curveto
-40.63853 -121.46999 -40.78096 -121.52899 -40.88599 -121.63402 curveto
-40.99101 -121.73904 -41.05002 -121.88147 -41.05002 -122.03 curveto
-41.05002 -122.17853 -40.99101 -122.32095 -40.88599 -122.42598 curveto
-40.78096 -122.531 -40.63853 -122.59001 -40.49 -122.59001 curveto
-40.34148 -122.59001 -40.19905 -122.531 -40.09402 -122.42598 curveto
-39.989 -122.32095 -39.93 -122.17853 -39.93 -122.03 curveto closepath fill
 0 0 0 setrgbcolor 0 0.35 dtransform truncate idtransform setlinewidth pop
newpath -40.49 -122.03 moveto 0 0 rlineto stroke
 0 0.24501 dtransform truncate idtransform setlinewidth pop
newpath -33.68997 -134.22 moveto
-30.89001 -134.22 lineto stroke
 0.24501 0 dtransform exch truncate exch idtransform pop setlinewidth
newpath -32.29 -135.61998 moveto
-32.29 -132.82002 lineto stroke
 0.00002 0.00018 0.0011 setrgbcolor
newpath -31.72998 -134.22 moveto
-31.72998 -134.07147 -31.78899 -133.92905 -31.89401 -133.82402 curveto
-31.99904 -133.719 -32.14146 -133.65999 -32.29 -133.65999 curveto
-32.43852 -133.65999 -32.58095 -133.719 -32.68597 -133.82402 curveto
-32.791 -133.92905 -32.85 -134.07147 -32.85 -134.22 curveto
-32.85 -134.36853 -32.791 -134.51096 -32.68597 -134.61598 curveto
-32.58095 -134.72101 -32.43852 -134.78001 -32.29 -134.78001 curveto
-32.14146 -134.78001 -31.99904 -134.72101 -31.89401 -134.61598 curveto
-31.78899 -134.51096 -31.72998 -134.36853 -31.72998 -134.22 curveto closepath
 fill
 0 0 0 setrgbcolor 0 0.35 dtransform truncate idtransform setlinewidth pop
newpath -32.29 -134.22 moveto 0 0 rlineto stroke
 0 0.24501 dtransform truncate idtransform setlinewidth pop
newpath -19.72998 -140.43 moveto
-16.93002 -140.43 lineto stroke
 0.24501 0 dtransform exch truncate exch idtransform pop setlinewidth
newpath -18.33 -141.82997 moveto
-18.33 -139.03001 lineto stroke
 0.00002 0.00018 0.0011 setrgbcolor
newpath -17.76999 -140.43 moveto
-17.76999 -140.28146 -17.829 -140.13904 -17.93402 -140.03401 curveto
-18.03905 -139.92899 -18.18147 -139.86998 -18.33 -139.86998 curveto
-18.47853 -139.86998 -18.62096 -139.92899 -18.72598 -140.03401 curveto
-18.83101 -140.13904 -18.89001 -140.28146 -18.89001 -140.43 curveto
-18.89001 -140.57852 -18.83101 -140.72095 -18.72598 -140.82597 curveto
-18.62096 -140.931 -18.47853 -140.99 -18.33 -140.99 curveto
-18.18147 -140.99 -18.03905 -140.931 -17.93402 -140.82597 curveto
-17.829 -140.72095 -17.76999 -140.57852 -17.76999 -140.43 curveto closepath
 fill
 0 0 0 setrgbcolor 0 0.35 dtransform truncate idtransform setlinewidth pop
newpath -18.33 -140.43 moveto 0 0 rlineto stroke
 0 0.24501 dtransform truncate idtransform setlinewidth pop
newpath -9.33998 -150.94 moveto
-6.54002 -150.94 lineto stroke
 0.24501 0 dtransform exch truncate exch idtransform pop setlinewidth
newpath -7.94 -152.33998 moveto
-7.94 -149.54002 lineto stroke
 0.00002 0.00018 0.0011 setrgbcolor
newpath -7.37999 -150.94 moveto
-7.37999 -150.79147 -7.439 -150.64905 -7.54402 -150.54402 curveto
-7.64905 -150.439 -7.79147 -150.37999 -7.94 -150.37999 curveto
-8.08853 -150.37999 -8.23096 -150.439 -8.33598 -150.54402 curveto
-8.44101 -150.64905 -8.50002 -150.79147 -8.50002 -150.94 curveto
-8.50002 -151.08853 -8.44101 -151.23096 -8.33598 -151.33598 curveto
-8.23096 -151.44101 -8.08853 -151.50002 -7.94 -151.50002 curveto
-7.79147 -151.50002 -7.64905 -151.44101 -7.54402 -151.33598 curveto
-7.439 -151.23096 -7.37999 -151.08853 -7.37999 -150.94 curveto closepath fill
 0 0 0 setrgbcolor 0 0.35 dtransform truncate idtransform setlinewidth pop
newpath -7.94 -150.94 moveto 0 0 rlineto stroke
 0 0.24501 dtransform truncate idtransform setlinewidth pop
newpath 7.14001 -160.18 moveto
9.93997 -160.18 lineto stroke
 0.24501 0 dtransform exch truncate exch idtransform pop setlinewidth
newpath 8.54 -161.57997 moveto
8.54 -158.78001 lineto stroke
 0.00002 0.00018 0.0011 setrgbcolor
newpath 9.1 -160.18 moveto
9.1 -160.03146 9.041 -159.88904 8.93597 -159.78401 curveto
8.83095 -159.67899 8.68852 -159.61998 8.54 -159.61998 curveto
8.39146 -159.61998 8.24904 -159.67899 8.14401 -159.78401 curveto
8.03899 -159.88904 7.97998 -160.03146 7.97998 -160.18 curveto
7.97998 -160.32852 8.03899 -160.47095 8.14401 -160.57597 curveto
8.24904 -160.681 8.39146 -160.74 8.54 -160.74 curveto
8.68852 -160.74 8.83095 -160.681 8.93597 -160.57597 curveto
9.041 -160.47095 9.1 -160.32852 9.1 -160.18 curveto closepath fill
 0 0 0 setrgbcolor 0 0.35 dtransform truncate idtransform setlinewidth pop
newpath 8.54 -160.18 moveto 0 0 rlineto stroke
 0 0.24501 dtransform truncate idtransform setlinewidth pop
newpath 26.35002 -174.52 moveto
29.14998 -174.52 lineto stroke
 0.24501 0 dtransform exch truncate exch idtransform pop setlinewidth
newpath 27.75 -175.91998 moveto
27.75 -173.12003 lineto stroke
 0.00002 0.00018 0.0011 setrgbcolor
newpath 28.31001 -174.52 moveto
28.31001 -174.37148 28.251 -174.22905 28.14598 -174.12402 curveto
28.04095 -174.019 27.89853 -173.95999 27.75 -173.95999 curveto
27.60147 -173.95999 27.45905 -174.019 27.35402 -174.12402 curveto
27.249 -174.22905 27.18999 -174.37148 27.18999 -174.52 curveto
27.18999 -174.66853 27.249 -174.81096 27.35402 -174.91599 curveto
27.45905 -175.02101 27.60147 -175.08002 27.75 -175.08002 curveto
27.89853 -175.08002 28.04095 -175.02101 28.14598 -174.91599 curveto
28.251 -174.81096 28.31001 -174.66853 28.31001 -174.52 curveto closepath fill
 0 0 0 setrgbcolor 0 0.35 dtransform truncate idtransform setlinewidth pop
newpath 27.75 -174.52 moveto 0 0 rlineto stroke
 0 0.24501 dtransform truncate idtransform setlinewidth pop
newpath 46.77002 -192.35 moveto
49.56998 -192.35 lineto stroke
 0.24501 0 dtransform exch truncate exch idtransform pop setlinewidth
newpath 48.17 -193.74998 moveto
48.17 -190.95003 lineto stroke
 0.00002 0.00018 0.0011 setrgbcolor
newpath 48.73001 -192.35 moveto
48.73001 -192.20148 48.671 -192.05905 48.56598 -191.95403 curveto
48.46095 -191.849 48.31853 -191.79 48.17 -191.79 curveto
48.02147 -191.79 47.87904 -191.849 47.77402 -191.95403 curveto
47.66899 -192.05905 47.60999 -192.20148 47.60999 -192.35 curveto
47.60999 -192.49854 47.66899 -192.64096 47.77402 -192.74599 curveto
47.87904 -192.85101 48.02147 -192.91002 48.17 -192.91002 curveto
48.31853 -192.91002 48.46095 -192.85101 48.56598 -192.74599 curveto
48.671 -192.64096 48.73001 -192.49854 48.73001 -192.35 curveto closepath fill
 0 0 0 setrgbcolor 0 0.35 dtransform truncate idtransform setlinewidth pop
newpath 48.17 -192.35 moveto 0 0 rlineto stroke
 0 0.24501 dtransform truncate idtransform setlinewidth pop
newpath 61.45003 -192.57 moveto
64.24998 -192.57 lineto stroke
 0.24501 0 dtransform exch truncate exch idtransform pop setlinewidth
newpath 62.85 -193.96999 moveto
62.85 -191.17003 lineto stroke
 0.00002 0.00018 0.0011 setrgbcolor
newpath 63.41002 -192.57 moveto
63.41002 -192.42148 63.35101 -192.27905 63.24599 -192.17403 curveto
63.14096 -192.069 62.99854 -192.01 62.85 -192.01 curveto
62.70148 -192.01 62.55905 -192.069 62.45403 -192.17403 curveto
62.349 -192.27905 62.29 -192.42148 62.29 -192.57 curveto
62.29 -192.71854 62.349 -192.86096 62.45403 -192.96599 curveto
62.55905 -193.07101 62.70148 -193.13002 62.85 -193.13002 curveto
62.99854 -193.13002 63.14096 -193.07101 63.24599 -192.96599 curveto
63.35101 -192.86096 63.41002 -192.71854 63.41002 -192.57 curveto closepath fill
 0 0 0 setrgbcolor 0 0.35 dtransform truncate idtransform setlinewidth pop
newpath 62.85 -192.57 moveto 0 0 rlineto stroke
 0 0.24501 dtransform truncate idtransform setlinewidth pop
newpath 68.12003 -199.26 moveto
70.91998 -199.26 lineto stroke
 0.24501 0 dtransform exch truncate exch idtransform pop setlinewidth
newpath 69.52 -200.65997 moveto
69.52 -197.86002 lineto stroke
 0.00002 0.00018 0.0011 setrgbcolor
newpath 70.08002 -199.26 moveto
70.08002 -199.11147 70.02101 -198.96904 69.91599 -198.86401 curveto
69.81096 -198.75899 69.66853 -198.69998 69.52 -198.69998 curveto
69.37148 -198.69998 69.22905 -198.75899 69.12402 -198.86401 curveto
69.019 -198.96904 68.95999 -199.11147 68.95999 -199.26 curveto
68.95999 -199.40852 69.019 -199.55095 69.12402 -199.65598 curveto
69.22905 -199.761 69.37148 -199.82 69.52 -199.82 curveto
69.66853 -199.82 69.81096 -199.761 69.91599 -199.65598 curveto
70.02101 -199.55095 70.08002 -199.40852 70.08002 -199.26 curveto closepath fill
 0 0 0 setrgbcolor 0 0.35 dtransform truncate idtransform setlinewidth pop
newpath 69.52 -199.26 moveto 0 0 rlineto stroke
 0 0.24501 dtransform truncate idtransform setlinewidth pop
newpath 72.28001 -207.56 moveto
75.07997 -207.56 lineto stroke
 0.24501 0 dtransform exch truncate exch idtransform pop setlinewidth
newpath 73.68 -208.95998 moveto
73.68 -206.16002 lineto stroke
 0.00002 0.00018 0.0011 setrgbcolor
newpath 74.24 -207.56 moveto
74.24 -207.41147 74.181 -207.26904 74.07597 -207.16402 curveto
73.97095 -207.05899 73.82852 -206.99998 73.68 -206.99998 curveto
73.53146 -206.99998 73.38904 -207.05899 73.28401 -207.16402 curveto
73.17899 -207.26904 73.11998 -207.41147 73.11998 -207.56 curveto
73.11998 -207.70853 73.17899 -207.85095 73.28401 -207.95598 curveto
73.38904 -208.061 73.53146 -208.12001 73.68 -208.12001 curveto
73.82852 -208.12001 73.97095 -208.061 74.07597 -207.95598 curveto
74.181 -207.85095 74.24 -207.70853 74.24 -207.56 curveto closepath fill
 0 0 0 setrgbcolor 0 0.35 dtransform truncate idtransform setlinewidth pop
newpath 73.68 -207.56 moveto 0 0 rlineto stroke
showpage
%%EOF
