%!PS
%%BoundingBox: -587 -307 601 300 
%%HiResBoundingBox: -586.8825 -306.65251 600.15251 299.42227 
%%Creator: MetaPost 1.209
%%CreationDate: 2019.09.26:1811
%%Pages: 1
%%BeginProlog
%%EndProlog
%%Page: 1 1
 0 0 0 setrgbcolor 0 0.24501 dtransform truncate idtransform setlinewidth pop
 [] 0 setdash 1 setlinecap 1 setlinejoin 10 setmiterlimit
newpath -583.11 -306.53 moveto
-583.11 -306.53 -575.81 -298.26 -569.82 -294.92 curveto
-563.51 -291.41 -561.76 -289.91 -557.01 -288.3 curveto
-552.23 -286.68 -549.56 -284.78 -545.24 -282.89 curveto
-540.93 -280.99 -537.64 -279.34 -534.18 -277.98 curveto
-530.73 -276.63 -525.32 -273.78 -522.54 -273.13 curveto
-519.77 -272.48 -511.23 -269.38 -507.54 -268.87 curveto
-503.84 -268.36 -494.28 -267.98 -490.99 -267.79 curveto
-487.7 -267.59 -476.9 -267.25 -471.05 -267.04 curveto
-465.2 -266.83 -454.05 -267.02 -449.26 -266.72 curveto
-444.46 -266.41 -437.12 -265.93 -432.93 -265.66 curveto
-428.73 -265.39 -415.92 -263.35 -412.92 -263.15 curveto
-409.92 -262.95 -397 -262.72 -393.74 -261.9 curveto
-390.48 -261.09 -383.92 -260.21 -381.13 -259.13 curveto
-378.33 -258.05 -372.42 -256.32 -370.11 -254.81 curveto
-367.8 -253.31 -360.98 -251.49 -359.59 -249.85 curveto
-358.21 -248.22 -351.44 -242.05 -347.65 -238.54 curveto
-343.87 -235.03 -329.72 -219.75 -328.65 -214.82 curveto
-327.57 -209.91 -324.27 -194.99 -323.34 -191.33 curveto
-322.41 -187.66 -319.25 -173.45 -315.08 -168.78 curveto
-310.91 -164.11 -296.45 -152.05 -291.85 -149.15 curveto
-287.24 -146.26 -275.99 -139.72 -268.35 -137.21 curveto
-260.71 -134.7 -245.66 -126.52 -241.37 -123.5 curveto
-237.08 -120.47 -222.63 -110.22 -218.47 -105.4 curveto
-214.31 -100.57 -205.38 -81.53 -203.31 -77.31 curveto
-201.23 -73.1 -191.3 -53.84 -189.68 -49.5 curveto
-188.06 -45.17 -180.53 -29.84 -178.92 -25.5 curveto
-177.3 -21.17 -173.87 -13.08 -172.53 -9.07 curveto
-171.18 -5.06 -169.63 3.93 -168.5 6.73 curveto
-167.37 9.52 -165.96 12.34 -165.27 14.8 curveto stroke
newpath -165.27 14.8 moveto
-164.71 16.96 -164.58 20.44 -160.25 23.97 curveto
-155.9 27.52 -153.96 26.02 -150.21 26.2 curveto
-146.45 26.37 -139.18 24.29 -135.46 23.11 curveto
-131.74 21.93 -125.07 21.61 -120.05 20.98 curveto
-115.02 20.36 -111.24 18.42 -106.61 20.63 curveto
-102.91 22.39 -95.09 24.78 -89.35 27.96 curveto
-83.61 31.15 -76.84 36.66 -75.16 38.15 curveto
-73.48 39.64 -69.28 41.62 -65.83 41.75 curveto
-62.38 41.87 -55.49 40.32 -53.86 40.6 curveto
-52.23 40.88 -51.49 42.89 -49.03 44.14 curveto
-46.58 45.39 -42.24 47.4 -37.18 49.9 curveto
-32.12 52.4 -25.08 54.59 -21.56 55.76 curveto
-18.04 56.93 -14.36 59.91 -8.94 63.76 curveto
-3.52 67.6 -0.94 67.95 2.38 71.33 curveto
5.88 74.89 19.39 87.61 24.22 91.42 curveto
29.06 95.24 38.63 100.45 40.21 101.62 curveto
41.78 102.79 45.14 106.36 45.14 106.36 curveto stroke
newpath 45.14 106.36 moveto
42.49 109.16 41.98 111.12 44.31 113.06 curveto
45.3 113.89 45.52 114.96 46.78 116.13 curveto
48.04 117.29 53.64 122.15 55.61 123.67 curveto
57.59 125.19 62.62 129.69 65.77 131.62 curveto
68.92 133.55 75.24 135.58 79.05 138.34 curveto
81.17 139.88 84.89 142.01 86.6 143.06 curveto
88.31 144.11 90.87 145.82 92.62 146.57 curveto
94.37 147.32 96.77 147.53 98.57 147.68 curveto
100.37 147.84 101.54 148.24 102.76 148.04 curveto
103.99 147.85 102.84 147.14 101.99 146.47 curveto
101.14 145.79 99.72 144.77 99.24 143.37 curveto
98.75 141.97 96.54 139.68 95.8 137.81 curveto
95.06 135.94 91.36 131.72 92.83 132.14 curveto
94.3 132.57 101.01 138.55 100.33 137.74 curveto
99.64 136.93 97.46 134.34 95.98 132.26 curveto
94.51 130.18 92.74 126.26 93.29 125.1 curveto
93.84 123.95 97.71 126.23 99.45 126.98 curveto
101.19 127.73 106.17 127.7 107.81 127.99 curveto
109.44 128.27 110.94 130.06 112.38 130.94 curveto
113.81 131.81 116.22 135.34 117.91 136.69 curveto
119.61 138.04 123.46 142.29 125.37 144.57 curveto
127.28 146.84 130.09 147.53 130.8 148.05 curveto
131.51 148.56 135.28 151.9 137.04 154.16 curveto
138.8 156.42 142.21 162.28 144.41 164.73 curveto
146.6 167.17 158.71 175 158.71 175 curveto stroke
newpath 158.71 175 moveto
158.71 175 165.68 179.66 167.81 179.39 curveto
169.94 179.12 178.07 175.44 179.71 173.92 curveto
181.34 172.4 193.2 165.7 197.93 164.89 curveto
202.67 164.08 211.26 162.24 215.04 162.1 curveto
218.82 161.96 227.8 160.91 232.55 161.76 curveto
237.3 162.61 244.18 163.19 248.21 163.67 curveto
252.23 164.16 262.69 165.19 265.48 166.03 curveto
268.27 166.87 285.37 176.71 288.69 178.34 curveto
294.42 181.15 302.69 185.22 306.25 185.79 curveto
309.85 186.37 320.55 191.34 324.56 192.09 curveto
328.56 192.84 343.6 197.43 348.16 198.35 curveto
354.1 199.54 364.51 199.23 370.37 197.83 curveto
376.26 196.42 382.86 195.72 386.83 195.45 curveto
390.8 195.17 395.12 194.48 397.4 192.87 curveto
399.67 191.26 400.85 190.01 400.85 190.01 curveto stroke
newpath 400.85 190.01 moveto
403.04 189.31 408.65 180.77 410.01 179.09 curveto
411.37 177.41 417.04 172.66 419.06 172.37 curveto
424.26 171.63 434.76 165.31 437.94 163.33 curveto
441.13 161.34 447.6 154.3 448.67 152.41 curveto
449.75 150.52 450.52 143.91 450.99 140.47 curveto
451.46 137.04 456.59 130.44 458.25 127.13 curveto
459.9 123.83 463.02 119.15 465.83 116.25 curveto
468.65 113.35 479.28 107.07 482.09 105.96 curveto
484.9 104.85 490.52 102.63 493.51 101.08 curveto
496.51 99.54 500.45 100.93 505.72 100.93 curveto
510.99 100.93 513.06 97.94 514.75 95.82 curveto
516.44 93.71 523.21 81.58 524.07 80.28 curveto
524.94 78.97 528.28 78.66 530.72 78.41 curveto
533.15 78.16 542.16 77.13 546.16 77.91 curveto
550.16 78.69 563.09 80.85 563.09 80.85 curveto
563.09 80.85 565.31 79.94 564.91 79.44 curveto
564.51 78.94 561.38 77.11 559.25 75.84 curveto
557.12 74.57 555.24 73.78 550.67 71.21 curveto
546.11 68.64 546.61 68.23 543.89 66.76 curveto
541.18 65.28 533.24 61.77 533.24 61.77 curveto stroke
newpath 539.09 51.65 moveto
539.09 51.65 548.29 57.55 550.62 58.39 curveto
552.94 59.22 558.46 60.25 560.95 61.99 curveto
564.47 64.46 568.83 64.45 572.06 65.23 curveto
575.28 66.01 579.35 67.18 582.45 67.48 curveto
585.55 67.78 590.13 68.49 591.85 69.4 curveto
593.57 70.31 598.27 71.65 600.03 72.11 curveto stroke
newpath 595.14 85.97 moveto
595.14 85.97 587.69 84.88 582.29 86.4 curveto
581.71 86.56 592.67 86.65 594.98 87.77 curveto stroke
newpath 589.64 109.73 moveto
589.64 109.73 581.8 103.27 577.87 102.02 curveto
573.95 100.77 571.78 98.35 569.63 98.93 curveto
567.48 99.51 559.27 107.41 557.84 108.35 curveto
556.4 109.29 564.17 116.39 565.14 117.22 curveto stroke
newpath 557.6 122.94 moveto
556.12 122.82 551.85 121.87 549.19 121.35 curveto
546.53 120.83 538.89 118.54 534.7 118.19 curveto
530.51 117.83 523.32 124.16 520.31 125.87 curveto
517.3 127.57 514.77 128.86 511.72 129.2 curveto
508.67 129.54 502.8 131.15 499.37 132.36 curveto
495.94 133.56 487.65 138.55 485.86 140.05 curveto
484.06 141.55 483.25 143.89 483.08 145.84 curveto
482.92 147.78 479.9 153.11 478.99 156.68 curveto
478.07 160.24 475.38 164.7 472.7 167.48 curveto
470.02 170.26 466.57 174.93 466.57 174.93 curveto
466.57 174.93 477.5 180.3 477.54 180.63 curveto
477.82 182.63 480.04 184.8 480.04 184.8 curveto stroke
newpath 465.18 190.37 moveto
462.72 192.56 458.14 191.68 456.78 190.19 curveto
455.41 188.71 450.94 191.63 449.36 192.55 curveto
447.77 193.46 439.85 196.23 436.77 196.86 curveto
433.7 197.5 430.65 197.83 426.73 197.78 curveto
422.82 197.73 419.01 199.8 419.01 199.8 curveto stroke
newpath 419.01 199.8 moveto
419.01 199.8 426.82 206.83 428.37 208.02 curveto
429.91 209.22 442.42 220.36 444.36 222.2 curveto
446.3 224.04 450.04 227.55 451.96 228.02 curveto
453.87 228.5 463.08 234.91 464.66 235.8 curveto
466.23 236.7 473.65 241.29 474.68 241.53 curveto
475.71 241.77 480.45 245.97 482.34 246.74 curveto
484.23 247.51 491.17 249.04 495.09 249.1 curveto
499 249.15 503.4 250.6 505.86 251.73 curveto
508.32 252.86 510.18 253.93 511.5 254.35 curveto
512.82 254.78 515.76 255.65 517.85 254.18 curveto
519.94 252.72 521.53 251.67 521.53 251.67 curveto stroke
newpath 529.58 245.78 moveto
529.58 245.78 533.05 250.61 534.99 250.78 curveto
536.93 250.96 543.41 252.45 545.45 253.09 curveto
547.5 253.72 552.67 254.8 554.69 255.73 curveto
556.71 256.67 560.65 257.93 563.1 259.2 curveto
565.54 260.47 574.67 265.96 576.32 269.27 curveto stroke
newpath 548.77 294.6 moveto
548.77 294.6 539.72 291.52 534.34 292.85 curveto
528.95 294.17 516.56 299.67 512.23 299.28 curveto
507.9 298.89 505.47 297.46 504.18 296.74 curveto stroke
newpath 504.18 296.74 moveto
504.18 296.74 498.97 292.81 496.47 292.13 curveto
493.97 291.46 485.61 290.7 482.9 288.95 curveto stroke
newpath 482.9 288.95 moveto
482.9 288.95 472.72 283.37 467.5 281.09 curveto
462.28 278.81 455.23 273.51 451.88 272.3 curveto
448.52 271.09 441.99 270.05 439.25 268.75 curveto
436.5 267.45 422.64 261.06 419.41 260.17 curveto
416.19 259.27 400.82 253.19 394.33 252.02 curveto
387.83 250.85 375.9 246.23 372.99 245.09 curveto
370.08 243.94 360.13 237.59 357.85 236.23 curveto
356.05 235.15 352.15 234.47 350.14 233.43 curveto
348.12 232.39 339.1 228.76 335.96 228.53 curveto
332.81 228.31 324.43 233.09 321.79 233.95 curveto
319.15 234.81 311.83 232.04 309.39 230.51 curveto
306.94 228.98 299.76 224.38 297.57 223.46 curveto
295.39 222.54 293.39 222.98 292.45 221.56 curveto
291.26 219.76 283.72 213.96 280.84 212.22 curveto
277.96 210.48 270.15 204.4 265.92 202.54 curveto
261.7 200.68 248.03 194.7 242.1 193.45 curveto
236.18 192.2 225.69 189.66 220.12 189.65 curveto
214.55 189.63 206.63 188.82 201.41 193.51 curveto
196.29 198.11 194.23 203.61 191.65 205.51 curveto
189.08 207.4 187.42 209.22 187.42 209.22 curveto stroke
newpath 175.46 213.48 moveto
175.46 213.48 174.43 211.43 172.02 211.38 curveto
169.61 211.32 167.78 211.62 167.13 212.17 curveto stroke
newpath 152.72 223.89 moveto
152.72 223.89 151.27 219.7 149.93 217.77 curveto
148.58 215.85 143.59 205.47 142 202.93 curveto
140.41 200.38 138.29 197.03 137.5 195.76 curveto
136.71 194.48 134.73 189.49 135.54 188.81 curveto
136.35 188.13 141.37 187.5 142.62 187.01 curveto
143.86 186.51 148.25 184.49 150.1 184.04 curveto
151.94 183.6 154.34 182 155.15 181.32 curveto
155.96 180.64 154.87 178.51 154.87 178.51 curveto stroke
newpath 154.87 178.51 moveto
154.87 178.51 150.09 175.46 148.4 174.11 curveto
146.72 172.75 143.99 171.24 141.42 169.66 curveto
138.85 168.08 135.47 163.66 132.42 162.41 curveto
129.93 161.41 123.58 156.61 121.35 156.27 curveto
119.12 155.93 116.16 155.23 116.2 156.58 curveto
116.23 157.94 117.67 160.48 118.36 161.29 curveto
119.04 162.1 121.46 164.64 121.51 165.85 curveto stroke
newpath 114.13 175.39 moveto
112.99 174.69 111.09 173.93 109.72 172.31 curveto
108.36 170.69 107.85 171.25 106.26 168.7 curveto
104.67 166.16 101.86 163.8 99.69 162.71 curveto
97.52 161.62 95.88 161.33 92.95 160.33 curveto
90.01 159.32 88.41 158.57 85.37 157.1 curveto
82.34 155.63 80.69 153.83 79.5 151.92 curveto
78.32 150.01 76.67 146.55 75.37 144.34 curveto
74.06 142.12 68.87 139.42 65.99 137.82 curveto
63.11 136.21 57.29 132.09 54.57 130.5 curveto
51.85 128.91 46.7 124.1 44.57 122.72 curveto
42.44 121.34 36.65 114.75 34.25 112.62 curveto
31.85 110.49 28.97 110.73 25.68 110.49 curveto
22.39 110.25 15.68 113.5 15.68 113.5 curveto stroke
newpath 15.68 113.5 moveto
15.68 113.5 2.31 105.01 -2.79 102.83 curveto
-7.9 100.65 -20.29 93.13 -24.51 91.02 curveto
-28.73 88.91 -37.42 84.19 -41.37 82.68 curveto
-45.33 81.17 -54.46 78.48 -58.55 76.94 curveto
-62.65 75.41 -71.06 73.23 -74.4 71.61 curveto
-77.73 69.99 -88.02 64.8 -92.18 64.16 curveto
-96.35 63.52 -101.52 62.19 -104.43 60.89 curveto
-107.34 59.6 -119.1 55.74 -122.18 56.53 curveto
-125.27 57.33 -133.72 60.67 -136.73 62.37 curveto
-139.75 64.07 -148.3 65.29 -153.08 64.73 curveto
-157.86 64.16 -168.04 63.58 -171.86 62.5 curveto
-175.67 61.42 -179.14 59.92 -179.24 57.49 curveto
-179.33 55.07 -178.08 50.95 -176.8 48.35 curveto
-175.53 45.74 -173.44 41.33 -172.7 39.19 curveto
-171.49 35.68 -171.87 31.57 -173.68 28.41 curveto
-175.48 25.26 -177.66 19.53 -178.96 18.98 curveto stroke
newpath -178.96 18.98 moveto
-178.96 18.98 -183.58 18.62 -186.69 19.88 curveto
-189.79 21.14 -199.38 24.44 -201.19 28.04 curveto stroke
newpath -212.58 -0.47 moveto
-212.58 -0.47 -214.93 -6.97 -213.37 -9.7 curveto
-211.8 -12.43 -211.1 -11.78 -209.56 -12.26 curveto
-208.02 -12.74 -207.15 -14.32 -207.75 -16.17 curveto
-208.36 -18.02 -211.79 -24.16 -213.11 -26.52 curveto
-214.43 -28.87 -216.75 -35.82 -217.57 -38.74 curveto
-218.4 -41.66 -220.36 -47.38 -222.42 -49.79 curveto
-224.49 -52.2 -229.49 -61.15 -231.94 -64.48 curveto
-234.38 -67.82 -242.54 -79.08 -246.99 -81.95 curveto
-251.44 -84.83 -269.99 -96.42 -274.89 -99.34 curveto
-279.79 -102.25 -294.54 -110.4 -298.36 -111.58 curveto
-302.19 -112.76 -308.82 -114.61 -310.22 -116.06 curveto
-311.62 -117.52 -327.89 -131.51 -332.36 -136.2 curveto
-336.84 -140.89 -348.32 -154.81 -352.43 -160.66 curveto
-356.53 -166.52 -367.22 -185.97 -369.26 -190.82 curveto
-371.3 -195.66 -377.1 -202.18 -379.12 -205.08 curveto
-381.14 -207.98 -383.9 -215.67 -385.26 -216.99 curveto
-386.61 -218.31 -391.94 -226.67 -395.89 -228.99 curveto
-399.88 -231.34 -410.28 -235.29 -415.67 -235.64 curveto
-421.07 -235.99 -433.09 -236.17 -436.7 -236.26 curveto
-440.3 -236.34 -449.37 -235.73 -453.55 -236.3 curveto
-457.73 -236.87 -466.7 -237.74 -470.75 -237.99 curveto
-474.8 -238.24 -487.65 -239.78 -491.23 -240.14 curveto
-494.82 -240.5 -506.05 -241.28 -510.06 -242.09 curveto
-514.06 -242.9 -521.93 -244.3 -526.87 -244.58 curveto
-531.81 -244.87 -538.43 -245.11 -543.97 -247.97 curveto
-549.48 -250.81 -560.78 -255.87 -563.42 -256.78 curveto
-566.13 -257.72 -577.39 -265.45 -581.33 -266.8 curveto
-585.7 -268.29 -584.61 -267.86 -586.76 -268.4 curveto stroke
newpath -173.78 22.99 moveto
-173.78 22.99 -171.97 22.84 -171.89 21.94 curveto
-171.81 21.04 -172.85 20.63 -173.12 19.65 curveto
-173.39 18.66 -173.31 17.77 -174.79 17.5 curveto
-176.26 17.24 -174.82 19.6 -174.6 20.52 curveto
-174.38 21.44 -173.78 22.99 -173.78 22.99 curveto closepath stroke
showpage
%%EOF
