%!PS
%%BoundingBox: -374 -799 372 799 
%%HiResBoundingBox: -373.05833 -798.83833 371.61833 798.83833 
%%Creator: MetaPost 1.209
%%CreationDate: 2018.11.10:1625
%%Pages: 1
%%BeginProlog
%%EndProlog
%%Page: 1 1
 0 0 0 setrgbcolor 0 0.11667 dtransform truncate idtransform setlinewidth pop
 [] 0 setdash 1 setlinecap 1 setlinejoin 10 setmiterlimit
newpath -1.12 -77.95 moveto
-1.41 -76.23 -3.72 -66.34 -4.96 -64.13 curveto
-6.21 -61.93 -8.99 -52.61 -9.67 -50.98 curveto
-10.34 -49.35 -12.93 -38.4 -9.57 -34.37 curveto
-6.21 -30.34 -2.76 -25.44 -0.17 -24.01 curveto
2.42 -22.57 10.49 -14.6 11.74 -13.83 curveto
12.99 -13.06 32.38 -6.06 34.2 -4.9 curveto
36.02 -3.75 52.25 5.17 54.27 7.19 curveto
56.29 9.21 63.41 15.19 65.33 17.49 curveto
67.25 19.8 81.72 37.24 83.35 40.22 curveto
84.98 43.19 95.35 63.15 96.5 65.46 curveto
97.65 67.76 106.87 90.6 107.07 97.8 curveto
107.26 105 108.7 120.27 107.55 124.78 curveto
106.4 129.3 103.04 144.85 103.14 149.65 curveto
103.23 154.45 103.04 167.12 100.93 169.81 curveto
98.82 172.49 95.17 178.64 93.82 179.02 curveto
92.48 179.41 89.79 180.75 90.66 183.83 curveto
91.52 186.9 98.15 195.83 100.07 198.33 curveto
101.99 200.83 110.63 212.06 111.87 213.69 curveto
113.12 215.32 122.14 229.04 123.39 231.24 curveto
124.64 233.45 132.42 247.55 134.14 249.66 curveto
135.87 251.77 146.92 269.54 148.16 273.09 curveto
149.41 276.65 159.5 294.03 160.94 296.91 curveto
162.37 299.79 167.94 312.85 169.48 314.48 curveto
171.01 316.11 176.87 323.5 178.4 324.94 curveto
179.94 326.39 191.46 334.36 192.52 335.61 curveto
193.57 336.86 203.74 350.77 204.42 352.2 curveto
205.43 354.31 212.87 373.24 212.68 376.5 curveto
212.49 379.77 213.71 384.55 211.43 387.06 curveto
208.65 390.14 208.84 394.83 206.34 398.28 curveto
203.85 401.73 197.41 410.93 196.07 412.66 curveto
194.72 414.39 188.39 421.4 186.56 426.3 curveto
184.74 431.19 182.42 434.49 182.37 440.07 curveto
182.31 446.14 184.4 452.84 185.34 455.65 curveto
186.28 458.47 191.15 474.43 193.67 477.46 curveto
195.59 479.77 201.62 488.83 202.2 490.18 curveto
202.77 491.53 204.72 496.2 204.72 496.2 curveto
204.72 496.2 209.32 506.76 210.09 508.68 curveto
210.85 510.59 217.33 522.78 218.2 524.55 curveto
221.34 530.91 234.09 551.68 236 553.75 curveto
239.81 557.87 243.97 566.94 244.55 568.38 curveto
245.12 569.83 248.87 576.47 250.5 577.53 curveto
252.13 578.58 257.62 581.59 259.81 583.65 curveto
261.44 585.18 265.38 589.29 266.34 590.05 curveto
267.3 590.82 281.8 605.12 283.34 607.33 curveto
284.87 609.53 291.97 626.5 292.64 627.94 curveto
293.31 629.38 296.86 650.53 297.05 652.06 curveto
297.24 653.59 298.38 665.43 299.14 669.06 curveto
299.91 672.7 300.97 679.26 301.26 681.2 curveto
301.55 683.13 303.39 692.42 304.35 693.67 curveto
305.31 694.92 311.63 700.69 314.21 703.92 curveto
316.81 707.16 327.94 718.44 329.57 720.18 curveto
331.21 721.94 338.62 728.28 339.88 729.83 curveto
341.12 731.36 344.26 736.56 345.12 738.4 curveto
345.96 740.24 349.53 746.17 349.53 746.17 curveto
349.53 746.17 353.04 752.75 353.45 756.56 curveto
353.72 759.12 353.14 763.63 354.29 765.73 curveto
355.4 767.76 358.88 772.9 361.27 775.61 curveto
363.81 778.49 370.85 788.2 370.95 791.76 curveto
371.04 794.52 370.28 795.86 370.79 796.19 curveto
371.53 796.67 371.56 798.78 371.56 798.78 curveto stroke
newpath 353.99 796.96 moveto
353.85 795.53 353.68 791.27 352.68 789.43 curveto
351.68 787.6 348.13 781.67 346.47 780.2 curveto
344.8 778.73 338.62 771.48 338.26 769.65 curveto
337.88 767.79 336.73 763.44 336.53 760.72 curveto
336.33 757.99 334.4 751.6 333.25 749.04 curveto
332.11 746.5 328.3 741.1 326.77 739.87 curveto
325.23 738.63 310.1 725.55 308.38 724.02 curveto
306.65 722.49 297.8 713.82 296.07 711.89 curveto
294.34 709.96 287.62 702.66 286.18 700.16 curveto
284.74 697.66 282.92 692.18 281.57 689.86 curveto
280.23 687.55 279.36 682.55 278.5 679.67 curveto
277.64 676.8 276.6 666.49 276.12 664.87 curveto
275.64 663.25 274.59 656.95 274.5 653.89 curveto
274.41 650.83 274.79 642.57 274.31 639.69 curveto
273.83 636.8 272.58 629.62 271.72 627.04 curveto
270.86 624.47 268.37 618.72 266.83 616.6 curveto
265.29 614.49 256.74 606.96 255.01 604.94 curveto
253.28 602.92 246.17 596.11 243.2 593.81 curveto
240.22 591.51 235.42 588.24 233.12 585.93 curveto
230.81 583.62 225.83 577.3 223.91 574.9 curveto
221.99 572.51 217.48 565.69 215.66 563.38 curveto
213.84 561.07 210.18 552.13 208.26 549.34 curveto
206.34 546.55 200.96 532.14 200.67 530.32 curveto
200.39 528.5 196.26 521.41 194.92 518.15 curveto
193.57 514.9 187.43 506.07 186.37 504.06 curveto
185.32 502.04 180.42 495.41 178.98 493 curveto
177.54 490.6 167.93 478.49 166.69 474.17 curveto
165.44 469.86 163.62 462.09 162.95 458.93 curveto
162.28 455.77 161.13 445.32 161.13 443.41 curveto
161.13 441.49 162.57 428.82 163.92 425.74 curveto
165.26 422.67 170.54 412.48 171.69 410.84 curveto
172.84 409.21 177.54 402.59 178.98 400.67 curveto
180.42 398.75 185.7 392.9 187.24 390.6 curveto
188.78 388.3 192.52 384.08 192.71 382.74 curveto
192.91 381.4 193.86 379 193 377.27 curveto
192.14 375.54 191.94 371.22 190.79 368.81 curveto
189.64 366.41 187.14 361.23 185.7 358.83 curveto
184.26 356.43 177.83 351.34 176.58 349.91 curveto
175.33 348.47 169.76 344.05 167.94 341.94 curveto
166.11 339.82 160.83 333.78 159.97 332.15 curveto
159.11 330.52 153.83 323.89 153.06 322.74 curveto
152.29 321.59 148.93 315.73 148.07 314.29 curveto
147.2 312.85 144.42 306.8 143.27 305.26 curveto
142.12 303.72 138.57 297 136.84 294.12 curveto
135.11 291.24 130.89 282.41 129.93 280.58 curveto
128.97 278.76 124.55 270.98 123.3 268.39 curveto
122.05 265.79 117.06 256.58 115.91 254.75 curveto
114.76 252.93 107.56 244.2 106.21 242.28 curveto
104.87 240.36 98.53 232.79 97.28 230.58 curveto
96.04 228.38 85.86 218.2 84.9 216.09 curveto
83.93 213.98 78.46 206.97 76.83 203.7 curveto
75.19 200.43 70.01 189.58 69.05 187.28 curveto
68.09 184.97 67.99 177.01 68.28 175.95 curveto
68.57 174.89 69.82 168.75 70.01 167.89 curveto
70.2 167.02 71.74 161.36 71.74 161.36 curveto stroke
newpath 73.47 154.73 moveto
73.85 153.96 75.2 149.26 76.45 147.34 curveto
77.7 145.42 80.39 140.05 81.06 138.61 curveto
81.73 137.17 85.86 129.87 86.34 128.15 curveto
86.82 126.42 88.83 118.54 88.45 116.91 curveto
88.06 115.28 87.39 102.51 86.04 98.58 curveto
84.7 94.64 84.12 84.37 83.07 81.49 curveto
82.01 78.61 78.4 71.84 76.86 69.34 curveto
75.33 66.85 70.31 58 69.35 56.56 curveto
68.39 55.12 61.37 43.21 60.12 41.29 curveto
59.21 39.89 54.43 32.42 51.3 30.7 curveto
48.22 29 38.42 21.02 36.7 19.67 curveto
34.97 18.33 26.24 15.25 23.46 14.49 curveto
20.68 13.72 12.52 11.04 10.22 9.89 curveto
7.91 8.74 2.72 6.92 0.13 5.29 curveto
-2.33 3.73 -4.57 0.79 -5.72 -0.55 curveto
-6.88 -1.9 -9.14 -3.75 -9.43 -3.94 curveto stroke
newpath -14.95 -7.49 moveto
-16.48 -8.26 -20.32 -9.6 -21.86 -12.97 curveto
-23.39 -16.33 -28.38 -27.08 -28.96 -28.61 curveto
-29.54 -30.15 -31.55 -34.95 -32.03 -36.68 curveto
-32.51 -38.4 -36.26 -46.95 -36.35 -48 curveto
-36.45 -49.06 -39.14 -57.12 -39.71 -59.14 curveto
-40.29 -61.16 -41.34 -66.82 -41.92 -71.33 curveto
-42.49 -75.84 -41.72 -85.64 -41.44 -88.04 curveto
-41.15 -90.44 -39.32 -97.92 -39.42 -101.48 curveto
-39.52 -105.03 -41.05 -108.19 -42.01 -108.96 curveto
-42.97 -109.73 -49.12 -110.11 -52 -110.98 curveto
-54.88 -111.84 -61.41 -113.76 -63.71 -115.39 curveto
-66.02 -117.03 -72.64 -122.69 -74.85 -125.19 curveto
-77.06 -127.69 -80.78 -134.29 -82.8 -137.37 curveto
-84.81 -140.44 -84.07 -142.09 -84.07 -145.74 curveto
-84.07 -149.39 -84.36 -158.51 -83.5 -160.91 curveto
-82.63 -163.31 -79.44 -176.91 -78.78 -179.12 curveto
-77.99 -181.75 -75.23 -188.14 -73.35 -190.28 curveto
-71.57 -192.3 -67.31 -202.46 -65.68 -205.14 curveto
-64.05 -207.83 -59.56 -212.55 -60.88 -214.53 curveto
-62.8 -217.41 -66.27 -218.19 -67.71 -219.54 curveto
-69.15 -220.88 -72.06 -222.28 -75.8 -224.39 curveto
-79.54 -226.5 -86.47 -232.45 -88 -233.89 curveto
-89.54 -235.33 -91.36 -239.05 -94.43 -248.46 curveto
-97.5 -257.87 -99.8 -264.49 -99.9 -267.56 curveto
-100 -270.64 -100.38 -276.3 -100.48 -279.47 curveto
-100.57 -282.64 -101.15 -284.6 -101.15 -284.6 curveto stroke
newpath -101.25 -286.86 moveto
-101.53 -288.49 -101.15 -290.89 -102.3 -293.77 curveto
-103.46 -296.65 -103.65 -302.03 -104.8 -305.1 curveto
-105.95 -308.18 -108.34 -314.52 -109.58 -316.73 curveto
-110.83 -318.94 -112.06 -324.51 -113.3 -326.92 curveto
-114.53 -329.32 -117.17 -334.38 -118.03 -335.91 curveto
-118.89 -337.43 -121.38 -340.65 -124.54 -342.41 curveto
-127.7 -344.16 -132.12 -345.97 -135.78 -346.39 curveto
-139.44 -346.8 -138.86 -345.87 -138.86 -345.87 curveto stroke
newpath -146.63 -343.24 moveto
-147.99 -343.98 -149.73 -346.02 -151.48 -347.81 curveto
-153.22 -349.61 -157.42 -352.72 -158.59 -354.15 curveto
-159.76 -355.58 -163.6 -358.88 -163.6 -358.88 curveto stroke
newpath -163.6 -358.88 moveto
-163.6 -358.88 -167.46 -366.96 -166.87 -369.57 curveto
-166.28 -372.17 -163.1 -381.39 -161.5 -382.79 curveto
-159.9 -384.19 -156.88 -391.56 -156.88 -391.56 curveto stroke
newpath -156.88 -391.56 moveto
-156.7 -392.21 -157.27 -392.61 -157.65 -393.19 curveto
-158.04 -393.76 -160.82 -398.47 -162.17 -402.69 curveto
-163.51 -406.91 -166.49 -414.3 -167.16 -418.24 curveto
-167.83 -422.17 -172.64 -437.15 -173.6 -439.55 curveto
-174.56 -441.95 -178.21 -456.54 -178.98 -461.92 curveto
-179.75 -467.3 -188.19 -479.87 -189.63 -482.56 curveto
-191.07 -485.25 -196.44 -497.84 -198.45 -500.82 curveto
-200.47 -503.79 -213.63 -521.11 -214.62 -523.04 curveto
-215.57 -524.89 -225.09 -536.51 -226.39 -537.95 curveto
-227.68 -539.39 -235.17 -548.76 -236.09 -549.86 curveto
-237 -550.96 -240.41 -562.3 -242.24 -567.34 curveto
-244.06 -572.38 -247.65 -584.91 -248.47 -586.59 curveto
-249.29 -588.27 -254.9 -599.4 -255.66 -601.32 curveto
-256.43 -603.23 -264.44 -618.54 -264.97 -619.98 curveto
-265.5 -621.42 -269.15 -633.13 -270.11 -634.91 curveto
-271.07 -636.69 -277.02 -654.01 -277.5 -655.93 curveto
-277.98 -657.85 -279.52 -665 -280 -666.88 curveto
-280.48 -668.75 -281.69 -678.44 -282.07 -680.51 curveto
-282.46 -682.57 -282.51 -690.44 -282.84 -693.46 curveto
-283.18 -696.49 -287.74 -701.62 -289.04 -702.92 curveto
-290.34 -704.21 -297.18 -709.51 -302.08 -712.48 curveto
-306.97 -715.46 -315.81 -727.46 -316.54 -728.61 curveto
-317.31 -729.81 -327.33 -739.34 -328.57 -740.87 curveto
-329.82 -742.41 -336.94 -751.79 -338.09 -752.85 curveto
-339.24 -753.9 -345.36 -760.29 -346.61 -760.96 curveto
-347.86 -761.63 -356.11 -768.29 -357.73 -768.79 curveto
-359.51 -769.35 -367.2 -775.79 -368.75 -778.03 curveto
-369.37 -778.93 -372.37 -785.94 -373 -787.38 curveto stroke
newpath -361.92 -798.78 moveto
-361.32 -797.58 -359.72 -797.58 -357.92 -797.18 curveto
-356.12 -796.78 -352.77 -797.69 -351.37 -797.09 curveto
-349.97 -796.49 -349.32 -795.18 -347.6 -794.56 curveto stroke
newpath -340.88 -788.63 moveto
-340.88 -788.63 -339.87 -788.58 -339.44 -788.3 curveto
-339.01 -788.01 -335.07 -784.29 -334.43 -783.21 curveto
-333.78 -782.13 -329.67 -775.82 -329.33 -775.43 curveto
-329 -775.05 -314.8 -754.49 -309.11 -748.33 curveto
-302.8 -741.49 -297.67 -734.96 -294.56 -733.35 curveto
-291.53 -731.79 -274.65 -715.63 -272.77 -713.24 curveto
-269.99 -709.72 -264.22 -692.61 -263.74 -690.79 curveto
-263.26 -688.96 -253.94 -670.05 -253.26 -667.84 curveto
-252.59 -665.63 -246.03 -645.81 -244.77 -642.37 curveto
-243.36 -638.51 -242.27 -626.76 -240.55 -623.84 curveto
-238.54 -620.43 -231.96 -606.4 -231 -604.58 curveto
-230.04 -602.76 -223.61 -584.33 -223.04 -581.84 curveto
-222.46 -579.34 -218.02 -567.98 -214.93 -562.76 curveto
-212.79 -559.13 -208.17 -549.37 -206.06 -546.68 curveto
-203.95 -543.99 -191.83 -525.27 -189.91 -523.26 curveto
-187.99 -521.24 -180.31 -512.79 -178.2 -509.72 curveto
-176.09 -506.65 -164.58 -484.09 -163.43 -481.6 curveto
-162.28 -479.1 -156.99 -466.53 -156.71 -463.94 curveto
-156.42 -461.34 -152.28 -444.26 -151.42 -441.09 curveto
-150.56 -437.92 -149.11 -426.78 -148.25 -423.71 curveto
-147.39 -420.64 -143.64 -408.64 -142.97 -406.33 curveto
-142.3 -404.03 -140.78 -395.94 -138.77 -392.96 curveto
-136.76 -389.98 -126.71 -375.42 -125.08 -373.62 curveto
-123.46 -371.83 -105.22 -349.66 -102.14 -345.27 curveto
-99.03 -340.85 -90.21 -326.12 -88.96 -323.92 curveto
-87.71 -321.71 -78.21 -302.6 -77.35 -300.01 curveto
-76.48 -297.42 -69.47 -278.22 -68.7 -276.11 curveto
-67.93 -274 -63.71 -259.59 -61.79 -257.58 curveto
-59.87 -255.56 -53.34 -253.06 -51.23 -252.58 curveto
-49.12 -252.11 -37.31 -248.56 -33.76 -245.77 curveto
-30.21 -242.99 -23.01 -234.73 -21.95 -232.42 curveto
-20.89 -230.12 -10.97 -215.2 -10.68 -211.55 curveto
-10.39 -207.9 -8.7 -189.61 -9.38 -187.59 curveto
-10.05 -185.58 -14.94 -178.96 -18.59 -176.08 curveto
-22.24 -173.2 -32.13 -162.99 -37.03 -160.33 curveto
-38.84 -159.35 -42.98 -158.32 -42.5 -156.49 curveto
-42.02 -154.67 -38.6 -151.35 -37.66 -149.21 curveto
-36.73 -147.09 -31.87 -141.74 -26.76 -137.93 curveto
-25.71 -137.15 -13.56 -128.69 -11.16 -127.45 curveto
-8.76 -126.2 2.33 -120.8 4.55 -119.21 curveto
7.88 -116.81 11.74 -108.2 8.76 -100.33 curveto
5.79 -92.45 1.95 -86.21 1.37 -84.96 curveto
0.8 -83.71 -0.07 -82.85 0.03 -82.08 curveto stroke
newpath -341.62 -786.78 moveto
-342.02 -786.68 lineto
-342.17 -785.97 lineto
-341.47 -785.47 lineto
-340.96 -785.27 lineto
-340.15 -784.51 lineto
-339.65 -784.11 lineto
-338.94 -783.75 lineto
-338.59 -783.95 lineto
-339.24 -784.56 lineto
-339.75 -785.27 lineto
-340.4 -785.52 lineto
-341.21 -786.33 lineto
 closepath stroke
showpage
%%EOF
