%!PS
%%BoundingBox: -101 -103 101 101 
%%HiResBoundingBox: -100.29565 -102.91301 100.54019 100.2725 
%%Creator: MetaPost 1.209
%%CreationDate: 2019.09.26:1811
%%Pages: 1
%%BeginProlog
%%EndProlog
%%Page: 1 1
 0 0 0 setrgbcolor 0 0.24501 dtransform truncate idtransform setlinewidth pop
 [] 0 setdash 1 setlinecap 1 setlinejoin 10 setmiterlimit
newpath 87.65 100.15 moveto
87.65 100.15 89.82 96.05 92.18 94.05 curveto
94.54 92.05 95.5 87.83 96.65 85.41 curveto
97.8 82.98 98.61 78.32 99.01 76.21 curveto
99.42 74.1 101.25 68.21 99.97 64.48 curveto
98.69 60.76 95.73 55.27 94.78 52.74 curveto
93.83 50.21 92.06 44.54 90.04 40.98 curveto
88.01 37.42 81.91 32.6 80.83 31.27 curveto
79.76 29.94 77.76 27.58 78.75 24.71 curveto
79.74 21.84 78.48 18.72 78.43 16.47 curveto
78.38 14.22 77.99 9.57 77.93 6.73 curveto
77.87 3.88 78.59 2.21 78.55 0.26 curveto
78.51 -1.69 77.7 -4.22 78.1 -6.93 curveto
78.49 -9.64 79.23 -10.11 79.49 -12.21 curveto
79.75 -14.32 81.4 -14.05 82.45 -14.07 curveto
83.5 -14.09 87 -11.62 87.86 -13.58 curveto
88.72 -15.55 90.42 -20.54 90.69 -22.04 curveto
90.96 -23.55 92.22 -27.78 92.78 -30.04 curveto
93.33 -32.3 93.23 -37.1 93.18 -39.65 curveto
93.13 -42.2 92.91 -45.49 93.02 -47.3 curveto
93.14 -49.1 91.81 -55.22 90.43 -56.55 curveto
89.06 -57.87 78.81 -67.11 76.68 -68.87 curveto
74.54 -70.62 66.86 -74.91 64.76 -77.14 curveto
62.66 -79.38 56.72 -83.46 55.34 -85.23 curveto
53.95 -87 47.66 -93.47 45.63 -97.48 curveto
43.6 -101.49 42.37 -102.82 41.02 -102.79 curveto
39.67 -102.76 39.54 -101.86 37.89 -101.83 curveto
36.24 -101.79 35.47 -102.68 34.29 -102.05 curveto
33.1 -101.43 30.72 -100.18 28.32 -100.13 curveto
25.92 -100.08 19.22 -97.99 16.54 -96.59 curveto
13.87 -95.18 6.6 -91.13 5.1 -91.4 curveto
3.59 -91.67 -0.65 -93.83 -1.88 -95.31 curveto
-3.11 -96.78 -2.88 -99.79 -3.35 -100.83 curveto
-3.82 -101.87 -9.2 -100.71 -10.82 -99.32 curveto
-12.44 -97.94 -14.15 -93.4 -15.47 -91.88 curveto
-16.78 -90.35 -17.64 -88.38 -17.61 -86.88 curveto
-17.58 -85.38 -17.55 -83.88 -18.15 -83.72 curveto
-18.75 -83.56 -24.07 -86.9 -27.84 -88.17 curveto
-31.62 -89.44 -38.89 -92.6 -41.3 -93.3 curveto
-43.72 -94 -51.24 -95.19 -54.27 -96.48 curveto
-57.3 -97.77 -60.62 -99.05 -64.5 -97.92 curveto
-68.38 -96.79 -71.34 -94.78 -72.5 -92.96 curveto
-73.66 -91.13 -75.54 -87.49 -77.6 -85.8 curveto
-79.67 -84.11 -83.35 -80.73 -84.38 -79.81 curveto
-85.41 -78.89 -87.94 -77.48 -89.28 -77.01 curveto
-90.62 -76.53 -98.25 -68.12 -98.78 -65.11 curveto
-99.32 -62.1 -100.96 -54.26 -99.72 -52.49 curveto
-98.49 -50.71 -92.78 -43.03 -91.55 -41.4 curveto stroke
newpath -60.54 -43.84 moveto
-60.54 -43.84 -57.85 -51.85 -58.4 -56.64 curveto
-58.95 -61.43 -60.88 -67.99 -61.97 -69.47 curveto
-63.05 -70.94 -60.85 -73.39 -59.2 -73.42 curveto
-57.55 -73.46 -45.45 -76.41 -38.09 -68.46 curveto
-30.72 -60.51 -27.1 -59.38 -25.86 -57.31 curveto stroke
newpath 3.92 -60.92 moveto
3.92 -60.92 5.84 -62.76 4.46 -63.93 curveto
3.09 -65.1 2.17 -66.13 2 -66.73 curveto
1.84 -67.33 13.85 -66.82 17.7 -69.3 curveto
21.55 -71.78 23.49 -72.42 24.06 -73.79 curveto
24.64 -75.15 27.8 -74.46 30.98 -73.18 curveto
34.16 -71.89 36.71 -71.64 38.65 -72.28 curveto
40.59 -72.92 46.67 -76.05 47.31 -74.41 curveto
47.94 -72.78 48.97 -66.5 50.82 -63.98 curveto
52.67 -61.47 59.81 -57.12 60.93 -54.14 curveto
62.04 -51.16 65.13 -46.57 64.73 -44.16 curveto
64.33 -41.76 62.83 -34.67 60.43 -34.47 curveto
58.03 -34.27 57.16 -40.41 56.24 -41.14 curveto
55.33 -41.87 52.05 -40.75 49.83 -39.21 curveto
47.61 -37.66 42.24 -36.2 39.54 -36 curveto
36.85 -35.79 30.7 -35.81 28.3 -35.76 curveto
25.9 -35.71 21.67 -36.83 19.66 -40.09 curveto
17.64 -43.35 15.1 -42.84 14.3 -45.08 curveto
13.51 -47.31 13.58 -51.06 11.02 -51.61 curveto
8.46 -52.16 4.59 -50.58 2.5 -49.94 curveto
0.41 -49.29 -3.64 -49.36 -6.12 -45.86 curveto
-8.6 -42.36 -10.91 -38.26 -12.7 -37.47 curveto
-14.48 -36.69 -14 -35.19 -15.03 -34.12 curveto
-16.06 -33.05 -19.43 -29.38 -20.92 -28.9 curveto
-22.41 -28.42 -24.71 -23.27 -24.07 -21.19 curveto
-23.42 -19.1 -24.01 -18.34 -20.68 -17.2 curveto
-17.36 -16.07 -13.6 -15.7 -12.73 -17.37 curveto
-11.87 -19.04 -9.57 -24.18 -7.94 -24.82 curveto
-6.3 -25.45 -3.43 -24.61 -0.16 -26.18 curveto
3.11 -27.74 5.63 -29.15 7.69 -30.84 curveto
9.76 -32.53 12.86 -34.85 14.99 -33.69 curveto
17.11 -32.53 16.73 -28.92 16.16 -27.71 curveto
15.58 -26.5 12.19 -23.58 13.44 -21.51 curveto
14.68 -19.43 19.09 -16.67 21.4 -20.77 curveto
23.72 -24.87 26.23 -26.87 29.07 -27.23 curveto
31.92 -27.59 34.45 -28.24 36.97 -29.79 curveto
39.49 -31.34 40.46 -27.76 42.56 -27.81 curveto
44.66 -27.85 46.7 -30.55 48.06 -30 curveto
49.43 -29.45 53.69 -26.83 54.36 -23.1 curveto
55.04 -19.36 58.91 -13.29 59.27 -10.6 curveto
59.63 -7.9 59.79 0.35 56.44 4.92 curveto
53.08 9.49 51.06 13.28 51.06 13.28 curveto stroke
newpath 55.42 20.99 moveto
55.42 20.99 62.15 19.95 63.13 23.98 curveto
64.11 28.01 63.13 31.03 61.04 31.68 curveto
58.95 32.32 58.54 33.98 56.74 34.32 curveto stroke
newpath 62.28 41.1 moveto
62.28 41.1 69.4 44.26 72.34 48.7 curveto
75.28 53.14 78.48 55.47 80.51 59.03 curveto
82.53 62.59 85.18 67.64 84.78 69.9 curveto
84.38 72.16 79.24 70.61 78.32 69.58 curveto stroke
newpath 77.48 72.6 moveto
77.48 72.6 83.96 73.97 84.13 74.71 curveto
84.29 75.46 82.81 76.09 82.39 77.9 curveto
81.98 79.71 81.57 81.52 79.91 80.95 curveto
78.24 80.38 77.06 81.01 75.67 79.39 curveto stroke
newpath 74.99 82.85 moveto
74.99 82.85 80.23 82.14 80.9 85.73 curveto
81.58 89.32 81.83 94.41 80.23 96.7 curveto stroke
newpath 5.92 -73.41 moveto
5.92 -73.41 1.09 -74.81 -1.32 -75.36 curveto
-3.74 -75.91 -7.03 -75.4 -7.52 -77.64 curveto
-8.02 -79.88 -9.41 -81.95 -9.41 -81.95 curveto
-7.08 -85.45 lineto
-7.08 -85.45 -5.98 -82.77 -5.22 -82.49 curveto
-4.47 -82.2 -1.94 -83.6 -0.15 -84.09 curveto
1.64 -84.58 4.59 -84.9 6.56 -85.03 curveto
8.53 -85.17 13.61 -86.17 15.53 -87.41 curveto
17.46 -88.65 20.54 -92.17 21.62 -90.39 curveto
22.71 -88.61 22.93 -85.16 20.02 -80.6 curveto
17.12 -76.04 16.84 -74.84 14.76 -73.74 curveto
12.69 -72.65 9.21 -73.63 8.16 -73.61 curveto
7.11 -73.59 5.92 -73.41 5.92 -73.41 curveto closepath stroke
newpath 76.1 -23.84 moveto
76.1 -23.84 72.44 -26.77 72.34 -31.42 curveto
72.25 -36.07 71.4 -40.7 71.18 -44.3 curveto
70.96 -47.89 70.08 -53.88 71.22 -56.9 curveto
72.36 -59.92 71.25 -62.9 72.15 -62.92 curveto
73.05 -62.94 76.31 -57.61 78.58 -56.45 curveto
80.86 -55.3 83.65 -50.55 83.7 -48.46 curveto
83.74 -46.36 84.51 -38.27 83.21 -35.69 curveto
81.91 -33.12 81.37 -30.1 81.11 -28.3 curveto
80.85 -26.49 80.46 -23.33 78.81 -23.3 curveto
77.16 -23.27 76.1 -23.84 76.1 -23.84 curveto closepath stroke
showpage
%%EOF
