%!PS
%%BoundingBox: -107 -215 110 214 
%%HiResBoundingBox: -106.54543 -214.25864 109.22034 213.95068 
%%Creator: MetaPost 1.209
%%CreationDate: 2019.09.26:1811
%%Pages: 1
%%BeginProlog
%%EndProlog
%%Page: 1 1
 0 0 0 setrgbcolor 0 0.24501 dtransform truncate idtransform setlinewidth pop
 [] 0 setdash 1 setlinecap 1 setlinejoin 10 setmiterlimit
newpath 103.71 -117.32 moveto
104.51 -116.52 106.1 -110.95 106.1 -110.95 curveto
107.04 -105.37 lineto
107.04 -105.37 108.13 -98.32 108.58 -96.83 curveto
109.02 -95.34 109.15 -90.41 109.08 -89.7 curveto
109.02 -88.98 106.67 -83.85 106 -82.75 curveto
105.32 -81.66 101.5 -77.82 99.91 -76.08 curveto
98.3 -74.34 98.08 -73.5 98.01 -72.63 curveto
97.93 -71.77 100.3 -64.32 100.81 -63.55 curveto
101.32 -62.78 101.76 -53.35 101.63 -51.91 curveto
101.5 -50.48 99.77 -47.31 98.52 -46.26 curveto
97.26 -45.22 96.79 -41.64 96.35 -39.95 curveto
95.9 -38.25 95.57 -36.26 94.74 -35.03 curveto
93.9 -33.81 90.29 -32.25 88.5 -31.69 curveto
86.72 -31.13 78.05 -24.84 76.98 -24.22 curveto
75.91 -23.59 72.4 -19.86 71.63 -19.35 curveto
70.86 -18.85 63.49 -14.02 62.74 -13.8 curveto
62 -13.58 56.22 -7.17 55.45 -6.66 curveto
54.68 -6.15 50.99 1.03 50.34 1.84 curveto
49.69 2.65 46.41 8.56 45.47 9.35 curveto
44.53 10.13 41.72 12.48 40.27 12.49 curveto
38.82 12.51 37.79 11.11 36.92 11.18 curveto
36.05 11.24 33.38 13.61 32.31 14.24 curveto
31.24 14.86 23.59 21.12 22.21 22.01 curveto
20.82 22.89 20.21 23.27 19.1 22.74 curveto
18 22.2 14.92 21.06 13.94 20.68 curveto
12.96 20.3 10.49 20.51 9.41 21.28 curveto
8.33 22.05 7.76 26.77 7.35 28.03 curveto
6.95 29.3 4.67 35.31 3.54 36.65 curveto
2.4 37.99 -2.05 42.37 -3.19 43.71 curveto
-4.33 45.05 -5.35 43.51 -6.23 42.13 curveto
-7.12 40.75 -7.89 39.67 -8.62 39.74 curveto
-9.35 39.82 -14.89 48.28 -15.23 48.83 curveto
-15.57 49.37 -18.47 52.72 -19.28 53.66 curveto
-20.09 54.6 -18.95 58.02 -18.06 60.99 curveto
-17.16 63.97 -21.28 74.44 -21.78 75.12 curveto
-22.28 75.8 -25.05 85.53 -25.14 86.53 curveto
-25.23 87.53 -27.32 91.39 -27.76 93.09 curveto
-28.2 94.78 -22.47 104.84 -22.4 105.72 curveto
-22.34 106.59 -18.02 113.2 -16.31 115.09 curveto
-14.6 116.98 -15.96 119.17 -17 119.51 curveto
-18.04 119.85 -36.64 140.29 -37.6 141.22 curveto
-38.55 142.14 -49.56 155.17 -50.23 156.13 curveto
-50.89 157.08 -59.35 169.04 -60.44 169.81 curveto
-61.52 170.58 -63.88 174.27 -64.09 174.97 curveto
-64.3 175.67 -65.89 182.04 -66.23 182.58 curveto
-66.57 183.13 -68.53 188.88 -68.68 190.45 curveto
-68.82 192.03 -67.75 192.99 -67.75 192.99 curveto stroke
newpath -69.71 195.42 moveto
-69.71 195.42 -70.54 193.46 -72.65 194.43 curveto
-74.76 195.39 -76.7 196.08 -77.95 197.13 curveto
-79.2 198.17 -87.18 211.31 -88.83 211.89 curveto
-90.47 212.46 -96.03 214.85 -98.35 213.33 curveto
-100.67 211.82 -104.37 209.61 -105.68 208.19 curveto
-107 206.77 -106.48 204.22 -104.76 202.78 curveto
-103.04 201.35 -96.1 191.72 -95.32 191.07 curveto
-94.53 190.42 -89.1 186.29 -88.63 185.9 curveto
-88.16 185.51 -83.24 182.21 -82.17 179.99 curveto
-81.11 177.76 -73.99 162.94 -72.88 161.88 curveto
-71.77 160.82 -56.33 148.49 -54.24 146.22 curveto
-52.16 143.95 -42.38 135 -41.44 134.22 curveto
-40.51 133.44 -29.3 124.48 -28.4 122.53 curveto
-27.5 120.59 -21.76 117.78 -26.69 109.96 curveto
-31.62 102.13 -34.31 91.91 -34.18 90.48 curveto
-34.04 89.04 -28.81 72.89 -28.38 71.34 curveto
-27.95 69.79 -27.96 63.57 -32.29 60.29 curveto
-36.62 57.01 -32.93 52.87 -31.24 51.72 curveto
-29.55 50.57 -27 47.91 -24.36 47.42 curveto
-21.71 46.94 -20.38 43.45 -19.57 42.51 curveto
-18.76 41.57 -17.53 40.67 -17.75 39.93 curveto
-17.97 39.18 -19.27 37.48 -18.76 36.65 curveto
-18.25 35.83 -15.81 34.46 -15.81 34.46 curveto stroke
newpath -15.81 34.46 moveto
-15.81 34.46 -9.52 28.96 -9.72 27.93 curveto stroke
newpath 5.54 8.07 moveto
5.54 8.07 9.65 9.02 10.49 9.24 curveto
11.34 9.46 14.12 10.72 16.16 10.47 curveto
18.21 10.22 19.03 9.14 21.67 5.47 curveto
24.32 1.8 28.78 2.06 29.68 1.71 curveto
30.58 1.35 35.05 -1.72 36.09 -3.64 curveto
37.13 -5.57 52.02 -27.79 53.2 -29.7 curveto
54.39 -31.62 58.16 -46.16 58.7 -47.27 curveto
59.23 -48.38 61.76 -55.53 64.68 -65.38 curveto
67.59 -75.23 67.72 -81.44 67.2 -82.06 curveto
66.67 -82.69 65.29 -86.57 65.11 -87.74 curveto
64.92 -88.92 63.78 -98.71 63.78 -98.71 curveto
63.78 -98.71 63.35 -108.29 62.89 -109.64 curveto
62.43 -110.98 57.58 -121.26 57.41 -122.57 curveto
57.24 -123.89 54.84 -129.31 54.87 -131.19 curveto
54.89 -133.07 49.87 -146.25 49.94 -146.97 curveto
50 -147.69 48.86 -157.34 49.06 -158.04 curveto
49.27 -158.74 52.08 -165.72 52.2 -170.19 curveto
52.32 -174.66 53.23 -176.74 53.23 -176.74 curveto
53.23 -176.74 62.05 -181.59 63.02 -182.66 curveto
63.98 -183.73 68.62 -185.48 70.75 -185 curveto
72.87 -184.51 76.57 -185.48 77.35 -186.13 curveto
78.13 -186.79 82.14 -192.64 82.37 -193.63 curveto
82.61 -194.62 87.47 -198.81 88.41 -199.59 curveto
89.35 -200.37 88.35 -203.78 87.73 -204.98 curveto
87.12 -206.19 87.58 -208.18 87.67 -209.18 curveto
87.76 -210.18 88.69 -212.56 89.51 -213.64 curveto
90.33 -214.73 92.7 -213.8 93.64 -212.99 curveto
94.58 -212.19 92.82 -207 92.82 -207 curveto
92.82 -207 92.15 -200.99 92.05 -199.84 curveto
91.95 -198.69 90.44 -194.92 89.45 -193.56 curveto
88.46 -192.21 86.28 -188.94 85.25 -188.74 curveto
84.22 -188.54 79.73 -180.57 79.11 -180.05 curveto
78.48 -179.53 73.99 -171.4 73.99 -171.4 curveto stroke
newpath 71.74 -172.19 moveto
71.97 -173.03 72.92 -175.55 73.05 -176.98 curveto
73.18 -178.42 71.6 -178.56 71.6 -178.56 curveto
71.6 -178.56 69.21 -179.21 68.35 -179.28 curveto
67.49 -179.36 65.43 -177.38 60.41 -174.65 curveto
55.39 -171.92 56.89 -169.33 56.8 -168.32 curveto
56.71 -167.32 57 -161.07 57.62 -159.86 curveto
58.23 -158.65 60.45 -146.45 60.34 -145.3 curveto
60.24 -144.15 62.4 -136.15 62.82 -134.37 curveto
63.24 -132.6 63.61 -124.04 65.54 -122.99 curveto
67.47 -121.95 69.39 -106.3 69.39 -106.3 curveto
69.39 -106.3 69.9 -97.58 70.25 -91.91 curveto
70.61 -86.24 72.51 -86.5 74.53 -84.87 curveto
76.55 -83.25 84.77 -78.17 86.72 -77.42 curveto
88.68 -76.67 91.98 -77.96 93.31 -78.27 curveto
94.64 -78.58 97.98 -80.45 98.61 -80.97 curveto
99.24 -81.49 100.25 -84.72 102.44 -86.54 curveto
104.63 -88.37 103.61 -94.68 103.61 -94.68 curveto
103.61 -94.68 102.87 -99.38 102.08 -100.17 curveto
101.28 -100.97 101.39 -105.3 100.79 -106.66 curveto
100.19 -108.02 99.08 -110.14 99.16 -111 curveto
99.23 -111.87 98.07 -115.01 98.14 -115.73 curveto stroke
newpath 98.14 -115.73 moveto
98.14 -115.73 93.4 -132.77 92.76 -133.7 curveto
92.12 -134.62 89.34 -142.17 88.62 -143.03 curveto
87.91 -143.89 80.34 -153.61 80.19 -154.35 curveto
80.04 -155.08 79.35 -160.21 79.35 -160.21 curveto stroke
newpath 81.8 -160.13 moveto
81.8 -160.13 82.34 -158.93 82.51 -158.41 curveto
82.68 -157.88 86.87 -153.96 88.09 -153.06 curveto
89.31 -152.15 95.32 -141.92 95.74 -140.22 curveto
96.17 -138.52 103.71 -117.32 103.71 -117.32 curveto stroke
newpath 80.96 -32.96 moveto
80.96 -32.96 59.59 -28.4 56.97 -23.43 curveto
54.35 -18.47 50.68 -11.43 49.65 -9.64 curveto
48.62 -7.86 42.53 1.85 42.53 1.85 curveto
42.53 1.85 38.22 7.97 38.68 9.31 curveto
39.14 10.66 41.01 10.68 42.15 9.34 curveto
43.28 7.99 47.97 0.9 47.97 0.9 curveto
47.97 0.9 52.4 -6.5 52.48 -7.36 curveto
52.55 -8.22 57.47 -14.57 58.38 -15.07 curveto
59.29 -15.56 68.93 -23.07 70.4 -23.37 curveto
71.88 -23.67 76.16 -26.31 77.61 -27.92 curveto
79.06 -29.52 83.46 -31.87 83.46 -31.87 curveto
83.46 -31.87 87.57 -32.5 85.4 -32.56 curveto
83.24 -32.61 80.96 -32.96 80.96 -32.96 curveto closepath stroke
newpath 59.05 -32.06 moveto
59.05 -32.06 58.92 -32.22 58.53 -31.1 curveto
58.14 -29.98 59.16 -30.03 59.16 -30.03 curveto
63.22 -31.83 lineto
63.22 -31.83 74.82 -36.99 75.72 -37.34 curveto
76.62 -37.69 85.27 -39.07 86.47 -39.54 curveto
87.67 -40.01 93.36 -48.47 94.43 -49.09 curveto
95.5 -49.72 98.49 -57.11 98.57 -57.97 curveto
98.65 -58.83 97.29 -66.33 96.46 -68.29 curveto
95.62 -70.24 94.38 -72.53 93.37 -72.62 curveto
92.37 -72.72 90.77 -70.98 89.97 -70.19 curveto
89.18 -69.39 87.6 -69.54 86.47 -69.78 curveto
85.33 -70.03 82.84 -71.27 82.19 -72.05 curveto
81.54 -72.83 79.77 -74 79.77 -74 curveto
79.77 -74 75.22 -76.43 73.29 -77.47 curveto
71.36 -78.51 71.22 -76.93 71.02 -76.37 curveto
70.83 -75.81 67.25 -63.42 66.91 -62.87 curveto
66.57 -62.32 63.98 -49.68 63.87 -48.54 curveto
63.77 -47.39 59.05 -32.06 59.05 -32.06 curveto closepath stroke
showpage
%%EOF
