%!PS
%%BoundingBox: -53 -39 53 39 
%%HiResBoundingBox: -52.33252 -38.39252 52.83443 38.12343 
%%Creator: MetaPost 1.209
%%CreationDate: 2019.09.26:1811
%%Pages: 1
%%BeginProlog
%%EndProlog
%%Page: 1 1
 0 0 0 setrgbcolor 0 0.24501 dtransform truncate idtransform setlinewidth pop
 [] 0 setdash 1 setlinecap 1 setlinejoin 10 setmiterlimit
newpath -19.78 -15.36 moveto
-19.71 -15.23 -19.63 -15.11 -19.56 -14.99 curveto
-18.54 -13.17 -16.7 -11.89 -15.28 -10.38 curveto
-14.18 -9.21 -13.35 -7.74 -12.18 -6.65 curveto
-11.18 -5.73 -9.97 -4.98 -8.85 -4.22 curveto
-7.48 -3.31 -5.95 -2.55 -4.64 -1.57 curveto
-3.26 -0.53 -1.93 0.69 -0.43 1.56 curveto
-0.23 1.68 -0.03 1.79 0.16 1.9 curveto
0.34 2 0.51 2.11 0.68 2.22 curveto
0.83 2.32 0.98 2.42 1.13 2.53 curveto
1.27 2.63 1.4 2.75 1.54 2.86 curveto
1.73 3.01 1.92 3.15 2.11 3.29 curveto
2.19 3.35 2.28 3.41 2.36 3.47 curveto
2.6 3.65 lineto
2.71 3.73 2.83 3.81 2.93 3.9 curveto
3.04 3.99 3.14 4.1 3.25 4.2 curveto
3.34 4.28 3.44 4.35 3.52 4.43 curveto
3.61 4.51 3.68 4.6 3.76 4.68 curveto
7.87 8.85 lineto
7.94 8.94 8.02 9.02 8.36 9.18 curveto stroke
newpath 8.36 9.18 moveto
10.66 10.44 13.62 11.74 15.02 14.49 curveto stroke
newpath 15.02 14.49 moveto
15.7 14.57 16.32 14.86 16.63 15.32 curveto
16.92 15.76 17.33 16.14 17.78 16.45 curveto
18.09 16.67 18.45 16.85 18.76 17.08 curveto
18.81 17.12 19.19 17.48 19.28 17.45 curveto stroke
newpath 19.28 17.45 moveto
19.35 17.48 19.41 17.51 19.48 17.55 curveto
19.55 17.59 19.63 17.63 19.7 17.68 curveto stroke
newpath 19.54 17.75 moveto
20.41 18.31 21.37 18.9 22.4 19.13 curveto
22.81 19.22 23.35 19.2 23.7 19.52 curveto
23.82 19.63 23.93 19.74 24.03 19.85 curveto
24.11 19.94 24.18 20.04 24.37 20.1 curveto stroke
newpath 24.37 20.1 moveto
24.5 20.15 24.64 20.19 24.77 20.23 curveto
25.5 20.45 26.25 20.68 26.97 20.93 curveto
27.05 20.96 27.14 20.99 27.22 21.03 curveto
27.35 21.08 27.48 21.14 27.62 21.19 curveto
27.7 21.23 27.78 21.25 27.87 21.28 curveto
28.64 21.56 29.45 21.83 30.23 22.09 curveto
30.37 22.13 30.51 22.18 30.64 22.23 curveto
30.75 22.27 30.85 22.31 30.95 22.36 curveto stroke
newpath 30.95 22.36 moveto
32.06 23.04 32.66 21.25 33.42 21.02 curveto
33.66 20.95 33.94 20.99 34.18 21.06 curveto
35.28 21.39 34.6 23.19 34.97 23.89 curveto
35.05 24.04 35.19 24.16 35.33 24.27 curveto
35.99 24.78 36.92 25.11 37.42 25.86 curveto stroke
newpath 37.42 25.86 moveto
37.59 26.17 37.64 26.25 37.68 26.33 curveto
38.08 27.13 37.77 28.29 37.21 28.95 curveto
37.1 29.09 36.99 29.23 36.87 29.37 curveto
36.51 29.8 35.34 30.41 35.69 30.95 curveto
36.94 31.73 39.01 31.72 40.44 31.97 curveto
40.97 32.06 41.53 32.14 42.04 32.32 curveto stroke
newpath 42.04 32.32 moveto
42.34 32.49 42.61 32.61 42.87 32.62 curveto
43.74 32.67 44.65 32.63 45.52 32.75 curveto
46.03 32.82 46.56 32.87 47.06 32.98 curveto
47.14 33 47.21 33.02 47.29 33.03 curveto
47.46 33.08 47.65 33.13 47.84 33.2 curveto
47.92 33.23 48 33.27 48.09 33.29 curveto
48.18 33.32 48.28 33.33 48.37 33.37 curveto
48.45 33.39 48.51 33.44 48.57 33.48 curveto
49.23 33.87 50.01 34.27 50.41 34.96 curveto
50.45 35.03 50.48 35.1 50.53 35.16 curveto
50.57 35.22 50.63 35.27 50.68 35.34 curveto
50.73 35.41 50.77 35.49 50.82 35.57 curveto stroke
newpath 50.82 35.57 moveto
50.97 36.07 51.56 36.25 51.98 36.27 curveto
52.3 36.29 52.89 36.8 52.66 37.16 curveto stroke
newpath 51.89 37.73 moveto
51.9 37.68 51.91 37.64 51.91 37.59 curveto
52.04 36.64 50.29 37.04 50.08 37.13 curveto stroke
newpath 50.08 37.13 moveto
48.84 37.01 47.6 37.57 46.39 37.74 curveto
44.96 37.94 43.47 38.01 42.03 38 curveto
40.96 37.99 39.8 38.06 38.98 37.67 curveto stroke
newpath 38.98 37.67 moveto
38.91 37.65 38.83 37.65 38.76 37.62 curveto
38.65 37.59 38.55 37.54 38.47 37.48 curveto
37.65 36.91 36.59 36.29 35.98 35.5 curveto
35.7 35.14 35.3 34.77 35.03 34.52 curveto stroke
newpath 35.03 34.52 moveto
34.98 34.52 34.94 34.52 34.89 34.51 curveto
34.71 34.48 lineto
33.53 34.17 32.35 33.51 31.06 33.43 curveto
30.98 33.42 30.9 33.42 30.81 33.42 curveto
30.08 33.42 29.13 34.49 28.53 33.81 curveto stroke
newpath 28.53 33.81 moveto
26.86 33.23 25.27 32.26 23.57 31.73 curveto
21.66 31.13 19.57 31.07 17.66 30.54 curveto
17.17 30.4 16.73 30.08 16.31 29.81 curveto
15.84 29.5 15.19 29.43 14.67 29.22 curveto
14.57 29.18 14.47 29.15 14.37 29.12 curveto
14.28 29.1 14.19 29.09 14.11 29.07 curveto
13.24 28.89 12.45 28.38 11.7 27.93 curveto
10.84 27.42 9.4 26.71 9.05 26.06 curveto stroke
newpath 9.05 26.06 moveto
9 26.03 8.95 26.01 8.91 25.99 curveto
8.85 25.97 8.79 25.95 8.74 25.92 curveto
8.68 25.89 8.64 25.85 8.58 25.83 curveto
8.53 25.8 8.47 25.78 8.41 25.76 curveto
8.26 25.7 lineto
8.08 25.64 lineto
8.02 25.62 7.96 25.6 7.9 25.57 curveto
7.83 25.55 7.77 25.51 7.7 25.48 curveto
7.61 25.44 6.67 24.94 6.62 25.08 curveto
6.59 25.16 6.84 25.37 6.86 25.4 curveto
7.03 25.57 8.11 26.49 8.08 26.75 curveto
8.07 26.81 8 26.85 7.95 26.87 curveto
7.53 26.97 6.61 26.53 6.17 26.43 curveto
4.74 26.08 3.32 25.52 1.89 25.27 curveto
1.82 25.26 1.76 25.25 1.7 25.24 curveto
1.64 25.23 1.58 25.21 1.53 25.2 curveto
1.46 25.2 1.4 25.19 1.34 25.19 curveto
1.18 25.17 0.59 25.01 0.46 25.14 curveto
0.33 25.27 0.54 25.48 0.88 25.68 curveto stroke
newpath 0.88 25.68 moveto
1.33 26.64 1.94 27.56 2.35 28.54 curveto
2.91 29.87 3.93 31.29 4.08 32.74 curveto
3.55 33.31 2.15 31.79 1.65 31.44 curveto
0.33 30.53 -1.07 29.34 -2.08 28.1 curveto
-2.98 27 -3.71 25.63 -5.12 24.63 curveto stroke
newpath -5.12 24.63 moveto
-5.18 24.59 -5.24 24.56 -5.28 24.52 curveto
-5.33 24.47 -5.36 24.41 -5.4 24.37 curveto
-6.52 23.18 -8.33 22.9 -9.72 22.23 curveto
-9.82 22.19 -9.91 22.14 -10 22.08 curveto
-10.08 22.04 -10.14 21.98 -10.21 21.92 curveto
-11.44 21.01 -12.93 20.41 -14.2 19.56 curveto
-14.69 19.23 -15.16 18.84 -15.56 18.4 curveto
-16.21 17.69 -16.9 16.5 -17.77 16.06 curveto
-18.08 15.9 -18.4 15.75 -18.68 15.55 curveto
-19.81 14.77 -20.53 13.46 -21.64 12.71 curveto
-22.2 12.33 -22.8 11.98 -23.4 11.68 curveto
-23.46 11.65 -23.51 11.58 -23.57 11.59 curveto
-23.63 11.6 -23.64 11.68 -23.69 11.72 curveto
-23.75 11.77 -23.89 11.77 -23.88 11.85 curveto
-23.88 11.95 -23.74 11.97 -23.67 12.03 curveto stroke
newpath -23.67 12.03 moveto
-23.8 13.04 -23.26 14.86 -22.62 15.55 curveto
-21.72 16.5 -20.39 16.98 -19.4 17.79 curveto
-19.31 17.86 -19.23 17.96 -19.15 18.04 curveto
-10.68 24.6 lineto
-9.57 25.54 -8.04 26.49 -7.62 27.99 curveto
-7.99 28.41 -8.81 28.15 -9.23 27.88 curveto
-10.4 27.13 -11.4 26.02 -12.62 25.3 curveto
-12.8 25.2 -12.97 25.1 -13.15 25.02 curveto
-15.04 24.15 -16.69 22.71 -18.43 21.59 curveto
-18.55 21.51 -18.68 21.44 -18.8 21.35 curveto
-20.47 20.05 -21.94 18.3 -23.83 17.28 curveto
-24.99 16.66 -26.59 16.91 -28.38 16.11 curveto stroke
newpath -28.38 16.11 moveto
-29.46 15.43 -30.98 15.83 -32.16 15.37 curveto
-32.34 15.3 -32.52 15.21 -32.7 15.14 curveto
-32.83 15.09 -32.96 15.06 -33.09 15 curveto
-33.22 14.94 -33.35 14.85 -33.48 14.77 curveto
-33.59 14.7 -33.69 14.62 -33.8 14.55 curveto
-34.65 13.95 -35.74 13.74 -36.58 13.18 curveto
-37.4 12.63 -38.13 11.89 -39.3 11.27 curveto stroke
newpath -39.3 11.27 moveto
-40.34 10.93 -40.93 9.72 -41.62 8.95 curveto
-41.71 8.85 -41.81 8.76 -41.91 8.68 curveto
-42.03 8.58 -42.15 8.48 -42.28 8.4 curveto
-43.01 7.91 -43.52 7.14 -44.13 6.53 curveto
-44.22 6.45 -44.31 6.37 -44.41 6.3 curveto
-44.52 6.22 -44.64 6.16 -44.76 6.09 curveto
-44.88 6.01 -45 5.93 -45.12 5.86 curveto
-45.25 5.79 -45.38 5.73 -45.51 5.67 curveto
-45.62 5.61 -45.74 5.56 -45.85 5.51 curveto
-45.97 5.47 -46.09 5.45 -46.2 5.41 curveto
-46.31 5.37 -46.42 5.32 -46.54 5.28 curveto
-46.64 5.24 -46.75 5.2 -46.87 5.18 curveto
-46.98 5.15 -47.1 5.13 -47.23 5.13 curveto
-47.34 5.13 -47.46 5.16 -47.57 5.16 curveto
-47.71 5.16 -47.84 5.15 -47.97 5.13 curveto
-48.27 5.08 -48.74 4.95 -48.98 5.23 curveto
-49.06 5.32 -49.11 5.44 -49.17 5.55 curveto stroke
newpath -52.21 -3.72 moveto
-51.82 -3.09 -50.81 -3.13 -50.12 -3.09 curveto
-48.44 -3.01 -46.64 -3.34 -44.97 -2.93 curveto
-43.96 -2.68 -43.05 -2.03 -42.2 -1.47 curveto
-40.59 -0.42 -39.02 1.16 -37.89 2.73 curveto
-37.82 2.83 -37.76 2.93 -37.7 3.04 curveto
-37.62 3.18 -37.55 3.32 -37.47 3.46 curveto
-37.11 4.11 -36.44 4.69 -36.23 5.4 curveto stroke
newpath -36.23 5.4 moveto
-36.07 5.78 -34.13 6.6 -32.65 6.58 curveto stroke
newpath -32.65 6.58 moveto
-31.86 6.63 -31.17 6.74 -30.65 6.59 curveto
-30.28 6.48 -30.13 5.91 -30.23 5.61 curveto
-30.89 3.58 -32.35 1.68 -33.51 -0.09 curveto
-33.56 -0.16 -33.59 -0.23 -33.65 -0.29 curveto
-33.71 -0.36 -33.79 -0.41 -33.87 -0.48 curveto
-33.95 -0.55 -34.03 -0.63 -34.12 -0.7 curveto
-34.18 -0.75 -34.24 -0.81 -34.31 -0.86 curveto stroke
newpath -30.5 0.79 moveto
-29.98 1.47 -29.29 2.14 -28.49 2.45 curveto
-28.3 2.52 -28.11 2.61 -27.94 2.72 curveto
-27.84 2.78 -27.76 2.85 -27.67 2.92 curveto
-27.58 2.99 -27.49 3.05 -27.4 3.12 curveto
-26.19 4.16 -24.88 5.15 -23.64 6.14 curveto
-23.57 6.19 -23.51 6.24 -23.45 6.3 curveto
-23.27 6.45 -23.15 6.66 -23.03 6.86 curveto
-22.53 7.69 -21.43 8 -20.8 8.69 curveto stroke
newpath -20.8 8.69 moveto
-20.52 9.32 -19.5 9.39 -19.02 9.59 curveto
-17.92 10.05 -17.03 10.99 -16.16 11.77 curveto
-15.42 12.44 -14.64 13.13 -14.06 13.94 curveto
-13.18 15.18 -11.94 16.18 -10.8 17.17 curveto
-8.37 19.27 -5.29 20.7 -2.75 22.66 curveto stroke
newpath -2.75 22.66 moveto
-2.35 23.47 -1.66 21.73 -1.28 21.54 curveto
-0.41 21.12 0.68 21.91 1.25 22.49 curveto stroke
newpath 1.25 22.49 moveto
1.69 22.59 1.64 22.05 1.71 22.01 curveto stroke
 0.24501 0 dtransform exch truncate exch idtransform pop setlinewidth
newpath 1.71 22.01 moveto
1.66 21.87 1.6 21.73 1.53 21.6 curveto stroke
 0 0.24501 dtransform truncate idtransform setlinewidth pop
newpath 1.53 21.6 moveto
-0.21 19.78 -1.93 18.38 -3.43 16.83 curveto
-3.78 16.47 -4.9 15.37 -4.28 14.92 curveto
-3.21 14.5 -2.02 16.04 -1.26 16.56 curveto stroke
newpath -1.26 16.56 moveto
-0.38 17.49 0.67 18.17 1.47 19.07 curveto
2.17 19.85 2.67 20.87 3.41 21.62 curveto stroke
newpath 3.41 21.62 moveto
3.24 21.74 3.61 22.17 3.74 22.16 curveto
3.78 22.16 3.82 22.16 3.86 22.14 curveto
3.89 22.12 3.92 22.09 3.95 22.05 curveto
4.27 21.58 4.03 20.74 3.89 20.26 curveto
3.59 19.2 3.3 18 2.62 17.1 curveto
2.12 16.43 1.26 16.08 0.64 15.54 curveto stroke
newpath 0.64 15.54 moveto
-0.15 14.99 -0.26 13.59 -0.58 12.79 curveto
-0.63 12.66 -0.67 12.53 -0.72 12.4 curveto
-0.77 12.28 -0.83 12.15 -0.88 12.03 curveto
-1.09 11.61 lineto
-1.15 11.51 -1.2 11.4 -1.26 11.3 curveto
-1.29 11.22 -1.33 11.15 -1.37 11.07 curveto
-1.62 10.6 -1.94 10.13 -2.29 9.73 curveto
-2.83 9.1 lineto
-3.18 8.68 -3.55 8.25 -3.94 7.85 curveto
-4.45 7.32 -5.2 6.95 -5.55 6.3 curveto
-5.66 6.11 -5.77 5.93 -5.88 5.78 curveto stroke
newpath -5.88 5.78 moveto
-6.05 5.83 -6.2 5.67 -6.28 5.49 curveto
-6.64 4.75 -7.15 4.05 -7.73 3.46 curveto
-7.83 3.36 -7.93 3.27 -8.03 3.18 curveto
-8.1 3.11 -8.18 3.05 -8.26 2.98 curveto
-9.89 1.66 -11.57 0.3 -13.14 -1.11 curveto
-16.33 -4 -20.4 -6.14 -23.36 -9.32 curveto stroke
newpath -23.36 -9.32 moveto
-23.54 -9.12 -24.26 -9.87 -24.56 -9.39 curveto
-24.8 -9 -24.2 -8.54 -23.99 -8.3 curveto
-23.46 -7.7 -22.66 -6.37 -23.15 -5.58 curveto
-23.7 -5.3 -24.39 -5.76 -24.83 -6.09 curveto
-25.8 -6.83 -26.63 -7.86 -27.69 -8.52 curveto
-30.92 -10.55 -34.16 -12.9 -36.78 -15.7 curveto
-38.09 -17.1 -39.49 -18.96 -39.65 -20.9 curveto stroke
newpath -39.65 -20.9 moveto
-37.47 -21.92 lineto
-36.22 -21.62 -35.22 -19.18 -33.74 -19.71 curveto
-33.67 -19.8 -33.57 -19.87 -33.52 -19.97 curveto
-33.25 -20.43 -33.63 -21.01 -33.83 -21.36 curveto
-34.42 -22.38 -34.96 -23.66 -36.01 -24.35 curveto stroke
newpath -36.01 -24.35 moveto
-37.79 -26.08 -39.21 -28.92 -39.4 -31.44 curveto
-39.46 -32.35 -39.62 -33.42 -39.14 -34.23 curveto
-37.62 -34.68 -36.31 -32.83 -35.51 -31.82 curveto
-35.37 -31.64 -35.23 -31.47 -35.09 -31.3 curveto
-34.78 -30.94 -34.42 -30.58 -34.07 -30.25 curveto
-32.29 -28.51 -30.64 -26.28 -28.33 -25.21 curveto
-28.19 -25.15 -28.04 -25.08 -27.9 -25 curveto
-27.79 -24.94 -27.68 -24.87 -27.58 -24.8 curveto
-27.32 -24.74 -26.57 -24.71 -26.55 -25.16 curveto
-26.52 -25.68 -27.19 -26.32 -27.25 -25.97 curveto stroke
newpath -27.25 -25.97 moveto
-27.93 -26.93 -28.22 -28.16 -28.76 -29.21 curveto
-29.41 -30.43 -30.44 -31.57 -30.79 -32.93 curveto
-31.02 -33.82 -30.9 -34.78 -31.05 -35.68 curveto stroke
newpath -31.05 -35.68 moveto
-31.04 -35.9 -31.08 -35.97 -31.1 -36.04 curveto
-31.19 -36.31 -31.22 -36.61 -31.23 -36.89 curveto
-31.24 -36.97 -31.24 -37.05 -31.24 -37.13 curveto
-31.24 -37.22 -31.24 -37.32 -31.25 -37.41 curveto
-31.25 -37.51 -31.26 -37.6 -31.27 -37.7 curveto
-31.27 -37.78 -31.28 -37.86 -31.27 -37.94 curveto
-31.23 -38.18 -30.87 -38.26 -30.67 -38.27 curveto
-29.7 -38.04 -29.11 -37.02 -28.48 -36.35 curveto
-27.3 -35.08 -25.8 -33.99 -24.78 -32.55 curveto stroke
newpath -24.78 -32.55 moveto
-24.67 -32.34 -24.51 -32.05 -24.41 -31.76 curveto
-24.36 -31.62 -24.33 -31.47 -24.29 -31.33 curveto
-24.21 -31.08 -24.07 -30.59 -23.8 -30.47 curveto
-23.64 -30.4 -23.74 -30.76 -23.76 -30.81 curveto
-24.31 -32.4 -24.79 -34.14 -24.79 -35.83 curveto
-24.79 -36.41 -24.99 -37.45 -24.39 -37.72 curveto
-24.13 -37.74 -23.85 -37.62 -23.65 -37.46 curveto
-22.56 -36.5 -22.07 -34.86 -21.78 -33.5 curveto
-21.6 -32.69 lineto stroke
newpath -21.6 -32.69 moveto
-21.86 -32.16 -20.07 -31.38 -19.64 -31.22 curveto
-19.32 -31.1 -19 -30.97 -18.68 -30.86 curveto
-17.99 -30.62 -17.19 -30.53 -16.55 -30.14 curveto
-15.48 -29.49 -14.66 -28.13 -13.92 -27.14 curveto
-13.2 -26.19 -12.21 -25.34 -11.66 -24.24 curveto
-11.35 -23.64 -10.25 -22.25 -10.56 -21.51 curveto
-10.58 -21.46 -10.63 -21.44 -10.67 -21.4 curveto
-11.55 -21.32 -12.81 -22.61 -13.52 -23.07 curveto
-15.18 -24.15 -17.07 -25 -18.7 -26.13 curveto
-19.4 -26.62 -19.76 -27.51 -20.46 -28.01 curveto stroke
newpath -20.46 -28.01 moveto
-21.13 -27.42 -20.98 -26.32 -21.11 -25.54 curveto
-21.13 -25.43 -21.17 -25.31 -21.18 -25.19 curveto
-17.64 -16.73 lineto
-17.67 -16.65 -17.71 -16.44 -17.86 -16.45 curveto
-18.13 -16.45 -18.33 -16.77 -18.46 -16.96 curveto
-18.93 -17.65 -19.47 -18.5 -20.3 -18.82 curveto
-20.36 -18.84 -20.42 -18.89 -20.48 -18.87 curveto
-20.89 -18.73 -20.69 -18.08 -20.69 -17.8 curveto
-20.7 -17.46 -20.99 -16.83 -20.91 -16.54 curveto
-20.79 -16.16 -20.15 -15.57 -19.78 -15.36 curveto stroke
showpage
%%EOF
