%!PS
%%BoundingBox: -52 -158 50 178 
%%HiResBoundingBox: -51.94252 -157.8025 49.08063 177.48712 
%%Creator: MetaPost 1.209
%%CreationDate: 2019.09.26:1811
%%Pages: 1
%%BeginProlog
%%EndProlog
%%Page: 1 1
 0 0 0 setrgbcolor 0 0.24501 dtransform truncate idtransform setlinewidth pop
 [] 0 setdash 1 setlinecap 1 setlinejoin 10 setmiterlimit
newpath 41.67 -144.83 moveto
41.67 -144.83 45.49 -139.5 48.62 -137.84 curveto
49.37 -137.44 48.84 -134.55 47.35 -135.2 curveto
45.85 -135.85 41.69 -139.32 39.53 -140.2 curveto
39.37 -140.27 38.88 -137.29 33.93 -131.55 curveto
26.77 -123.23 15.92 -117.38 11.38 -114.69 curveto
6.85 -112 1.8 -106.94 -0.47 -102.66 curveto
-2.74 -98.39 -8.9 -89.13 -8.09 -86.65 curveto
-7.28 -84.17 -3.27 -80.88 -2.49 -79.95 curveto
-1.71 -79.02 -1.74 -76.79 -1.74 -76.79 curveto
-1.74 -76.79 -5.62 -79.55 -6.97 -79.84 curveto
-7.21 -79.89 -9.04 -81.74 -9.9 -81.82 curveto
-10.75 -81.9 -12.41 -74.81 -11.4 -72.66 curveto
-10.39 -70.5 -10.78 -62.27 -10.79 -60.21 curveto
-10.81 -58.14 -8.12 -42.07 -7.29 -39.75 curveto
-6.46 -37.44 -2.6 -22.98 -1.02 -19.4 curveto
0.55 -15.82 4.46 -5.66 5.55 -2.47 curveto
6.64 0.73 6.07 7.22 6.11 10.66 curveto
6.15 14.11 7.51 22.15 8.32 24.64 curveto
9.13 27.12 8.91 31.58 6.99 35.71 curveto
5.07 39.84 -1.05 54.45 -4.01 58.66 curveto
-6.97 62.87 -9.13 73.52 -10.61 76.66 curveto
-12.1 79.8 -13.74 86.53 -13.86 91.69 curveto
-13.97 96.84 -12.74 111.92 -10.97 117.07 curveto
-9.19 122.22 -5.27 134.27 -2.45 137.44 curveto
0.36 140.62 4.4 147.52 10.47 150.81 curveto stroke
newpath 26.73 171.19 moveto
26.73 171.19 14.53 176.82 11.77 176.91 curveto
9 177.01 -0.05 178.14 -4.11 176.41 curveto
-7.3 175.04 -10.01 174.12 -14.03 168.94 curveto
-18.05 163.77 -20.68 160.43 -24.36 157.35 curveto
-28.05 154.27 -29.4 152.09 -30.37 151.31 curveto stroke
newpath -30.37 151.31 moveto
-30.37 151.31 -41.63 138.6 -43.39 135.18 curveto
-45.15 131.75 -49.44 112.43 -50.01 109.11 curveto
-50.57 105.79 -51.63 84.77 -51.82 82.22 curveto stroke
newpath -51.82 82.22 moveto
-51.82 82.22 -50.74 74.96 -50.7 70.67 curveto
-50.66 66.37 -49.61 64.22 -47.96 63.16 curveto
-46.32 62.11 -44.24 63.84 -43.6 62.52 curveto
-42.97 61.2 -42.15 57.83 -40.29 54.38 curveto
-38.44 50.93 -36.61 45.93 -35.89 43.59 curveto
-35.16 41.24 -31.31 32.81 -30.02 31.9 curveto
-28.74 30.98 -30.07 30.51 -31.08 30.25 curveto
-32.09 29.99 -33.8 27.95 -33.91 27.25 curveto
-34.02 26.55 -33.78 25.71 -33.78 25.71 curveto
-33.78 25.71 -31.99 26.9 -30.98 27.16 curveto
-29.97 27.43 -27.44 28 -26.51 27.22 curveto
-25.58 26.44 -22.13 22.45 -21.95 20.4 curveto
-21.76 18.35 -21.5 11.49 -23.53 5.28 curveto
-25.57 -0.93 -25.29 -2.11 -25.03 -5.02 curveto
-24.77 -7.92 -22.03 -13.53 -22.03 -15.43 curveto
-22.03 -17.32 -24.14 -26.46 -28.4 -32.69 curveto
-32.66 -38.93 -37.09 -52.92 -38.76 -59.26 curveto
-40.43 -65.61 -37.11 -73.92 -36.31 -77.12 curveto
-35.5 -80.32 -32.39 -88.13 -32.82 -89.2 curveto
-33.24 -90.27 -37.21 -92 -37.24 -93.55 curveto
-37.28 -95.1 -33.83 -100.99 -32.09 -103.07 curveto
-30.36 -105.15 -30.03 -106.93 -29.97 -107.61 curveto
-29.91 -108.29 -33.18 -112.11 -33.54 -113.86 curveto
-33.64 -114.34 -32.54 -114.98 -32.46 -115.83 curveto
-32.37 -116.85 -30.18 -114.94 -29.7 -114.55 curveto
-29.21 -114.17 -27.88 -110.5 -27.21 -111.06 curveto
-26.23 -111.88 -25.15 -113.46 -25.09 -114.14 curveto
-25.03 -114.83 -24.2 -118.36 -24.43 -119.59 curveto
-24.67 -120.81 -26.61 -122.19 -26.6 -124.25 curveto
-26.59 -126.32 -28.02 -127.65 -27.24 -128.61 curveto
-26.47 -129.58 -17.64 -136.97 -14.06 -138.59 curveto
-12.1 -139.47 -1.15 -139.55 1.47 -140.01 curveto
4.09 -140.46 7.88 -140.47 9.1 -142.6 curveto
10.32 -144.73 14.54 -155.18 15.45 -157.68 curveto stroke
showpage
%%EOF
