%!PS
%%BoundingBox: -128 -204 127 202 
%%HiResBoundingBox: -127.53252 -203.24251 126.37251 201.82251 
%%Creator: MetaPost 1.209
%%CreationDate: 2019.09.26:1811
%%Pages: 1
%%BeginProlog
%%EndProlog
%%Page: 1 1
 0 0 0 setrgbcolor 0 0.24501 dtransform truncate idtransform setlinewidth pop
 [] 0 setdash 1 setlinecap 1 setlinejoin 10 setmiterlimit
newpath 21.35 -56.82 moveto
21.35 -56.82 22.4 -59.69 22.53 -60.33 curveto
22.66 -60.97 24.43 -64.57 24.07 -65.4 curveto
23.71 -66.23 22.99 -65.42 22.38 -65.12 curveto
21.78 -64.81 19.16 -61.43 18.52 -59.97 curveto
17.89 -58.51 14.8 -56.4 14.8 -56.4 curveto
15.63 -55.96 lineto
15.63 -55.96 13.65 -53.25 10.96 -48.29 curveto
8.26 -43.33 8.92 -38.65 9.16 -37.4 curveto
9.41 -36.15 9.32 -34.35 8.21 -34.02 curveto
7.09 -33.69 5.3 -34.58 4.85 -35.19 curveto
4.4 -35.81 5 -36.84 5 -36.84 curveto
5 -36.84 4.66 -36.29 3.83 -35.94 curveto
3.01 -35.58 2.84 -34.51 2.45 -33.46 curveto
2.07 -32.41 -0.37 -30.09 -1.76 -28.4 curveto
-3.14 -26.72 -7.83 -25.35 -8.63 -24.48 curveto
-9.43 -23.61 -10.13 -22.3 -10.13 -22.3 curveto
-9.04 -22.35 lineto
-9.04 -22.35 -9.09 -21.84 -9.37 -21.87 curveto
-9.66 -21.9 -11.8 -21.44 -12.77 -21.17 curveto
-13.73 -20.9 -15.6 -20.2 -15.6 -20.2 curveto
-16.35 -20.71 lineto
-18.6 -19.76 lineto
-18.6 -19.76 -18.67 -18.97 -19.41 -17.15 curveto
-20.16 -15.34 -19.68 -13.35 -19.25 -10.92 curveto
-18.82 -8.49 -17.13 -6.39 -16.68 -4.9 curveto
-16.24 -3.41 -15.13 -1.28 -15.13 -1.28 curveto
-15.13 -1.28 -13.48 -1.86 -13.14 -0.82 curveto
-12.8 0.23 -13.6 1.02 -14.39 0.95 curveto
-15.18 0.88 -15.07 1.25 -15.05 1.9 curveto
-15.04 2.56 -15.66 6.98 -15.57 8.37 curveto
-15.47 9.75 -15.41 13.08 -15.08 14.2 curveto
-14.75 15.31 -11.57 16.83 -11.57 16.83 curveto
-11.57 16.83 -10.99 13.63 -11.15 12.24 curveto
-11.32 10.85 -8.85 11.44 -8.85 11.44 curveto
-8.85 11.44 -8.2 12.22 -8.29 13.23 curveto
-8.38 14.23 -9.01 17.21 -8.98 18.52 curveto
-8.96 19.82 -8.69 23.24 -8.3 24.5 curveto
-7.9 25.76 -6.46 29.72 -6.8 30.34 curveto
-7.15 30.96 -8.59 30.9 -8.59 30.9 curveto
-7.45 31.08 lineto
-7.45 31.08 -11.54 34.83 -12.04 35.5 curveto
-12.53 36.18 -17.06 39.89 -17.71 40.7 curveto
-18.36 41.5 -20.61 42.61 -20.61 42.61 curveto
-20.61 42.61 -19.36 43.73 -18.84 44.36 curveto
-18.32 44.98 -16.78 47.22 -16.06 49.53 curveto
-15.33 51.84 -13.89 52.7 -13.29 53.26 curveto
-12.69 53.82 -11.45 54.59 -11.45 54.59 curveto
-11.45 54.59 -11.6 55.37 -12.07 55.76 curveto
-12.54 56.15 -14.09 54.92 -15.03 54.91 curveto
-15.97 54.9 -15.88 56.35 -16.6 56.29 curveto
-17.32 56.22 -20.34 59.28 -22.43 60.82 curveto
-24.52 62.35 -25.82 65.63 -26.54 66.43 curveto
-27.26 67.23 -31.14 70.86 -32.49 71.32 curveto
-33.84 71.78 -37.54 72.59 -37.7 72.07 curveto
-37.87 71.55 -37.93 70.6 -38.47 69.39 curveto
-39.01 68.18 -41.3 64.87 -42.03 63.43 curveto
-42.77 61.99 -44.58 59.66 -45.48 57.62 curveto
-46.38 55.59 -49 54.93 -50.58 54.79 curveto
-52.16 54.65 -55.25 54.51 -56.87 54.8 curveto
-58.49 55.09 -62.35 55.39 -63.05 55.98 curveto
-63.76 56.57 -64.47 58.74 -64.6 60.18 curveto
-64.73 61.61 -66.54 61.59 -67.09 62.91 curveto
-67.65 64.23 -70.38 64.85 -71.5 65.25 curveto
-72.62 65.65 -72.36 67.7 -72.24 68.72 curveto
-72.11 69.74 -72.73 73.52 -73.1 74.43 curveto
-73.47 75.34 -74.32 78.37 -74.02 79.85 curveto
-73.72 81.32 -73.94 84.48 -74.06 85.05 curveto
-74.18 85.62 -76.24 85.14 -77.07 85.5 curveto
-77.9 85.86 -80.16 87.6 -81.47 88.57 curveto
-82.79 89.53 -85.81 90.91 -85.7 91.36 curveto
-85.6 91.8 -87.34 97.57 -88.16 97.78 curveto
-88.97 98 -89.83 99.51 -90.11 100.28 curveto
-90.4 101.05 -92.44 102.82 -92.38 102.18 curveto
-92.32 101.53 -91.73 99.78 -91.43 98.79 curveto
-91.12 97.81 -92.22 97.14 -92.61 96.67 curveto
-93 96.2 -95.67 95.32 -95.33 95.56 curveto
-94.99 95.81 -96.38 97.49 -97.14 98.73 curveto
-97.9 99.96 -100.94 105.54 -101.69 106.7 curveto
-102.45 107.86 -102.51 108.51 -102.02 109.49 curveto
-101.53 110.47 -101.3 113.53 -101.06 115.57 curveto
-100.81 117.62 -102.95 122.84 -102.98 124 curveto
-103.01 125.15 -104.13 127.94 -104.13 127.94 curveto
-104.13 127.94 -103.36 128.22 -103.81 128.4 curveto
-104.26 128.58 -104.42 129.57 -104.21 130.39 curveto
-103.99 131.2 -101.14 129.22 -100.79 128.53 curveto
-100.44 127.84 -96.49 123.43 -96.49 123.43 curveto stroke
newpath -92.9 125.34 moveto
-92.9 125.34 -94.27 127.6 -94.74 128.86 curveto
-95.22 130.11 -95.24 133.58 -95.92 136.34 curveto
-96.61 139.1 -95.49 141.88 -95.01 142.93 curveto
-94.53 143.99 -94.25 147.34 -94.25 147.34 curveto
-94.25 147.34 -95.11 146.54 -95.07 146.76 curveto
-94.82 148.01 -94.87 152.63 -94.83 153.79 curveto
-94.79 154.96 -94.94 157.47 -95.26 158.53 curveto
-95.57 159.59 -94.48 161.21 -92.62 161.37 curveto
-90.75 161.54 -88.51 160.73 -87.53 160.24 curveto
-86.54 159.75 -83.1 160.14 -82.11 160.31 curveto
-81.11 160.47 -79.05 160.81 -77.8 161.28 curveto
-76.55 161.76 -74.84 165.23 -74.66 166.41 curveto
-74.47 167.58 -73.64 172.71 -73.31 173.9 curveto
-72.99 175.08 -71.35 175.37 -71.35 175.37 curveto
-71.12 176.04 lineto
-71.12 176.04 -70.68 175.94 -69.95 175.86 curveto
-69.21 175.78 -63.03 177.85 -61.64 178.48 curveto
-60.25 179.11 -58.2 182.85 -57.71 183.84 curveto
-57.22 184.83 -54.97 185.61 -54.23 186.19 curveto
-53.49 186.76 -50.75 185.42 -50.75 185.42 curveto
-47.01 183.22 lineto stroke
newpath -36.7 186.9 moveto
-36.7 186.9 -37.05 187.52 -37.93 188.46 curveto
-38.81 189.39 -43.43 191.66 -44.49 192.14 curveto
-45.55 192.63 -48.2 193.11 -49.54 193.5 curveto
-50.88 193.88 -52.12 195.58 -52.12 195.58 curveto
-50.65 199.26 lineto stroke
newpath -57.17 201.7 moveto
-57.84 201.06 -58.8 197.29 -58.99 197.85 curveto
-59.19 198.41 -62.75 200.18 -62.75 200.18 curveto stroke
newpath -67.57 195.1 moveto
-66.97 194.8 -64.73 194.06 -64.09 193.4 curveto
-63.45 192.73 -60.8 191.45 -60.49 190.47 curveto
-60.18 189.48 -61.37 188.14 -61.57 187.25 curveto
-61.78 186.36 -62.29 184 -62.54 182.82 curveto
-62.79 181.63 -63.69 181.19 -64.65 180.53 curveto
-65.6 179.86 -68.22 179.27 -69.14 179.04 curveto
-70.07 178.81 -72.92 177.62 -73.87 177.68 curveto
-74.82 177.74 -75.94 178.94 -76.62 179.24 curveto
-77.29 179.54 -79.97 179.58 -81.27 179.54 curveto
-82.57 179.49 -90.37 178.78 -90.37 178.78 curveto
-90.37 178.78 -92.75 178.78 -94.22 178.21 curveto
-95.68 177.65 -95.86 175.68 -96.17 175.08 curveto
-96.48 174.47 -98.79 168.05 -99.31 166.63 curveto
-99.84 165.21 -102.88 165.58 -103.69 162.18 curveto
-104 160.85 -102.72 157.06 -102.24 155.73 curveto
-101.76 154.4 -101.25 148.73 -101.25 148.73 curveto
-100.37 148.59 lineto
-100.37 148.59 -102.38 145.3 -103.18 143.78 curveto
-103.98 142.26 -105.26 142 -105.26 142 curveto
-105.26 142 -105.37 142.49 -105.51 142.41 curveto
-106.13 142.06 -106.39 141.68 -106.9 140.98 curveto
-107.42 140.28 -108.99 139.28 -110.03 139.62 curveto
-111.07 139.95 -113 142.82 -113.58 143.63 curveto
-114.16 144.45 -116.42 148.72 -116.95 149.69 curveto
-117.47 150.66 -119.89 155.07 -119.89 155.07 curveto stroke
newpath -127.41 153.52 moveto
-127.38 153.23 -126.41 151.22 -126.05 150.46 curveto
-125.69 149.69 -122.07 144.81 -121.47 143.86 curveto
-120.88 142.9 -118.01 137.52 -117.21 136.65 curveto
-116.41 135.79 -115.27 132.78 -115.27 132.78 curveto
-115.27 132.78 -114.89 133.55 -114.82 133.47 curveto
-114.18 132.74 -112.24 128.14 -111.99 126.94 curveto
-111.73 125.73 -111.32 118.04 -111.1 115.6 curveto
-110.88 113.16 -112.45 111.36 -113.47 109.9 curveto
-114.5 108.43 -117.78 107.99 -117.78 107.99 curveto stroke
newpath -117.78 107.99 moveto
-117.78 107.99 -111.85 106.36 -110.14 103.41 curveto stroke
newpath -110.14 103.41 moveto
-109.58 102.81 -106.34 98.91 -104.58 97.91 curveto
-102.83 96.91 -97.46 92.7 -97.16 91.79 curveto
-96.87 90.87 -95.65 86.14 -95.37 84.72 curveto
-95.1 83.29 -93.44 81.78 -93.44 81.78 curveto stroke
newpath -91.61 83.09 moveto
-92.57 84.89 lineto
-91.74 84.6 lineto
-91.74 84.6 -92.87 86.67 -92.77 87.12 curveto
-92.67 87.56 -92.33 87.8 -91.68 87.86 curveto
-91.03 87.92 -90.33 88.12 -90.33 88.12 curveto
-89.71 86.95 lineto
-89.71 86.95 -88.98 85.21 -88.55 84.52 curveto stroke
newpath -88.55 84.52 moveto
-88.55 84.52 -87.45 82.67 -86.02 81.28 curveto
-84.59 79.9 -83.68 79.47 -83.42 78.99 curveto stroke
newpath -83.42 78.99 moveto
-83.42 78.99 -81.99 76.74 -82.52 76.26 curveto
-83.06 75.78 -84.75 76.06 -85.12 75.3 curveto
-85.48 74.54 -87.43 71.18 -87.76 70.07 curveto
-88.09 68.95 -89.34 63.56 -89.24 62.41 curveto
-89.13 61.26 -87.99 56.67 -87.79 55.17 curveto
-87.58 53.67 -83.46 48.98 -82.36 47.99 curveto
-81.26 47.01 -79.92 45.83 -78.85 45.2 curveto
-77.78 44.58 -76.41 43.83 -76.41 43.83 curveto stroke
newpath -76.41 43.83 moveto
-76.41 43.83 -73.04 44.14 -71.66 44.92 curveto
-70.29 45.7 -69.39 46.21 -69.39 46.21 curveto
-69.43 46.64 lineto
-68.72 46.78 lineto
-68.72 46.78 -67.12 47.5 -66.39 48.22 curveto
-65.66 48.94 -64.85 49.52 -64.85 49.52 curveto
-64.98 50.16 lineto
-64.98 50.16 -63.97 50.97 -63.58 51.44 curveto
-63.19 51.91 -62.51 52.41 -62.51 52.41 curveto
-62.51 52.41 -60.63 51.57 -59.64 51 curveto
-58.65 50.44 -54.43 49.38 -53.4 49.18 curveto
-52.37 48.98 -51.12 48.74 -50.53 48.72 curveto
-49.95 48.7 -51.94 48.23 -52.16 47.49 curveto stroke
newpath -50.74 47.03 moveto
-50.74 47.03 -49.95 47.9 -49.92 48.34 curveto
-49.89 48.77 -47.99 47.79 -47.95 47.36 curveto
-47.91 46.93 -47.94 46.42 -47.8 45.71 curveto stroke
newpath -45.54 44.61 moveto
-45.76 46.26 lineto
-46.14 46.44 lineto
-45.78 48.06 lineto
-45.91 48.7 lineto
-45.91 48.7 -45.09 49.28 -43.81 50.26 curveto
-42.52 51.25 -39.24 54.07 -37.58 55.73 curveto
-35.92 57.4 -35.35 59.42 -31.82 58.5 curveto
-30.19 58.08 -27.23 55.62 -25.92 54.66 curveto
-24.6 53.69 -22.61 50.82 -22.36 49.68 curveto
-22.12 48.54 -22.5 47.28 -23.77 46.07 curveto
-25.03 44.87 -23.64 42.25 -23.12 41.36 curveto
-22.6 40.47 -19.87 36.6 -18.94 35.17 curveto
-18.02 33.73 -13.17 30.49 -13.17 30.49 curveto
-13.64 30.01 lineto
-13.64 30.01 -11.39 29.13 -11.18 28.43 curveto
-10.97 27.73 -13.32 24.91 -13.32 24.91 curveto
-12.56 25.34 lineto
-12.56 25.34 -12.77 24.46 -13.62 23.44 curveto
-14.47 22.42 -15.91 23.95 -17.74 25.01 curveto
-19.56 26.08 -20.54 24.11 -20.54 24.11 curveto
-20.54 24.11 -18.22 22.37 -17.57 21.56 curveto
-16.91 20.75 -17.2 19.93 -17.9 19.72 curveto
-18.6 19.51 -18.51 16.92 -18.51 16.92 curveto
-18.51 16.92 -19.32 17.86 -19.81 18.46 curveto
-20.3 19.07 -21.46 19.18 -22.62 20.02 curveto
-23.78 20.85 -27.15 24.45 -27.15 24.45 curveto stroke
newpath -28.28 22.54 moveto
-28.28 22.54 -27.18 21.62 -26.56 21.17 curveto
-25.94 20.73 -24.22 18.5 -23.48 17.48 curveto
-22.73 16.46 -23.18 15.77 -23.1 14.91 curveto
-23.02 14.05 -22.24 13.47 -21.65 12.51 curveto
-21.06 11.56 -19.59 8.94 -19.37 8.09 curveto
-19.15 7.25 -18.78 2.36 -18.78 2.36 curveto
-18.25 2.12 lineto
-18.25 2.12 -20.7 -1.21 -21.02 -1.74 curveto
-21.33 -2.28 -25.4 -6.12 -26.27 -6.92 curveto
-27.13 -7.73 -28.63 -8.27 -28.96 -10.78 curveto
-29.04 -11.44 -29.04 -12.24 -29.04 -12.24 curveto
-30 -12.04 lineto
-30.98 -10.75 lineto
-31.11 -10.11 lineto
-31.11 -10.11 -31.66 -9.73 -32.29 -9.13 curveto
-32.92 -8.54 -34.13 -7.2 -34.13 -7.2 curveto
-34.13 -7.2 -36.97 -6.09 -37.69 -6.15 curveto
-38.41 -6.22 -39.94 -6.86 -39.49 -7.9 curveto
-39.03 -8.95 -36.54 -14.15 -35.64 -15.3 curveto
-34.74 -16.44 -24.34 -22.66 -22.45 -24.37 curveto
-20.56 -26.08 -19.18 -28.55 -18.01 -30.25 curveto
-16.84 -31.96 -14.98 -36.55 -14.42 -37.95 curveto
-13.86 -39.34 -9.52 -42.49 -8.42 -43.48 curveto
-7.32 -44.46 -3.13 -46.76 -3.13 -46.76 curveto
-3.12 -46.03 lineto
-3.12 -46.03 -2.68 -46.93 -2.12 -47.53 curveto
-1.56 -48.13 2.98 -51.11 3.36 -51.37 curveto
3.75 -51.62 5.2 -52.5 5.24 -52.93 curveto
5.28 -53.36 5.53 -53.77 5.53 -53.77 curveto
5.53 -53.77 4.57 -53.57 3.26 -53.4 curveto
1.94 -53.23 -0.83 -53.7 -0.83 -53.7 curveto stroke
newpath 8.76 -64.75 moveto
9.51 -64.97 11.3 -66.4 12.01 -67.13 curveto
12.73 -67.86 15.27 -71.25 16.09 -72.26 curveto
16.9 -73.27 19.12 -76.26 19.82 -76.77 curveto
20.51 -77.29 22.23 -78.65 22.92 -79.89 curveto
23.61 -81.13 27.33 -84.77 28.17 -85.2 curveto
29 -85.63 34.06 -90.45 34.34 -91.15 curveto
34.62 -91.85 34.26 -92.68 34.15 -93.05 curveto
34.04 -93.42 33.27 -94.5 33.27 -94.5 curveto
33.77 -94.46 lineto
33.77 -94.46 33.14 -95.46 32.77 -96.14 curveto
32.4 -96.83 28.95 -100.97 28.95 -100.97 curveto stroke
newpath 33.26 -100.65 moveto
33.72 -100.18 35.51 -97.63 36.13 -97.28 curveto
36.75 -96.94 37.11 -96.18 37.11 -96.18 curveto
37.11 -96.18 38.24 -96.58 39.07 -96.94 curveto
39.9 -97.3 43.04 -98.31 43.88 -98.81 curveto
44.72 -99.32 48.31 -102.97 49.3 -103.6 curveto
50.3 -104.23 53.2 -105.92 53.85 -106.65 curveto
54.49 -107.39 55.76 -110.23 56.14 -111.28 curveto
56.53 -112.33 57.74 -113.81 58.42 -114.91 curveto
59.09 -116 58.1 -117.03 57.38 -117.82 curveto
56.65 -118.6 53.22 -119.85 53.22 -119.85 curveto stroke
newpath 54.27 -123.45 moveto
54.94 -122.88 55.98 -122.35 57.79 -121.68 curveto
59.61 -121.01 61.25 -120.72 62.31 -121.28 curveto
63.38 -121.84 63.01 -122.59 63.01 -122.59 curveto
63.01 -122.59 63.61 -122.83 63.73 -123.4 curveto
63.85 -123.96 65.96 -127.25 66.84 -128.98 curveto
67.72 -130.71 68.41 -134.34 68.47 -135.05 curveto
68.54 -135.77 66.91 -137 66.91 -137 curveto
66.91 -137 67.39 -138.32 67.32 -138.34 curveto
66.47 -138.56 63.81 -137.07 62.2 -136.85 curveto
60.59 -136.63 57.74 -137.9 56.91 -138.34 curveto
56.08 -138.77 55.79 -140.39 55.55 -140.92 curveto
55.31 -141.45 55.63 -142.65 55.63 -142.65 curveto
54.25 -143.28 lineto
53.53 -143.41 lineto
53.29 -143.87 lineto
53.87 -143.96 lineto
53.59 -144.78 lineto
53.59 -144.78 54.21 -145.31 54.57 -145.27 curveto
54.93 -145.24 56.42 -144.17 56.45 -144.45 curveto
56.47 -144.74 57.22 -146.55 57.69 -146.94 curveto
58.16 -147.33 59.48 -148.37 59.82 -148.99 curveto
60.17 -149.61 59.46 -149.82 58.63 -150.18 curveto
57.79 -150.55 57.36 -151.31 57.22 -152.98 curveto
57.08 -154.66 57.95 -154.65 57.95 -154.65 curveto stroke
newpath 59.46 -154.59 moveto
58.88 -153.77 58.54 -152.43 58.85 -151.82 curveto
59.16 -151.22 60.63 -150.26 60.73 -150.28 curveto
61.91 -150.53 63.23 -150.16 63.34 -150.33 curveto
63.67 -150.81 65.44 -151.94 65.08 -151.98 curveto
64.72 -152.01 64.52 -154.63 64.52 -154.63 curveto stroke
newpath 66.98 -155.42 moveto
66.74 -152.76 lineto
66.74 -152.76 67.34 -152.13 67.86 -151.58 curveto
68.39 -151.03 69.84 -150.97 70.2 -151.01 curveto
70.57 -151.05 70.35 -152.65 70.35 -152.65 curveto
70.67 -152.26 lineto
70.67 -152.26 71.03 -152.96 71.14 -154.17 curveto
71.25 -155.4 73.25 -160.65 74.09 -161.87 curveto
74.92 -163.1 78.8 -167.73 79.53 -167.81 curveto
80.26 -167.89 84.29 -169.19 85.35 -169.67 curveto
86.41 -170.15 89.58 -170.8 90.53 -170.93 curveto
91.49 -171.06 92.54 -172.73 93.21 -173.29 curveto
94.93 -174.72 96.74 -178.88 96.99 -180.16 curveto
97.25 -181.44 97.29 -186.07 97.31 -187.08 curveto
97.33 -188.09 100.53 -191.43 105.48 -191.63 curveto
110.41 -191.84 112.67 -194.45 113.83 -195.21 curveto
114.98 -195.98 118.09 -199.23 119.03 -200.01 curveto
119.96 -200.8 121.04 -202.29 122.38 -202.68 curveto
123.71 -203.06 126.25 -203.12 126.25 -203.12 curveto stroke
newpath 123.14 -191.9 moveto
123.14 -191.9 126.21 -193.86 125.52 -194.22 curveto
124.83 -194.57 122.86 -194.46 121.66 -193.92 curveto
120.45 -193.38 116.17 -190.74 115.13 -189.68 curveto
114.1 -188.61 112.2 -183.58 111.57 -182.26 curveto
110.95 -180.94 108.32 -174.31 107.66 -173.36 curveto
107 -172.41 104.52 -169.81 104.34 -169.46 curveto
104.17 -169.12 103.52 -166.72 103.34 -166.37 curveto
103.16 -166.02 102.12 -164.82 102.12 -164.82 curveto
103.24 -164.5 lineto
108.17 -165.36 lineto stroke
newpath 107.64 -160.26 moveto
106.93 -160.4 100.87 -160.59 100.87 -160.59 curveto
100.87 -160.59 99.59 -159.26 98.26 -158.15 curveto
96.93 -157.04 96.27 -156.15 95.72 -154.18 curveto
95.18 -152.2 94.12 -150.06 92.39 -147.68 curveto
90.66 -145.31 84.84 -144.9 82.4 -144.33 curveto
79.96 -143.77 77.44 -140.68 76.09 -138.56 curveto
74.74 -136.44 75.62 -133.32 76.12 -131.69 curveto
76.62 -130.05 74.69 -125.45 73.75 -124.67 curveto
72.82 -123.89 67.61 -119.07 66.7 -116.98 curveto
65.79 -114.89 66.36 -107.54 66.51 -106.01 curveto
66.66 -104.48 65.2 -98.76 63.88 -97.72 curveto
62.56 -96.68 62.48 -97.41 61.66 -98.79 curveto
60.99 -99.92 61.5 -105.64 60.29 -105.8 curveto
59.8 -105.87 58.97 -103.71 56.26 -102.24 curveto
55.12 -101.62 46.39 -94.67 45.32 -93.98 curveto
44.24 -93.28 40.35 -92.84 40.11 -91.78 curveto
39.87 -90.72 38.7 -88.94 38.05 -88.14 curveto
37.39 -87.33 35.61 -83.59 35.61 -83.59 curveto
33.59 -79.58 lineto
34.28 -80.09 lineto
34.28 -80.09 32.86 -74.73 32.99 -72.19 curveto
33.13 -69.65 31.36 -68.43 30.22 -67.81 curveto
29.08 -67.19 27.27 -65.55 26.67 -64.52 curveto
26.07 -63.49 25.24 -61.46 24.96 -59.97 curveto
24.68 -58.48 23.4 -56.28 23.4 -56.28 curveto stroke
newpath -74.14 49.03 moveto
-74.14 49.03 -78.09 52.72 -77.42 54.08 curveto
-76.75 55.45 -75.77 56.62 -75.23 57.83 curveto
-74.69 59.03 -73.64 60.21 -74.44 61.88 curveto stroke
newpath -74.44 61.88 moveto
-74.44 61.88 -72.94 61.29 -72.18 60.85 curveto
-71.42 60.42 -68.26 59.91 -67.67 59.75 curveto
-67.08 59.59 -66.72 58.83 -66.39 58.42 curveto
-66.07 58.02 -66.43 57.26 -66.43 57.26 curveto
-65.65 57.48 lineto
-65.65 57.48 -65.6 56.9 -65.55 56.4 curveto
-65.51 55.9 -66.39 54.51 -66.95 54.32 curveto
-67.51 54.12 -69.08 51.52 -69.39 50.91 curveto
-69.7 50.31 -71.46 48.19 -71.81 48.16 curveto
-72.17 48.13 -74.14 49.03 -74.14 49.03 curveto stroke
newpath 15.49 -66.46 moveto
14.53 -65.46 9.74 -62.71 9.74 -62.71 curveto stroke
newpath 9.74 -62.71 moveto
9.25 -62.18 7.59 -61.32 6.9 -60.94 curveto
6.22 -60.57 4.53 -58.63 3.97 -58.03 curveto
3.41 -57.43 2.87 -56.25 2.87 -56.25 curveto
2.87 -56.25 5.07 -55.83 5.71 -55.78 curveto
6.36 -55.72 7.11 -56.08 7.36 -56.42 curveto
7.61 -56.76 9.35 -58.48 9.69 -59.03 curveto
10.03 -59.58 13.37 -62.17 13.62 -62.51 curveto
13.87 -62.85 15.63 -64.78 15.67 -65.21 curveto
15.71 -65.65 17.87 -67.19 17.87 -67.19 curveto
17.87 -67.19 19.29 -68.5 19.55 -68.99 curveto
19.81 -69.47 20.68 -70.33 20.68 -70.33 curveto
20.01 -70.9 lineto
18.58 -70.3 lineto
18.58 -70.3 17.77 -69.29 17.14 -68.7 curveto
16.51 -68.1 15.49 -66.46 15.49 -66.46 curveto stroke
newpath -83.89 82.63 moveto
-86.98 86.26 lineto stroke
newpath -86.98 86.26 moveto
-86.98 86.26 -87.69 86.99 -87.74 87.56 curveto
-87.8 88.13 -87.47 88.52 -87.47 88.52 curveto
-86.57 88.17 lineto
-86.57 88.17 -85.89 87.01 -85.31 86.26 curveto
-84.74 85.52 -83.6 84.18 -82.81 83.45 curveto
-82.02 82.73 -81.23 82.01 -80.82 81.47 curveto
-80.41 80.93 -79.68 80.06 -79.68 80.06 curveto
-80.5 80.34 lineto
-80.5 80.34 -79.63 78.69 -79.9 78.45 curveto
-80.17 78.21 -80.1 77.49 -80.1 77.49 curveto
-80.1 77.49 -81.32 79.83 -81.79 80.15 curveto
-82.25 80.47 -83.03 81.05 -83.03 81.05 curveto
-82.52 81.1 lineto
-83.89 82.63 lineto stroke
newpath -88.1 90.71 moveto
-88.1 90.71 -89.78 90.92 -90.21 90.88 curveto
-90.65 90.84 -92.47 91.77 -91.98 91.96 curveto
-91.49 92.14 -90.42 93.18 -90.42 93.18 curveto
-89.48 93.19 lineto
-88.82 92.23 lineto
 closepath stroke
newpath -41.03 61.93 moveto
-40.87 62.59 lineto
-39.58 63.51 lineto
-38.4 64.77 lineto
-37.74 65.41 lineto
-37.06 66.63 lineto
-35.86 65.43 lineto
-34.26 63.05 lineto
-34.26 63.05 -35.98 62.1 -36.45 62.42 curveto
-36.91 62.74 -38.26 63.27 -38.26 63.27 curveto
-39.55 62.35 lineto
-40.5 61.62 lineto
 closepath stroke
newpath 9.29 -53.79 moveto
9.29 -53.79 7.54 -52 7.08 -51.75 curveto
6.63 -51.5 4.59 -48.94 3.74 -48.44 curveto
2.9 -47.94 -0.81 -45.25 -1.4 -45.15 curveto
-1.98 -45.06 -3.77 -44.5 -3.08 -43.36 curveto
-2.39 -42.21 -1.66 -41.49 -0.78 -41.63 curveto
0.1 -41.77 1.63 -41.12 2.23 -42.15 curveto
2.83 -43.18 2.9 -43.9 2.9 -43.9 curveto
3.36 -43.42 lineto
3.36 -43.42 3.5 -44.2 4.09 -45.09 curveto
4.67 -45.97 5.91 -46.87 6.49 -47.69 curveto
7.07 -48.5 8.09 -50.14 8.66 -50.88 curveto
9.24 -51.63 9.92 -52.79 9.74 -53.17 curveto
9.56 -53.55 9.29 -53.79 9.29 -53.79 curveto closepath stroke
newpath 24.64 -78.14 moveto
24.64 -78.14 23.99 -77.34 23.6 -77.08 curveto
23.22 -76.83 22.13 -75.19 22.13 -75.19 curveto
21.32 -74.97 lineto
20.43 -73.17 lineto
21.57 -73 lineto
21.57 -73 23.39 -73.92 23.73 -74.47 curveto
24.07 -75.01 25.31 -75.99 25.31 -75.99 curveto
25.31 -75.99 25.38 -76.78 25.28 -77.22 curveto
25.18 -77.66 24.58 -77.5 24.58 -77.5 curveto
 closepath stroke
newpath 29.51 -82.4 moveto
29.51 -82.4 28.31 -81.14 27.7 -80.76 curveto
27.08 -80.38 26.61 -79.99 26.61 -79.99 curveto
26.61 -79.99 26.56 -79.42 26.3 -78.93 curveto
26.04 -78.45 27.24 -78.05 27.24 -78.05 curveto
27.24 -78.05 27.63 -78.38 27.95 -78.71 curveto
28.26 -79.05 29.17 -80.26 29.35 -80.68 curveto
29.53 -81.1 29.51 -82.4 29.51 -82.4 curveto closepath stroke
newpath 72.91 -132.92 moveto
72.91 -132.92 72.87 -130.9 72.66 -130.19 curveto
72.45 -129.49 71.52 -126.32 71.33 -125.9 curveto
71.15 -125.48 71.02 -124.84 71.02 -124.84 curveto
71.02 -124.84 72.92 -127.42 73.5 -128.31 curveto
74.09 -129.2 73.88 -131.74 73.58 -132.35 curveto
73.27 -132.96 72.91 -132.92 72.91 -132.92 curveto closepath stroke
newpath 73.42 -147.33 moveto
73.42 -147.33 75 -147.26 75.06 -147.91 curveto
75.12 -148.55 74.64 -148.82 73.93 -149.02 curveto
73.22 -149.23 71.96 -148.9 72.21 -148.44 curveto
73 -147.01 73.42 -147.33 73.42 -147.33 curveto closepath stroke
newpath 67.14 -147.46 moveto
67.83 -146.31 lineto
68.97 -145.34 lineto
69.82 -145.99 lineto
69.82 -145.99 69.31 -147.55 69.09 -148.29 curveto
68.87 -149.03 67.4 -149.6 67.28 -149.03 curveto
67.15 -148.47 67.14 -147.46 67.14 -147.46 curveto closepath stroke
newpath 64.4 -146.84 moveto
65.38 -145.67 lineto
65.93 -145.33 lineto
66.14 -146.03 lineto
65.54 -146.59 lineto
 closepath stroke
newpath 63.13 -147.1 moveto
62.51 -145.93 lineto
63 -144.94 lineto
63.89 -144.36 lineto
63.41 -143.82 lineto
63.79 -143.28 lineto
62.32 -142.98 lineto
61.34 -142.49 lineto
60.62 -142.63 lineto
60.21 -142.09 lineto
59.63 -141.27 lineto
61.69 -141.59 lineto
62.58 -141.88 lineto
63.73 -141.77 lineto
64.13 -142.24 lineto
65.59 -142.4 lineto
65.61 -143.34 lineto
64.66 -144.07 lineto
64.31 -145.04 lineto
64.01 -145.65 lineto
64.07 -146.36 lineto
 closepath stroke
newpath 76.34 -144.46 moveto
76.34 -144.46 75.58 -144.1 75.23 -143.41 curveto
74.88 -142.71 73.66 -142.03 73.85 -141.8 curveto
74.05 -141.56 75.38 -141.95 75.96 -141.97 curveto
76.54 -141.99 77.03 -142.52 77.58 -143.05 curveto
78.13 -143.57 78.2 -144.29 78.2 -144.29 curveto
 closepath stroke
newpath 86.56 -148.72 moveto
86.27 -147.95 lineto
82.18 -145.94 lineto
82.18 -145.94 80.83 -145.35 80.18 -145.41 curveto
79.54 -145.47 79.2 -144.99 79.2 -144.99 curveto
78.53 -145.56 lineto
78.96 -146.24 lineto
78.96 -146.24 79.37 -145.99 80.19 -146.35 curveto
81.02 -146.7 81.5 -147.16 81.6 -147.44 curveto
81.7 -147.72 83.57 -148.49 84.22 -148.43 curveto
84.87 -148.37 86.56 -148.72 86.56 -148.72 curveto closepath stroke
newpath 75.48 -151.77 moveto
75.48 -151.77 76.51 -151.1 77.12 -150.68 curveto
77.74 -150.26 78.15 -150.01 78.94 -150 curveto
79.74 -150 82.72 -150.96 83.56 -151.46 curveto
84.4 -151.95 85.53 -152.43 86.32 -153.22 curveto
87.11 -154.02 90.02 -155.06 90.6 -155.95 curveto
91.19 -156.83 90.48 -158.9 90.8 -158.9 curveto
91.74 -158.88 93.85 -162.23 93.85 -162.23 curveto
93.85 -162.23 95.96 -166.31 96.26 -167.23 curveto
96.57 -168.14 98.32 -169.21 98.32 -169.21 curveto
97.38 -169.15 lineto
97.38 -169.15 97.85 -169.54 98.3 -169.79 curveto
98.76 -170.04 99.8 -172.69 100.22 -173.37 curveto
100.65 -174.06 102.03 -174.95 102.03 -174.95 curveto
101.33 -175.22 lineto
100.3 -175.02 lineto
99.13 -174.84 lineto
99.13 -174.84 98.05 -174.14 97.3 -173.78 curveto
96.54 -173.42 96.13 -172.8 95.7 -172.05 curveto
95.27 -171.29 92.73 -169.65 91.85 -169.44 curveto
90.96 -169.23 87.81 -168.14 86.45 -167.47 curveto
85.08 -166.8 81.96 -165.93 81.11 -165.35 curveto
80.27 -164.78 77.06 -160.38 77.06 -160.38 curveto
76.66 -160.77 lineto
76.66 -160.77 75.88 -158.45 75.53 -157.04 curveto
75.18 -155.62 74.95 -153.9 74.95 -153.9 curveto
74.64 -152.85 lineto
74.76 -151.83 lineto
 closepath stroke
newpath 110.88 -187.46 moveto
110.32 -186.06 lineto
108.42 -183.34 lineto
107.95 -182.15 lineto
104.97 -178.01 lineto
105.38 -177.69 lineto
104.03 -177.16 lineto
102.73 -177.92 lineto
102.84 -179.21 lineto
103.52 -179.51 lineto
103.16 -180.34 lineto
103.16 -180.34 103.4 -182.2 104.24 -182.7 curveto
105.08 -183.21 107.2 -185.11 107.2 -185.11 curveto
110.26 -186.93 lineto
 closepath stroke
newpath 100.69 -186.85 moveto
101.88 -187.98 lineto
103.52 -188.41 lineto
106.37 -189.46 lineto
107.94 -189.31 lineto
108.46 -188.62 lineto
107.73 -187.74 lineto
105.7 -186.05 lineto
101.84 -185.09 lineto
100.93 -185.46 lineto
 closepath stroke
newpath -93.4 165.21 moveto
-93.4 165.21 -94.16 166.37 -93.76 167.63 curveto
-93.37 168.9 -92.66 173.87 -91.87 174.74 curveto
-91.09 175.6 -88.78 176.39 -85.42 176.77 curveto
-82.07 177.15 -78.6 177.97 -78.37 176.26 curveto
-78.14 174.54 -77.72 170.68 -77.95 169.29 curveto
-78.19 167.89 -78.57 164.96 -80.31 164.37 curveto
-82.06 163.77 -87.7 164.57 -89.07 164.51 curveto
-92.33 164.39 -93.4 165.21 -93.4 165.21 curveto closepath stroke
showpage
%%EOF
