%!PS
%%BoundingBox: -281 -397 284 393 
%%HiResBoundingBox: -280.94 -396.19 283.65883 392.57 
%%Creator: MetaPost 1.209
%%CreationDate: 2019.09.26:1811
%%Pages: 1
%%BeginProlog
%%EndProlog
%%Page: 1 1
 0 0 0 setrgbcolor 0 0.7 dtransform truncate idtransform setlinewidth pop
 [] 0 setdash 1 setlinecap 1 setlinejoin 10 setmiterlimit
newpath 103.71 -41 moveto
101.87 -41.45 99.95 -42.63 97.75 -45.43 curveto
95.54 -48.23 88.53 -55.5 85.54 -57.65 curveto
82.55 -59.79 74.97 -62.35 71.84 -66.24 curveto
68.72 -70.13 64.08 -73.29 63.25 -78.57 curveto
62.42 -83.85 61.66 -85.07 60.43 -87.49 curveto
59.2 -89.91 57.4 -95.71 56.19 -96.69 curveto stroke
newpath 55.01 -102.86 moveto
54.04 -104.97 51.66 -109.09 50.16 -111.68 curveto
48.66 -114.27 45.52 -118.02 43.42 -120.37 curveto
41.32 -122.73 36.09 -127.24 34.94 -127.34 curveto stroke
newpath 31.28 -127.67 moveto
31.32 -128.1 29.98 -128.44 28.89 -129.19 curveto
27.8 -129.93 26.96 -130.23 26.96 -130.23 curveto stroke
newpath 28.91 -131.06 moveto
29.75 -130.77 31.18 -129.78 32.33 -129.67 curveto
33.48 -129.57 34.04 -128.58 34.71 -128.88 curveto
35.39 -129.18 35.47 -130.04 34.29 -131.38 curveto
33.11 -132.71 32.23 -132.57 32.35 -134.01 curveto
32.48 -135.44 33.22 -136.46 33.17 -138.27 curveto
33.11 -140.09 32.2 -142.05 31.45 -143.34 curveto
30.69 -144.64 29.22 -146.07 28.67 -146.34 curveto
28.11 -146.6 27.6 -145.71 27.17 -145.75 curveto stroke
newpath 26.42 -149.5 moveto
26.69 -150.06 26.69 -150.06 26.15 -151.34 curveto
25.61 -152.61 22.33 -156.31 20.7 -157.4 curveto
19.06 -158.48 17.12 -160.97 16.48 -161.9 curveto
15.84 -162.82 13.33 -165.43 12.24 -166.25 curveto
11.16 -167.07 6.07 -168.39 4.42 -167.74 curveto stroke
newpath 0.51 -170.83 moveto
0.5 -172.35 0.36 -173.23 0.22 -174.91 curveto
0.08 -176.58 0.75 -178.4 1.89 -179.09 curveto
3.04 -179.79 5.49 -181.3 5.89 -181.7 curveto
6.28 -182.1 7.71 -181.83 6.31 -184.77 curveto
4.91 -187.72 3.2 -192.06 2.77 -193.76 curveto
2.35 -195.46 0.74 -201.75 0.41 -202.87 curveto
0.07 -203.98 -3.86 -209.39 -6.05 -210.74 curveto
-8.24 -212.09 -15.64 -216 -17.06 -216.19 curveto
-18.49 -216.39 -20.6 -217.09 -21.56 -216.09 curveto stroke
newpath -26.37 -218.9 moveto
-26 -219.81 -24.64 -219.62 -24.98 -223.12 curveto
-25.32 -226.62 -24.95 -229.11 -24.58 -230.89 curveto
-24.2 -232.66 -21.53 -238.28 -20.88 -239.09 curveto
-20.23 -239.9 -16.98 -242.29 -15.31 -243.23 curveto
-13.64 -244.16 -10.78 -245.43 -10.68 -248.09 curveto
-10.59 -250.76 -10.96 -254.77 -10.07 -257.37 curveto
-9.19 -259.96 -9.65 -262.17 -9.79 -264.57 curveto
-9.94 -266.97 -11.87 -272.86 -12.84 -274.17 curveto
-13.8 -275.49 -18.49 -281.25 -20.35 -283.88 curveto
-22.21 -286.5 -28 -290.48 -26.39 -295.47 curveto
-24.79 -300.46 -22.27 -306.96 -22.49 -309.36 curveto
-22.71 -311.76 -23.46 -319.56 -23.77 -321.83 curveto
-24.07 -324.1 -25.39 -331.23 -26.82 -333.89 curveto
-28.25 -336.55 -31.56 -347.18 -31.85 -349.67 curveto
-32.13 -352.15 -32.73 -364.06 -32.72 -364.92 curveto
-32.72 -365.79 -32.75 -369.48 -34.78 -371.83 curveto
-36.81 -374.18 -41.46 -378.72 -42.59 -379.83 curveto
-43.72 -380.94 -50.24 -386.37 -51.47 -386.41 curveto
-52.69 -386.44 -55.53 -386.19 -55.84 -385.13 curveto stroke
newpath -61.47 -383.68 moveto
-63.23 -382.54 -69.85 -376.4 -71.21 -374.93 curveto
-72.57 -373.46 -79.36 -363.88 -80.33 -362.74 curveto
-81.29 -361.6 -84.05 -359.1 -84.92 -358.17 curveto
-85.8 -357.24 -86.89 -355.6 -87.38 -354.05 curveto
-87.89 -352.5 -89.59 -348.02 -91.6 -347.33 curveto
-93.62 -346.64 -96.21 -345.13 -99.11 -344.31 curveto
-102 -343.48 -106 -341.6 -106.91 -340.23 curveto
-107.83 -338.87 -110.16 -331.28 -110.87 -329.82 curveto
-111.58 -328.37 -115.16 -314.88 -115.35 -310.34 curveto
-115.54 -305.81 -116.81 -296.53 -116.65 -293.48 curveto
-116.49 -290.43 -113.82 -283.04 -113.79 -279.28 curveto
-113.76 -275.52 -115.16 -269.58 -115.86 -267.4 curveto
-116.56 -265.22 -120.14 -259.24 -121.17 -257.38 curveto
-122.2 -255.52 -125.47 -251.4 -126.98 -249.88 curveto
-128.49 -248.35 -132.32 -246.67 -132.9 -244.99 curveto
-133.49 -243.31 -132.51 -242.93 -131.8 -241.13 curveto
-131.09 -239.33 -128.7 -236.16 -129.71 -233.79 curveto
-130.71 -231.42 -131.77 -229.34 -131.94 -229 curveto stroke
newpath -130.81 -222.25 moveto
-131.94 -221.77 -135.4 -220.99 -137.15 -220.06 curveto
-138.9 -219.13 -142.36 -215.97 -143.63 -214.64 curveto
-144.9 -213.31 -148.79 -208.59 -150.19 -206.69 curveto
-151.58 -204.79 -153.27 -202.92 -154.23 -201.92 curveto
-155.19 -200.93 -156.12 -197.76 -155.46 -197.12 curveto
-154.79 -196.48 -154.15 -196.43 -154.15 -196.43 curveto stroke
newpath -154.46 -194.58 moveto
-155.34 -194.37 -156.59 -194.19 -157.3 -193.53 curveto
-158.01 -192.87 -158.87 -192.08 -158.84 -191.64 curveto stroke
newpath -158.84 -191.64 moveto
-158.84 -191.64 -159.9 -191.09 -161.53 -190.65 curveto
-163.16 -190.22 -164.95 -189.59 -165.84 -189.23 curveto
-166.74 -188.88 -168.54 -189.04 -168.53 -188.24 curveto
-168.53 -187.44 -167.75 -185.64 -167.27 -184.51 curveto
-166.79 -183.39 -166.26 -182.83 -165.91 -181.94 curveto
-165.55 -181.04 -165.06 -179.26 -165.06 -179.26 curveto stroke
newpath -168.38 -177.67 moveto
-168.82 -177.71 -169.56 -177.49 -170.42 -178.43 curveto
-171.27 -179.37 -172.75 -181.45 -174.35 -180.57 curveto
-175.95 -179.7 -176.37 -179.02 -176.12 -178.64 curveto
-175.86 -178.26 -175.18 -177.76 -176.57 -177.6 curveto
-177.96 -177.44 -178.59 -176.85 -179.43 -177.14 curveto
-180.27 -177.43 -181.82 -177.87 -181.47 -178.55 curveto
-181.12 -179.24 -180.77 -180 -180.77 -180.72 curveto
-180.78 -181.45 -180.41 -182.35 -181.7 -181.67 curveto
-182.98 -181 -183.75 -180.49 -183.8 -179.99 curveto stroke
newpath -184.96 -179.88 moveto
-185.23 -180.05 -187.42 -181.47 -187.98 -181.66 curveto
-188.54 -181.86 -191.64 -183.6 -193.49 -183.47 curveto
-195.35 -183.33 -198.71 -182.06 -199.86 -181.79 curveto
-201.02 -181.52 -205.02 -180.95 -205.58 -180.99 curveto
-206.19 -181.04 -206.27 -180.31 -206.77 -179.68 curveto
-207.26 -179.07 -207.15 -178.95 -208.3 -178.92 curveto
-209.49 -178.9 -209.87 -180.2 -210.35 -180.86 curveto
-210.8 -181.49 -212.13 -179.34 -212.89 -178.58 curveto
-213.65 -177.81 -215.35 -176.94 -217.06 -176.3 curveto
-218.76 -175.67 -222.37 -175.92 -223.82 -175.34 curveto
-225.26 -174.76 -227.66 -173.83 -228.73 -173.21 curveto
-229.8 -172.59 -229.61 -172.32 -231.23 -172.83 curveto
-232.83 -173.34 -233.03 -174.32 -233.76 -174.1 curveto
-234.47 -173.88 -234.9 -173.04 -234.9 -173.04 curveto stroke
newpath -234.86 -158.07 moveto
-235.52 -157.77 -240.72 -157.55 -241.89 -157.93 curveto
-243.07 -158.31 -244.91 -159.46 -246.07 -160.12 curveto
-247.24 -160.79 -248.06 -161.43 -248.58 -161.33 curveto stroke
newpath -248.58 -161.33 moveto
-249.59 -161.41 -248.53 -161.89 -251.31 -162.64 curveto
-254.08 -163.4 -255.62 -164.14 -257.13 -164.28 curveto
-258.64 -164.43 -258.87 -164.23 -260.33 -164.08 curveto
-261.79 -163.92 -269.16 -162.29 -271.21 -162.04 curveto
-273.25 -161.8 -278.01 -161.15 -278.01 -161.15 curveto
-280.59 -161.32 lineto stroke
newpath -277.87 -186.7 moveto
-277.02 -186.54 -273.45 -187.79 -270.04 -187.18 curveto
-266.64 -186.58 -259.01 -185.12 -257.63 -184.42 curveto
-256.26 -183.71 -249.83 -180.08 -248.72 -179.61 curveto
-247.62 -179.14 -243.38 -177.08 -242.06 -176.97 curveto
-240.75 -176.86 -237.1 -176.12 -236.71 -176.67 curveto stroke
newpath -236.71 -176.67 moveto
-235.84 -176.91 -232.77 -177.7 -231.64 -177.31 curveto
-230.49 -176.93 -229.39 -175.44 -228.76 -175.96 curveto
-228.13 -176.48 -226.36 -177.7 -225.84 -177.94 curveto
-225.31 -178.18 -223.97 -179.19 -222.99 -179.12 curveto
-221.18 -178.99 -218.52 -179.48 -217.29 -179.92 curveto
-215.3 -180.64 -213.34 -182.57 -212.37 -183.63 curveto
-211.17 -184.94 -206.7 -184.79 -204.74 -183.78 curveto
-202.92 -182.84 -201.19 -185.02 -200.11 -185.23 curveto
-199.03 -185.43 -193.65 -186.99 -192.34 -186.31 curveto
-191.03 -185.62 -185.81 -184.08 -184.3 -184.01 curveto
-182.79 -183.94 -179.63 -185.38 -178.71 -186.02 curveto
-177.78 -186.66 -176.74 -187.8 -176.39 -188.56 curveto
-176.03 -189.33 -175.73 -190.24 -175.73 -190.24 curveto stroke
newpath -155.78 -195.01 moveto
-155.85 -194.58 lineto
-156 -194.29 lineto
-156.67 -194.07 lineto
-157.01 -193.83 lineto stroke
newpath 39.59 -141.32 moveto
39.35 -141.32 lineto stroke
newpath -171.88 -192.08 moveto
-171.4 -192.61 -171.27 -192.46 -170.7 -194 curveto
-170.13 -195.54 -169.82 -196.61 -169.6 -197.46 curveto
-169.38 -198.31 -169.08 -198.96 -168.36 -199.37 curveto stroke
newpath -170.47 -204.68 moveto
-169.55 -205.32 -168.21 -206.5 -167.59 -207.75 curveto
-166.98 -209 -165.76 -211.27 -165.54 -212.12 curveto
-165.32 -212.97 -164.18 -215.18 -163.77 -215.72 curveto
-163.36 -216.26 -158.11 -224.17 -157.11 -224.88 curveto
-156.1 -225.58 -151.58 -230.17 -150.84 -231.91 curveto
-150.11 -233.66 -147.57 -240.95 -147.55 -242.75 curveto
-147.53 -244.56 -146.21 -253.04 -145.83 -254.02 curveto
-145.45 -254.99 -142.88 -258.81 -140.5 -260.4 curveto
-138.11 -262 -135.28 -265.37 -134.94 -265.91 curveto
-134.61 -266.46 -130.06 -269.6 -129.38 -270.7 curveto
-128.7 -271.79 -127.54 -273.5 -127.45 -275.29 curveto
-127.36 -277.09 -127.47 -279.12 -128.06 -279.83 curveto stroke
newpath -127.49 -284.62 moveto
-127.27 -286.19 -128.22 -288.59 -128.41 -291.21 curveto
-128.61 -293.83 -130.56 -304.34 -130.37 -305.69 curveto
-130.17 -307.05 -130.08 -312.96 -130.08 -314.48 curveto
-130.09 -316 -130.14 -321.93 -129.7 -323.55 curveto
-129.27 -325.17 -129.51 -327.29 -129.44 -328.08 curveto stroke
newpath -124.22 -336.5 moveto
-123.68 -337.75 -121.57 -341.1 -120.29 -342.58 curveto
-119 -344.05 -115.19 -348.7 -113.47 -349.41 curveto
-111.74 -350.13 -107.64 -352.44 -105.82 -353.44 curveto
-103.99 -354.43 -103.25 -356.32 -101.41 -355.8 curveto
-99.58 -355.28 -98.13 -353.7 -97.03 -355.49 curveto
-95.93 -357.27 -94.44 -360.11 -94.24 -360.67 curveto
-94.05 -361.23 -92.28 -364.83 -91.45 -366.78 curveto
-90.63 -368.73 -89.6 -372.17 -88.39 -373.51 curveto
-87.19 -374.84 -85.67 -377.31 -84.41 -378.5 curveto
-83.14 -379.68 -77.26 -384.07 -76.66 -385.18 curveto
-76.05 -386.28 -67.88 -391.19 -66.89 -391.76 curveto
-65.9 -392.32 -64.77 -392.8 -64.3 -393.26 curveto stroke
newpath -60.82 -395.84 moveto
-59.37 -395.79 -51.31 -393.84 -50.1 -392.79 curveto
-48.9 -391.74 -40.67 -385.95 -39.33 -384.81 curveto
-37.98 -383.68 -28.89 -377.09 -27.9 -375.26 curveto
-26.9 -373.44 -24.63 -368.11 -25.16 -365.41 curveto
-25.69 -362.71 -26.39 -351.64 -25.29 -349.37 curveto
-24.2 -347.1 -22.39 -338.12 -21.63 -336.18 curveto
-20.86 -334.23 -18.08 -325.59 -17.65 -323.17 curveto
-17.21 -320.74 -17.89 -317.12 -17.76 -316.24 curveto
-17.62 -315.36 -16.59 -305.8 -15.53 -304.62 curveto
-14.48 -303.44 -9.72 -299.33 -8.46 -297.27 curveto
-7.2 -295.2 0.08 -286.89 1.03 -285.36 curveto
1.97 -283.84 6.11 -275.08 6.3 -272.39 curveto
6.5 -269.7 4.63 -256.85 3.91 -254.46 curveto
3.19 -252.06 0.84 -237.88 0.67 -235.08 curveto
0.49 -232.28 -1.05 -224.75 1.71 -222.41 curveto
4.46 -220.07 8.47 -219.57 10.51 -217.29 curveto
12.55 -215.02 16.47 -210.33 16.93 -207.32 curveto
17.38 -204.32 16.28 -193.64 16.67 -191.58 curveto
17.07 -189.52 18.88 -182.35 19.3 -181.37 curveto
19.71 -180.39 20.77 -178.42 21.51 -177.85 curveto
22.25 -177.28 24.89 -174.37 25.05 -172.91 curveto
25.21 -171.45 24.84 -168.96 26.91 -168.63 curveto
28.98 -168.3 34.44 -167.88 36.36 -165.83 curveto
38.27 -163.78 43.07 -159.95 43.2 -156.54 curveto
43.32 -153.12 41.78 -145.6 42.11 -144.49 curveto
42.45 -143.37 43.51 -142.34 43.92 -141.21 curveto
44.32 -140.09 44.62 -137.75 45.84 -136.85 curveto
47.06 -135.94 47.7 -134.3 48.26 -132.51 curveto
48.83 -130.73 51.7 -124.84 52.45 -124.34 curveto
53.2 -123.84 55.79 -120.57 57.03 -118.22 curveto
58.26 -115.87 60.8 -111.88 61.75 -111.15 curveto
62.69 -110.41 68.78 -108.21 69.98 -106.3 curveto
71.18 -104.38 73.44 -102.16 74.8 -100.37 curveto
76.16 -98.59 79.56 -96.19 81.61 -94.86 curveto
83.66 -93.52 87.76 -89.25 88.25 -87.4 curveto
88.74 -85.55 91.97 -79.63 92.3 -78.44 curveto
92.63 -77.26 95.74 -71.56 97.94 -69.48 curveto
100.14 -67.41 104.12 -63.44 106.09 -63.62 curveto
108.06 -63.81 115.05 -65.28 116.38 -64.8 curveto
117.71 -64.32 122.41 -63.47 124.07 -62.6 curveto
125.72 -61.73 134.09 -59.89 135.43 -59.56 curveto
136.78 -59.22 142.94 -60.26 143.72 -60.91 curveto
144.5 -61.56 149.31 -63.59 152.65 -61.34 curveto
155.99 -59.09 157.44 -59.97 159.15 -58.08 curveto
160.86 -56.19 163.63 -52.4 164.98 -50.48 curveto
166.33 -48.55 171.01 -45.97 172.61 -43.58 curveto
174.2 -41.2 174.84 -39.41 174.9 -37.67 curveto
174.96 -35.93 174.13 -31.12 175.63 -27.66 curveto
177.02 -24.44 183.63 -13.84 185.41 -11.08 curveto
187.19 -8.32 192.19 -3.61 194.88 -2.21 curveto
197.57 -0.81 203.49 2.46 210.15 2.41 curveto
216.8 2.35 225.45 5.8 229.35 7.45 curveto
233.25 9.1 244.3 15.72 245.87 16.73 curveto
247.45 17.74 251.98 21.25 252.01 22.55 curveto stroke
newpath 237.27 392.22 moveto
236.7 388.84 234.21 373 236.8 369.9 curveto
239.39 366.81 241.79 357.77 247.51 355.24 curveto
253.23 352.72 255.73 350.63 257.91 348.94 curveto
260.08 347.26 263.53 345.83 264.65 343.04 curveto
265.77 340.25 265.45 329.1 263.76 323.74 curveto
262.06 318.39 259.59 308.76 258.36 306.34 curveto
257.13 303.92 248.1 299.78 245.59 297.24 curveto
243.07 294.7 225.41 280.4 224.17 278.12 curveto
222.92 275.84 219.68 271.65 219.06 267.26 curveto
218.44 262.87 219.73 258.07 219.9 256.21 curveto
220.07 254.34 219.64 244.48 220.14 240.47 curveto
220.64 236.47 220.32 223.86 219.77 220.34 curveto
219.21 216.82 217.21 210.14 216.58 205.89 curveto
215.95 201.63 212.7 191.08 212.43 189.32 curveto
212.15 187.56 210.89 177.47 212.47 174.29 curveto
214.05 171.11 218.33 166.87 218.45 163.84 curveto
218.58 160.82 219.47 152.37 218.48 148.95 curveto
217.48 145.54 214.77 138.65 212.03 135.37 curveto
209.29 132.09 204.5 127.47 205.6 121.64 curveto
206.7 115.81 209.8 113.35 212.52 112 curveto
215.24 110.65 221.74 109.05 222.02 105.9 curveto
222.3 102.74 222.33 97.54 221.8 95.47 curveto
221.26 93.4 222.7 85.29 224.21 81.38 curveto
225.71 77.46 226.54 71.46 227.75 67.67 curveto
228.96 63.87 230.53 54.47 230.58 52.31 curveto
230.62 50.15 230.91 42.08 232.66 38.62 curveto
234.41 35.16 235.73 31.66 234.21 29.21 curveto
232.69 26.77 230.55 26.43 226.35 23.3 curveto
222.14 20.18 217.16 16.12 214.34 15.29 curveto
211.53 14.46 205.52 12.18 201.38 11.52 curveto
197.25 10.87 182.82 7.41 179.5 2.48 curveto
176.18 -2.44 167.12 -11.05 166.04 -15.19 curveto
164.96 -19.33 160.75 -27.22 158.58 -30.45 curveto
156.4 -33.68 150.67 -40.84 146 -41.98 curveto
141.34 -43.12 127.63 -45.07 125.31 -44.99 curveto
122.99 -44.91 118.74 -44.28 116.7 -44.03 curveto
114.65 -43.78 107.45 -42.4 107.45 -42.4 curveto stroke
newpath 251.59 28.95 moveto
250.93 29.83 248.4 34.02 247.61 35.61 curveto
246.81 37.2 244.56 41.41 244.75 43.31 curveto
244.95 45.21 244.88 51.64 244.28 54.26 curveto
243.68 56.88 240.78 62.62 240.38 64.61 curveto
239.99 66.6 238.9 76.33 238.93 77.56 curveto
238.97 78.79 238.26 85.88 236.86 89.37 curveto
235.47 92.86 233.59 96.88 233.52 100.13 curveto
233.45 103.37 232.93 113.23 232.26 115.91 curveto
231.59 118.6 229.82 122.2 229.35 123.46 curveto
228.88 124.72 227.23 128.69 228.15 130.44 curveto
229.08 132.19 231.01 135.69 231.14 139.9 curveto
231.27 144.1 230.58 153.36 230.64 155.17 curveto
230.69 156.98 230.61 159.58 231.92 161.07 curveto
233.23 162.56 234.75 165.8 232.4 167.83 curveto
230.05 169.86 228.72 171.04 225.93 173.18 curveto
223.14 175.31 221.42 177.61 223.05 179.64 curveto
224.67 181.66 225.94 183.65 226.14 185.48 curveto
226.34 187.31 228.48 196.54 229.38 198.57 curveto
230.28 200.61 231.39 202.8 231.39 202.8 curveto
231.39 202.8 229 202.81 228.41 203.76 curveto
227.82 204.72 227.98 210.16 229.06 212.64 curveto
230.14 215.13 230.43 222.31 230.41 226.64 curveto
230.38 230.98 231.09 243.33 230.98 247.07 curveto
230.86 250.82 232.1 260.4 232.95 262.28 curveto
233.79 264.16 236.15 270.16 237.57 271.22 curveto
239 272.29 246.02 280.29 247.89 282.77 curveto
249.77 285.26 257.81 293.06 259.34 294.57 curveto
260.87 296.08 270.6 302.01 273.56 302.93 curveto
276.51 303.84 281.87 304.46 282.4 309.07 curveto
282.93 313.67 281.69 317.1 281.85 319.35 curveto
282.01 321.6 282.11 329.49 282.72 331.64 curveto
283.32 333.79 284.32 342.91 280.6 345.76 curveto
276.88 348.61 271.07 352.07 268.79 353.39 curveto
266.5 354.7 260.46 358.35 259.14 359.39 curveto
257.82 360.43 253.29 363.42 252.43 369.71 curveto
251.58 376 253.14 386.91 253.32 388.95 curveto stroke
 0 0.24501 dtransform truncate idtransform setlinewidth pop
newpath 271.44002 343.5 moveto
274.23997 343.5 lineto stroke
 0.24501 0 dtransform exch truncate exch idtransform pop setlinewidth
newpath 272.84 342.10002 moveto
272.84 344.89998 lineto stroke
 0.00002 0.00018 0.00063 setrgbcolor
newpath 273.40001 343.5 moveto
273.40001 343.64853 273.341 343.79095 273.23598 343.89598 curveto
273.13095 344.001 272.98853 344.06001 272.84 344.06001 curveto
272.69147 344.06001 272.54904 344.001 272.44402 343.89598 curveto
272.33899 343.79095 272.27998 343.64853 272.27998 343.5 curveto
272.27998 343.35147 272.33899 343.20905 272.44402 343.10402 curveto
272.54904 342.999 272.69147 342.93999 272.84 342.93999 curveto
272.98853 342.93999 273.13095 342.999 273.23598 343.10402 curveto
273.341 343.20905 273.40001 343.35147 273.40001 343.5 curveto closepath fill
 0 0 0 setrgbcolor 0 0.35 dtransform truncate idtransform setlinewidth pop
newpath 272.84 343.5 moveto 0 0 rlineto stroke
 0 0.24501 dtransform truncate idtransform setlinewidth pop
newpath 272.46002 311.53 moveto
275.25998 311.53 lineto stroke
 0.24501 0 dtransform exch truncate exch idtransform pop setlinewidth
newpath 273.86 310.13002 moveto
273.86 312.92998 lineto stroke
 0.00002 0.00018 0.00063 setrgbcolor
newpath 274.42001 311.53 moveto
274.42001 311.67853 274.36101 311.82095 274.25598 311.92598 curveto
274.15096 312.031 274.00853 312.09001 273.86 312.09001 curveto
273.71147 312.09001 273.56905 312.031 273.46402 311.92598 curveto
273.359 311.82095 273.29999 311.67853 273.29999 311.53 curveto
273.29999 311.38147 273.359 311.23904 273.46402 311.13402 curveto
273.56905 311.02899 273.71147 310.96999 273.86 310.96999 curveto
274.00853 310.96999 274.15096 311.02899 274.25598 311.13402 curveto
274.36101 311.23904 274.42001 311.38147 274.42001 311.53 curveto closepath fill
 0 0 0 setrgbcolor 0 0.35 dtransform truncate idtransform setlinewidth pop
newpath 273.86 311.53 moveto 0 0 rlineto stroke
 0 0.24501 dtransform truncate idtransform setlinewidth pop
newpath 228.35002 276.29 moveto
231.14998 276.29 lineto stroke
 0.24501 0 dtransform exch truncate exch idtransform pop setlinewidth
newpath 229.75 274.89001 moveto
229.75 277.68997 lineto stroke
 0.00002 0.00018 0.00063 setrgbcolor
newpath 230.31001 276.29 moveto
230.31001 276.43852 230.251 276.58095 230.14598 276.68597 curveto
230.04095 276.791 229.89853 276.85 229.75 276.85 curveto
229.60147 276.85 229.45905 276.791 229.35402 276.68597 curveto
229.249 276.58095 229.18999 276.43852 229.18999 276.29 curveto
229.18999 276.14146 229.249 275.99904 229.35402 275.89401 curveto
229.45905 275.78899 229.60147 275.72998 229.75 275.72998 curveto
229.89853 275.72998 230.04095 275.78899 230.14598 275.89401 curveto
230.251 275.99904 230.31001 276.14146 230.31001 276.29 curveto closepath fill
 0 0 0 setrgbcolor 0 0.35 dtransform truncate idtransform setlinewidth pop
newpath 229.75 276.29 moveto 0 0 rlineto stroke
 0 0.24501 dtransform truncate idtransform setlinewidth pop
newpath 222.03001 223.68 moveto
224.82997 223.68 lineto stroke
 0.24501 0 dtransform exch truncate exch idtransform pop setlinewidth
newpath 223.43 222.28001 moveto
223.43 225.07997 lineto stroke
 0.00002 0.00018 0.00063 setrgbcolor
newpath 223.99 223.68 moveto
223.99 223.82852 223.931 223.97095 223.82597 224.07597 curveto
223.72095 224.181 223.57852 224.24 223.43 224.24 curveto
223.28146 224.24 223.13904 224.181 223.03401 224.07597 curveto
222.92899 223.97095 222.86998 223.82852 222.86998 223.68 curveto
222.86998 223.53146 222.92899 223.38904 223.03401 223.28401 curveto
223.13904 223.17899 223.28146 223.11998 223.43 223.11998 curveto
223.57852 223.11998 223.72095 223.17899 223.82597 223.28401 curveto
223.931 223.38904 223.99 223.53146 223.99 223.68 curveto closepath fill
 0 0 0 setrgbcolor 0 0.35 dtransform truncate idtransform setlinewidth pop
newpath 223.43 223.68 moveto 0 0 rlineto stroke
 0 0.24501 dtransform truncate idtransform setlinewidth pop
newpath 212.91002 184.29 moveto
215.70998 184.29 lineto stroke
 0.24501 0 dtransform exch truncate exch idtransform pop setlinewidth
newpath 214.31 182.89001 moveto
214.31 185.68997 lineto stroke
 0.00002 0.00018 0.00063 setrgbcolor
newpath 214.87001 184.29 moveto
214.87001 184.43852 214.811 184.58095 214.70598 184.68597 curveto
214.60095 184.791 214.45853 184.85 214.31 184.85 curveto
214.16147 184.85 214.01904 184.791 213.91402 184.68597 curveto
213.80899 184.58095 213.74998 184.43852 213.74998 184.29 curveto
213.74998 184.14146 213.80899 183.99904 213.91402 183.89401 curveto
214.01904 183.78899 214.16147 183.72998 214.31 183.72998 curveto
214.45853 183.72998 214.60095 183.78899 214.70598 183.89401 curveto
214.811 183.99904 214.87001 184.14146 214.87001 184.29 curveto closepath fill
 0 0 0 setrgbcolor 0 0.35 dtransform truncate idtransform setlinewidth pop
newpath 214.31 184.29 moveto 0 0 rlineto stroke
 0 0.24501 dtransform truncate idtransform setlinewidth pop
newpath 227.77002 158.52 moveto
230.56998 158.52 lineto stroke
 0.24501 0 dtransform exch truncate exch idtransform pop setlinewidth
newpath 229.17 157.12003 moveto
229.17 159.91998 lineto stroke
 0.00002 0.00018 0.00063 setrgbcolor
newpath 229.73001 158.52 moveto
229.73001 158.66853 229.671 158.81096 229.56598 158.91599 curveto
229.46095 159.02101 229.31853 159.08002 229.17 159.08002 curveto
229.02147 159.08002 228.87904 159.02101 228.77402 158.91599 curveto
228.66899 158.81096 228.60999 158.66853 228.60999 158.52 curveto
228.60999 158.37148 228.66899 158.22905 228.77402 158.12402 curveto
228.87904 158.019 229.02147 157.95999 229.17 157.95999 curveto
229.31853 157.95999 229.46095 158.019 229.56598 158.12402 curveto
229.671 158.22905 229.73001 158.37148 229.73001 158.52 curveto closepath fill
 0 0 0 setrgbcolor 0 0.35 dtransform truncate idtransform setlinewidth pop
newpath 229.17 158.52 moveto 0 0 rlineto stroke
 0 0.24501 dtransform truncate idtransform setlinewidth pop
newpath 210.65002 126.78 moveto
213.44998 126.78 lineto stroke
 0.24501 0 dtransform exch truncate exch idtransform pop setlinewidth
newpath 212.05 125.38002 moveto
212.05 128.17998 lineto stroke
 0.00002 0.00018 0.00063 setrgbcolor
newpath 212.61002 126.78 moveto
212.61002 126.92853 212.55101 127.07095 212.44598 127.17598 curveto
212.34096 127.281 212.19853 127.34001 212.05 127.34001 curveto
211.90147 127.34001 211.75905 127.281 211.65402 127.17598 curveto
211.549 127.07095 211.48999 126.92853 211.48999 126.78 curveto
211.48999 126.63147 211.549 126.48904 211.65402 126.38402 curveto
211.75905 126.27899 211.90147 126.21999 212.05 126.21999 curveto
212.19853 126.21999 212.34096 126.27899 212.44598 126.38402 curveto
212.55101 126.48904 212.61002 126.63147 212.61002 126.78 curveto closepath fill
 0 0 0 setrgbcolor 0 0.35 dtransform truncate idtransform setlinewidth pop
newpath 212.05 126.78 moveto 0 0 rlineto stroke
 0 0.24501 dtransform truncate idtransform setlinewidth pop
newpath 222.65002 118.65 moveto
225.44998 118.65 lineto stroke
 0.24501 0 dtransform exch truncate exch idtransform pop setlinewidth
newpath 224.05 117.25002 moveto
224.05 120.04997 lineto stroke
 0.00002 0.00018 0.00063 setrgbcolor
newpath 224.61002 118.65 moveto
224.61002 118.79852 224.55101 118.94095 224.44598 119.04597 curveto
224.34096 119.151 224.19853 119.21 224.05 119.21 curveto
223.90147 119.21 223.75905 119.151 223.65402 119.04597 curveto
223.549 118.94095 223.48999 118.79852 223.48999 118.65 curveto
223.48999 118.50146 223.549 118.35904 223.65402 118.25401 curveto
223.75905 118.14899 223.90147 118.08998 224.05 118.08998 curveto
224.19853 118.08998 224.34096 118.14899 224.44598 118.25401 curveto
224.55101 118.35904 224.61002 118.50146 224.61002 118.65 curveto closepath fill
 0 0 0 setrgbcolor 0 0.35 dtransform truncate idtransform setlinewidth pop
newpath 224.05 118.65 moveto 0 0 rlineto stroke
 0 0.24501 dtransform truncate idtransform setlinewidth pop
newpath 229.58002 82.39 moveto
232.37997 82.39 lineto stroke
 0.24501 0 dtransform exch truncate exch idtransform pop setlinewidth
newpath 230.98 80.99002 moveto
230.98 83.78998 lineto stroke
 0.00002 0.00018 0.00063 setrgbcolor
newpath 231.54001 82.39 moveto
231.54001 82.53853 231.481 82.68095 231.37598 82.78598 curveto
231.27095 82.891 231.12852 82.95001 230.98 82.95001 curveto
230.83147 82.95001 230.68904 82.891 230.58401 82.78598 curveto
230.47899 82.68095 230.41998 82.53853 230.41998 82.39 curveto
230.41998 82.24147 230.47899 82.09904 230.58401 81.99402 curveto
230.68904 81.88899 230.83147 81.82999 230.98 81.82999 curveto
231.12852 81.82999 231.27095 81.88899 231.37598 81.99402 curveto
231.481 82.09904 231.54001 82.24147 231.54001 82.39 curveto closepath fill
 0 0 0 setrgbcolor 0 0.35 dtransform truncate idtransform setlinewidth pop
newpath 230.98 82.39 moveto 0 0 rlineto stroke
 0 0.24501 dtransform truncate idtransform setlinewidth pop
newpath 236.24002 45.99 moveto
239.03998 45.99 lineto stroke
 0.24501 0 dtransform exch truncate exch idtransform pop setlinewidth
newpath 237.64 44.59003 moveto
237.64 47.38998 lineto stroke
 0.00002 0.00018 0.00063 setrgbcolor
newpath 238.20001 45.99 moveto
238.20001 46.13853 238.141 46.28096 238.03598 46.38599 curveto
237.93095 46.49101 237.78853 46.55002 237.64 46.55002 curveto
237.49147 46.55002 237.34904 46.49101 237.24402 46.38599 curveto
237.13899 46.28096 237.07999 46.13853 237.07999 45.99 curveto
237.07999 45.84148 237.13899 45.69905 237.24402 45.59402 curveto
237.34904 45.489 237.49147 45.43 237.64 45.43 curveto
237.78853 45.43 237.93095 45.489 238.03598 45.59402 curveto
238.141 45.69905 238.20001 45.84148 238.20001 45.99 curveto closepath fill
 0 0 0 setrgbcolor 0 0.35 dtransform truncate idtransform setlinewidth pop
newpath 237.64 45.99 moveto 0 0 rlineto stroke
 0 0.24501 dtransform truncate idtransform setlinewidth pop
newpath 233.62003 16.73 moveto
236.41998 16.73 lineto stroke
 0.24501 0 dtransform exch truncate exch idtransform pop setlinewidth
newpath 235.02 15.33002 moveto
235.02 18.12997 lineto stroke
 0.00002 0.00018 0.00063 setrgbcolor
newpath 235.58002 16.73 moveto
235.58002 16.87852 235.52101 17.02095 235.41599 17.12598 curveto
235.31096 17.231 235.16853 17.29001 235.02 17.29001 curveto
234.87148 17.29001 234.72905 17.231 234.62402 17.12598 curveto
234.519 17.02095 234.45999 16.87852 234.45999 16.73 curveto
234.45999 16.58147 234.519 16.43904 234.62402 16.33401 curveto
234.72905 16.22899 234.87148 16.16998 235.02 16.16998 curveto
235.16853 16.16998 235.31096 16.22899 235.41599 16.33401 curveto
235.52101 16.43904 235.58002 16.58147 235.58002 16.73 curveto closepath fill
 0 0 0 setrgbcolor 0 0.35 dtransform truncate idtransform setlinewidth pop
newpath 235.02 16.73 moveto 0 0 rlineto stroke
 0 0.24501 dtransform truncate idtransform setlinewidth pop
newpath 174.55002 -5.9 moveto
177.34998 -5.9 lineto stroke
 0.24501 0 dtransform exch truncate exch idtransform pop setlinewidth
newpath 175.95 -7.29997 moveto
175.95 -4.50002 lineto stroke
 0.00002 0.00018 0.00063 setrgbcolor
newpath 176.51001 -5.9 moveto
176.51001 -5.75146 176.451 -5.60904 176.34598 -5.50401 curveto
176.24095 -5.39899 176.09853 -5.33998 175.95 -5.33998 curveto
175.80147 -5.33998 175.65904 -5.39899 175.55402 -5.50401 curveto
175.44899 -5.60904 175.38998 -5.75146 175.38998 -5.9 curveto
175.38998 -6.04852 175.44899 -6.19095 175.55402 -6.29597 curveto
175.65904 -6.401 175.80147 -6.46 175.95 -6.46 curveto
176.09853 -6.46 176.24095 -6.401 176.34598 -6.29597 curveto
176.451 -6.19095 176.51001 -6.04852 176.51001 -5.9 curveto closepath fill
 0 0 0 setrgbcolor 0 0.35 dtransform truncate idtransform setlinewidth pop
newpath 175.95 -5.9 moveto 0 0 rlineto stroke
 0 0.24501 dtransform truncate idtransform setlinewidth pop
newpath 161.66002 -48.05 moveto
164.45998 -48.05 lineto stroke
 0.24501 0 dtransform exch truncate exch idtransform pop setlinewidth
newpath 163.06 -49.44998 moveto
163.06 -46.65002 lineto stroke
 0.00002 0.00018 0.00063 setrgbcolor
newpath 163.62001 -48.05 moveto
163.62001 -47.90147 163.561 -47.75905 163.45598 -47.65402 curveto
163.35095 -47.549 163.20853 -47.48999 163.06 -47.48999 curveto
162.91147 -47.48999 162.76904 -47.549 162.66402 -47.65402 curveto
162.55899 -47.75905 162.49998 -47.90147 162.49998 -48.05 curveto
162.49998 -48.19853 162.55899 -48.34096 162.66402 -48.44598 curveto
162.76904 -48.55101 162.91147 -48.61002 163.06 -48.61002 curveto
163.20853 -48.61002 163.35095 -48.55101 163.45598 -48.44598 curveto
163.561 -48.34096 163.62001 -48.19853 163.62001 -48.05 curveto closepath fill
 0 0 0 setrgbcolor 0 0.35 dtransform truncate idtransform setlinewidth pop
newpath 163.06 -48.05 moveto 0 0 rlineto stroke
 0 0.24501 dtransform truncate idtransform setlinewidth pop
newpath 121.22002 -56.92 moveto
124.01997 -56.92 lineto stroke
 0.24501 0 dtransform exch truncate exch idtransform pop setlinewidth
newpath 122.62 -58.31998 moveto
122.62 -55.52002 lineto stroke
 0.00002 0.00018 0.00063 setrgbcolor
newpath 123.18001 -56.92 moveto
123.18001 -56.77147 123.121 -56.62904 123.01598 -56.52402 curveto
122.91095 -56.41899 122.76852 -56.35999 122.62 -56.35999 curveto
122.47147 -56.35999 122.32904 -56.41899 122.22401 -56.52402 curveto
122.11899 -56.62904 122.05998 -56.77147 122.05998 -56.92 curveto
122.05998 -57.06853 122.11899 -57.21095 122.22401 -57.31598 curveto
122.32904 -57.421 122.47147 -57.48001 122.62 -57.48001 curveto
122.76852 -57.48001 122.91095 -57.421 123.01598 -57.31598 curveto
123.121 -57.21095 123.18001 -57.06853 123.18001 -56.92 curveto closepath fill
 0 0 0 setrgbcolor 0 0.35 dtransform truncate idtransform setlinewidth pop
newpath 122.62 -56.92 moveto 0 0 rlineto stroke
 0 0.24501 dtransform truncate idtransform setlinewidth pop
newpath 93.42003 -61.85 moveto
96.21999 -61.85 lineto stroke
 0.24501 0 dtransform exch truncate exch idtransform pop setlinewidth
newpath 94.82 -63.24998 moveto
94.82 -60.45003 lineto stroke
 0.00002 0.00018 0.00063 setrgbcolor
newpath 95.38002 -61.85 moveto
95.38002 -61.70148 95.32101 -61.55905 95.21599 -61.45403 curveto
95.11096 -61.349 94.96854 -61.29 94.82 -61.29 curveto
94.67148 -61.29 94.52905 -61.349 94.42403 -61.45403 curveto
94.319 -61.55905 94.26 -61.70148 94.26 -61.85 curveto
94.26 -61.99854 94.319 -62.14096 94.42403 -62.24599 curveto
94.52905 -62.35101 94.67148 -62.41002 94.82 -62.41002 curveto
94.96854 -62.41002 95.11096 -62.35101 95.21599 -62.24599 curveto
95.32101 -62.14096 95.38002 -61.99854 95.38002 -61.85 curveto closepath fill
 0 0 0 setrgbcolor 0 0.35 dtransform truncate idtransform setlinewidth pop
newpath 94.82 -61.85 moveto 0 0 rlineto stroke
 0 0.24501 dtransform truncate idtransform setlinewidth pop
newpath 66.13002 -86.27 moveto
68.92998 -86.27 lineto stroke
 0.24501 0 dtransform exch truncate exch idtransform pop setlinewidth
newpath 67.53 -87.66998 moveto
67.53 -84.87003 lineto stroke
 0.00002 0.00018 0.00063 setrgbcolor
newpath 68.09001 -86.27 moveto
68.09001 -86.12148 68.031 -85.97905 67.92598 -85.87402 curveto
67.82095 -85.769 67.67853 -85.70999 67.53 -85.70999 curveto
67.38147 -85.70999 67.23904 -85.769 67.13402 -85.87402 curveto
67.02899 -85.97905 66.96999 -86.12148 66.96999 -86.27 curveto
66.96999 -86.41853 67.02899 -86.56096 67.13402 -86.66599 curveto
67.23904 -86.77101 67.38147 -86.83002 67.53 -86.83002 curveto
67.67853 -86.83002 67.82095 -86.77101 67.92598 -86.66599 curveto
68.031 -86.56096 68.09001 -86.41853 68.09001 -86.27 curveto closepath fill
 0 0 0 setrgbcolor 0 0.35 dtransform truncate idtransform setlinewidth pop
newpath 67.53 -86.27 moveto 0 0 rlineto stroke
 0 0.24501 dtransform truncate idtransform setlinewidth pop
newpath 65.83002 -99.25 moveto
68.62997 -99.25 lineto stroke
 0.24501 0 dtransform exch truncate exch idtransform pop setlinewidth
newpath 67.23 -100.64998 moveto
67.23 -97.85002 lineto stroke
 0.00002 0.00018 0.00063 setrgbcolor
newpath 67.79001 -99.25 moveto
67.79001 -99.10147 67.731 -98.95905 67.62598 -98.85402 curveto
67.52095 -98.749 67.37852 -98.68999 67.23 -98.68999 curveto
67.08147 -98.68999 66.93904 -98.749 66.83401 -98.85402 curveto
66.72899 -98.95905 66.66998 -99.10147 66.66998 -99.25 curveto
66.66998 -99.39853 66.72899 -99.54095 66.83401 -99.64598 curveto
66.93904 -99.751 67.08147 -99.81001 67.23 -99.81001 curveto
67.37852 -99.81001 67.52095 -99.751 67.62598 -99.64598 curveto
67.731 -99.54095 67.79001 -99.39853 67.79001 -99.25 curveto closepath fill
 0 0 0 setrgbcolor 0 0.35 dtransform truncate idtransform setlinewidth pop
newpath 67.23 -99.25 moveto 0 0 rlineto stroke
 0 0.24501 dtransform truncate idtransform setlinewidth pop
newpath 35.88002 -131.24 moveto
38.67998 -131.24 lineto stroke
 0.24501 0 dtransform exch truncate exch idtransform pop setlinewidth
newpath 37.28 -132.63998 moveto
37.28 -129.84003 lineto stroke
 0.00002 0.00018 0.00063 setrgbcolor
newpath 37.84001 -131.24 moveto
37.84001 -131.09148 37.781 -130.94905 37.67598 -130.84402 curveto
37.57095 -130.739 37.42853 -130.68 37.28 -130.68 curveto
37.13147 -130.68 36.98904 -130.739 36.88402 -130.84402 curveto
36.77899 -130.94905 36.71999 -131.09148 36.71999 -131.24 curveto
36.71999 -131.38853 36.77899 -131.53096 36.88402 -131.63599 curveto
36.98904 -131.74101 37.13147 -131.80002 37.28 -131.80002 curveto
37.42853 -131.80002 37.57095 -131.74101 37.67598 -131.63599 curveto
37.781 -131.53096 37.84001 -131.38853 37.84001 -131.24 curveto closepath fill
 0 0 0 setrgbcolor 0 0.35 dtransform truncate idtransform setlinewidth pop
newpath 37.28 -131.24 moveto 0 0 rlineto stroke
 0 0.24501 dtransform truncate idtransform setlinewidth pop
newpath 37.21002 -154.8 moveto
40.00998 -154.8 lineto stroke
 0.24501 0 dtransform exch truncate exch idtransform pop setlinewidth
newpath 38.61 -156.19998 moveto
38.61 -153.40002 lineto stroke
 0.00002 0.00018 0.00063 setrgbcolor
newpath 39.17001 -154.8 moveto
39.17001 -154.65147 39.11101 -154.50905 39.00598 -154.40402 curveto
38.90096 -154.299 38.75853 -154.23999 38.61 -154.23999 curveto
38.46147 -154.23999 38.31905 -154.299 38.21402 -154.40402 curveto
38.109 -154.50905 38.04999 -154.65147 38.04999 -154.8 curveto
38.04999 -154.94853 38.109 -155.09096 38.21402 -155.19598 curveto
38.31905 -155.30101 38.46147 -155.36002 38.61 -155.36002 curveto
38.75853 -155.36002 38.90096 -155.30101 39.00598 -155.19598 curveto
39.11101 -155.09096 39.17001 -154.94853 39.17001 -154.8 curveto closepath fill
 0 0 0 setrgbcolor 0 0.35 dtransform truncate idtransform setlinewidth pop
newpath 38.61 -154.8 moveto 0 0 rlineto stroke
 0 0.24501 dtransform truncate idtransform setlinewidth pop
newpath 25.13002 -152.19 moveto
27.92998 -152.19 lineto stroke
 0.24501 0 dtransform exch truncate exch idtransform pop setlinewidth
newpath 26.53 -153.58998 moveto
26.53 -150.79002 lineto stroke
 0.00002 0.00018 0.00063 setrgbcolor
newpath 27.09001 -152.19 moveto
27.09001 -152.04147 27.031 -151.89905 26.92598 -151.79402 curveto
26.82095 -151.689 26.67853 -151.62999 26.53 -151.62999 curveto
26.38147 -151.62999 26.23904 -151.689 26.13402 -151.79402 curveto
26.02899 -151.89905 25.96999 -152.04147 25.96999 -152.19 curveto
25.96999 -152.33853 26.02899 -152.48096 26.13402 -152.58598 curveto
26.23904 -152.69101 26.38147 -152.75002 26.53 -152.75002 curveto
26.67853 -152.75002 26.82095 -152.69101 26.92598 -152.58598 curveto
27.031 -152.48096 27.09001 -152.33853 27.09001 -152.19 curveto closepath fill
 0 0 0 setrgbcolor 0 0.35 dtransform truncate idtransform setlinewidth pop
newpath 26.53 -152.19 moveto 0 0 rlineto stroke
 0 0.24501 dtransform truncate idtransform setlinewidth pop
newpath 17.09003 -165.78 moveto
19.88998 -165.78 lineto stroke
 0.24501 0 dtransform exch truncate exch idtransform pop setlinewidth
newpath 18.49 -167.17998 moveto
18.49 -164.38002 lineto stroke
 0.00002 0.00018 0.00063 setrgbcolor
newpath 19.05002 -165.78 moveto
19.05002 -165.63147 18.99101 -165.48904 18.88599 -165.38402 curveto
18.78096 -165.27899 18.63853 -165.21999 18.49 -165.21999 curveto
18.34148 -165.21999 18.19905 -165.27899 18.09402 -165.38402 curveto
17.989 -165.48904 17.93 -165.63147 17.93 -165.78 curveto
17.93 -165.92853 17.989 -166.07095 18.09402 -166.17598 curveto
18.19905 -166.281 18.34148 -166.34001 18.49 -166.34001 curveto
18.63853 -166.34001 18.78096 -166.281 18.88599 -166.17598 curveto
18.99101 -166.07095 19.05002 -165.92853 19.05002 -165.78 curveto closepath fill
 0 0 0 setrgbcolor 0 0.35 dtransform truncate idtransform setlinewidth pop
newpath 18.49 -165.78 moveto 0 0 rlineto stroke
 0 0.24501 dtransform truncate idtransform setlinewidth pop
newpath 15.19002 -172.29 moveto
17.98997 -172.29 lineto stroke
 0.24501 0 dtransform exch truncate exch idtransform pop setlinewidth
newpath 16.59 -173.68997 moveto
16.59 -170.89001 lineto stroke
 0.00002 0.00018 0.00063 setrgbcolor
newpath 17.15001 -172.29 moveto
17.15001 -172.14146 17.091 -171.99904 16.98598 -171.89401 curveto
16.88095 -171.78899 16.73853 -171.72998 16.59 -171.72998 curveto
16.44147 -171.72998 16.29904 -171.78899 16.19402 -171.89401 curveto
16.08899 -171.99904 16.02998 -172.14146 16.02998 -172.29 curveto
16.02998 -172.43852 16.08899 -172.58095 16.19402 -172.68597 curveto
16.29904 -172.791 16.44147 -172.85 16.59 -172.85 curveto
16.73853 -172.85 16.88095 -172.791 16.98598 -172.68597 curveto
17.091 -172.58095 17.15001 -172.43852 17.15001 -172.29 curveto closepath fill
 0 0 0 setrgbcolor 0 0.35 dtransform truncate idtransform setlinewidth pop
newpath 16.59 -172.29 moveto 0 0 rlineto stroke
 0 0.24501 dtransform truncate idtransform setlinewidth pop
newpath 7.79002 -184.78 moveto
10.58998 -184.78 lineto stroke
 0.24501 0 dtransform exch truncate exch idtransform pop setlinewidth
newpath 9.19 -186.17998 moveto
9.19 -183.38002 lineto stroke
 0.00002 0.00018 0.00063 setrgbcolor
newpath 9.75002 -184.78 moveto
9.75002 -184.63147 9.69101 -184.48904 9.58598 -184.38402 curveto
9.48096 -184.27899 9.33853 -184.21999 9.19 -184.21999 curveto
9.04147 -184.21999 8.89905 -184.27899 8.79402 -184.38402 curveto
8.689 -184.48904 8.62999 -184.63147 8.62999 -184.78 curveto
8.62999 -184.92853 8.689 -185.07095 8.79402 -185.17598 curveto
8.89905 -185.281 9.04147 -185.34001 9.19 -185.34001 curveto
9.33853 -185.34001 9.48096 -185.281 9.58598 -185.17598 curveto
9.69101 -185.07095 9.75002 -184.92853 9.75002 -184.78 curveto closepath fill
 0 0 0 setrgbcolor 0 0.35 dtransform truncate idtransform setlinewidth pop
newpath 9.19 -184.78 moveto 0 0 rlineto stroke
 0 0.24501 dtransform truncate idtransform setlinewidth pop
newpath 7.47002 -208.56 moveto
10.26997 -208.56 lineto stroke
 0.24501 0 dtransform exch truncate exch idtransform pop setlinewidth
newpath 8.87 -209.95998 moveto
8.87 -207.16002 lineto stroke
 0.00002 0.00018 0.00063 setrgbcolor
newpath 9.43001 -208.56 moveto
9.43001 -208.41147 9.371 -208.26904 9.26598 -208.16402 curveto
9.16095 -208.05899 9.01852 -207.99998 8.87 -207.99998 curveto
8.72147 -207.99998 8.57904 -208.05899 8.47401 -208.16402 curveto
8.36899 -208.26904 8.30998 -208.41147 8.30998 -208.56 curveto
8.30998 -208.70853 8.36899 -208.85095 8.47401 -208.95598 curveto
8.57904 -209.061 8.72147 -209.12001 8.87 -209.12001 curveto
9.01852 -209.12001 9.16095 -209.061 9.26598 -208.95598 curveto
9.371 -208.85095 9.43001 -208.70853 9.43001 -208.56 curveto closepath fill
 0 0 0 setrgbcolor 0 0.35 dtransform truncate idtransform setlinewidth pop
newpath 8.87 -208.56 moveto 0 0 rlineto stroke
 0 0.24501 dtransform truncate idtransform setlinewidth pop
newpath -16.15997 -223.19 moveto
-13.36002 -223.19 lineto stroke
 0.24501 0 dtransform exch truncate exch idtransform pop setlinewidth
newpath -14.76 -224.58998 moveto
-14.76 -221.79002 lineto stroke
 0.00002 0.00018 0.00063 setrgbcolor
newpath -14.19998 -223.19 moveto
-14.19998 -223.04147 -14.25899 -222.89905 -14.36401 -222.79402 curveto
-14.46904 -222.689 -14.61147 -222.62999 -14.76 -222.62999 curveto
-14.90852 -222.62999 -15.05095 -222.689 -15.15598 -222.79402 curveto
-15.261 -222.89905 -15.32 -223.04147 -15.32 -223.19 curveto
-15.32 -223.33853 -15.261 -223.48096 -15.15598 -223.58598 curveto
-15.05095 -223.69101 -14.90852 -223.75002 -14.76 -223.75002 curveto
-14.61147 -223.75002 -14.46904 -223.69101 -14.36401 -223.58598 curveto
-14.25899 -223.48096 -14.19998 -223.33853 -14.19998 -223.19 curveto closepath
 fill
 0 0 0 setrgbcolor 0 0.35 dtransform truncate idtransform setlinewidth pop
newpath -14.76 -223.19 moveto 0 0 rlineto stroke
 0 0.24501 dtransform truncate idtransform setlinewidth pop
newpath -1.26997 -272.38 moveto
1.52998 -272.38 lineto stroke
 0.24501 0 dtransform exch truncate exch idtransform pop setlinewidth
newpath 0.13 -273.77998 moveto
0.13 -270.98003 lineto stroke
 0.00002 0.00018 0.00063 setrgbcolor
newpath 0.69002 -272.38 moveto
0.69002 -272.23148 0.63101 -272.08905 0.52599 -271.98402 curveto
0.42096 -271.879 0.27853 -271.81999 0.13 -271.81999 curveto
-0.01852 -271.81999 -0.16095 -271.879 -0.26598 -271.98402 curveto
-0.371 -272.08905 -0.43001 -272.23148 -0.43001 -272.38 curveto
-0.43001 -272.52853 -0.371 -272.67096 -0.26598 -272.77599 curveto
-0.16095 -272.88101 -0.01852 -272.94002 0.13 -272.94002 curveto
0.27853 -272.94002 0.42096 -272.88101 0.52599 -272.77599 curveto
0.63101 -272.67096 0.69002 -272.52853 0.69002 -272.38 curveto closepath fill
 0 0 0 setrgbcolor 0 0.35 dtransform truncate idtransform setlinewidth pop
newpath 0.13 -272.38 moveto 0 0 rlineto stroke
 0 0.24501 dtransform truncate idtransform setlinewidth pop
newpath -19.57997 -298.28 moveto
-16.78001 -298.28 lineto stroke
 0.24501 0 dtransform exch truncate exch idtransform pop setlinewidth
newpath -18.18 -299.67998 moveto
-18.18 -296.88002 lineto stroke
 0.00002 0.00018 0.00063 setrgbcolor
newpath -17.61998 -298.28 moveto
-17.61998 -298.13147 -17.67899 -297.98904 -17.78401 -297.88402 curveto
-17.88904 -297.77899 -18.03146 -297.71999 -18.18 -297.71999 curveto
-18.32852 -297.71999 -18.47095 -297.77899 -18.57597 -297.88402 curveto
-18.681 -297.98904 -18.74 -298.13147 -18.74 -298.28 curveto
-18.74 -298.42853 -18.681 -298.57095 -18.57597 -298.67598 curveto
-18.47095 -298.781 -18.32852 -298.84001 -18.18 -298.84001 curveto
-18.03146 -298.84001 -17.88904 -298.781 -17.78401 -298.67598 curveto
-17.67899 -298.57095 -17.61998 -298.42853 -17.61998 -298.28 curveto closepath
 fill
 0 0 0 setrgbcolor 0 0.35 dtransform truncate idtransform setlinewidth pop
newpath -18.18 -298.28 moveto 0 0 rlineto stroke
 0 0.24501 dtransform truncate idtransform setlinewidth pop
newpath -20.16998 -319 moveto
-17.37003 -319 lineto stroke
 0.24501 0 dtransform exch truncate exch idtransform pop setlinewidth
newpath -18.77 -320.39998 moveto
-18.77 -317.60002 lineto stroke
 0.00002 0.00018 0.00063 setrgbcolor
newpath -18.20999 -319 moveto
-18.20999 -318.85147 -18.269 -318.70905 -18.37402 -318.60402 curveto
-18.47905 -318.499 -18.62148 -318.43999 -18.77 -318.43999 curveto
-18.91853 -318.43999 -19.06096 -318.499 -19.16599 -318.60402 curveto
-19.27101 -318.70905 -19.33002 -318.85147 -19.33002 -319 curveto
-19.33002 -319.14853 -19.27101 -319.29095 -19.16599 -319.39598 curveto
-19.06096 -319.501 -18.91853 -319.56001 -18.77 -319.56001 curveto
-18.62148 -319.56001 -18.47905 -319.501 -18.37402 -319.39598 curveto
-18.269 -319.29095 -18.20999 -319.14853 -18.20999 -319 curveto closepath fill
 0 0 0 setrgbcolor 0 0.35 dtransform truncate idtransform setlinewidth pop
newpath -18.77 -319 moveto 0 0 rlineto stroke
 0 0.24501 dtransform truncate idtransform setlinewidth pop
newpath -29.62997 -340.41 moveto
-26.83002 -340.41 lineto stroke
 0.24501 0 dtransform exch truncate exch idtransform pop setlinewidth
newpath -28.23 -341.80998 moveto
-28.23 -339.01003 lineto stroke
 0.00002 0.00018 0.00063 setrgbcolor
newpath -27.66998 -340.41 moveto
-27.66998 -340.26147 -27.72899 -340.11905 -27.83401 -340.01402 curveto
-27.93904 -339.909 -28.08147 -339.84999 -28.23 -339.84999 curveto
-28.37852 -339.84999 -28.52095 -339.909 -28.62598 -340.01402 curveto
-28.731 -340.11905 -28.79001 -340.26147 -28.79001 -340.41 curveto
-28.79001 -340.55853 -28.731 -340.70096 -28.62598 -340.80598 curveto
-28.52095 -340.91101 -28.37852 -340.97002 -28.23 -340.97002 curveto
-28.08147 -340.97002 -27.93904 -340.91101 -27.83401 -340.80598 curveto
-27.72899 -340.70096 -27.66998 -340.55853 -27.66998 -340.41 curveto closepath
 fill
 0 0 0 setrgbcolor 0 0.35 dtransform truncate idtransform setlinewidth pop
newpath -28.23 -340.41 moveto 0 0 rlineto stroke
 0 0.24501 dtransform truncate idtransform setlinewidth pop
newpath -30.00998 -374.17 moveto
-27.21002 -374.17 lineto stroke
 0.24501 0 dtransform exch truncate exch idtransform pop setlinewidth
newpath -28.61 -375.56998 moveto
-28.61 -372.77002 lineto stroke
 0.00002 0.00018 0.00063 setrgbcolor
newpath -28.04999 -374.17 moveto
-28.04999 -374.02147 -28.109 -373.87904 -28.21402 -373.77402 curveto
-28.31905 -373.66899 -28.46147 -373.60999 -28.61 -373.60999 curveto
-28.75853 -373.60999 -28.90096 -373.66899 -29.00598 -373.77402 curveto
-29.11101 -373.87904 -29.17001 -374.02147 -29.17001 -374.17 curveto
-29.17001 -374.31853 -29.11101 -374.46095 -29.00598 -374.56598 curveto
-28.90096 -374.671 -28.75853 -374.73001 -28.61 -374.73001 curveto
-28.46147 -374.73001 -28.31905 -374.671 -28.21402 -374.56598 curveto
-28.109 -374.46095 -28.04999 -374.31853 -28.04999 -374.17 curveto closepath
 fill
 0 0 0 setrgbcolor 0 0.35 dtransform truncate idtransform setlinewidth pop
newpath -28.61 -374.17 moveto 0 0 rlineto stroke
 0 0.24501 dtransform truncate idtransform setlinewidth pop
newpath -54.32997 -393.31 moveto
-51.53001 -393.31 lineto stroke
 0.24501 0 dtransform exch truncate exch idtransform pop setlinewidth
newpath -52.93 -394.70998 moveto
-52.93 -391.91002 lineto stroke
 0.00002 0.00018 0.00063 setrgbcolor
newpath -52.36998 -393.31 moveto
-52.36998 -393.16147 -52.42899 -393.01904 -52.53401 -392.91402 curveto
-52.63904 -392.80899 -52.78146 -392.74998 -52.93 -392.74998 curveto
-53.07852 -392.74998 -53.22095 -392.80899 -53.32597 -392.91402 curveto
-53.431 -393.01904 -53.49 -393.16147 -53.49 -393.31 curveto
-53.49 -393.45853 -53.431 -393.60095 -53.32597 -393.70598 curveto
-53.22095 -393.811 -53.07852 -393.87001 -52.93 -393.87001 curveto
-52.78146 -393.87001 -52.63904 -393.811 -52.53401 -393.70598 curveto
-52.42899 -393.60095 -52.36998 -393.45853 -52.36998 -393.31 curveto closepath
 fill
 0 0 0 setrgbcolor 0 0.35 dtransform truncate idtransform setlinewidth pop
newpath -52.93 -393.31 moveto 0 0 rlineto stroke
 0 0.24501 dtransform truncate idtransform setlinewidth pop
newpath -80.08998 -372.03 moveto
-77.29002 -372.03 lineto stroke
 0.24501 0 dtransform exch truncate exch idtransform pop setlinewidth
newpath -78.69 -373.42998 moveto
-78.69 -370.63002 lineto stroke
 0.00002 0.00018 0.00063 setrgbcolor
newpath -78.12999 -372.03 moveto
-78.12999 -371.88147 -78.189 -371.73904 -78.29402 -371.63402 curveto
-78.39905 -371.52899 -78.54147 -371.46999 -78.69 -371.46999 curveto
-78.83853 -371.46999 -78.98096 -371.52899 -79.08598 -371.63402 curveto
-79.19101 -371.73904 -79.25002 -371.88147 -79.25002 -372.03 curveto
-79.25002 -372.17853 -79.19101 -372.32095 -79.08598 -372.42598 curveto
-78.98096 -372.531 -78.83853 -372.59001 -78.69 -372.59001 curveto
-78.54147 -372.59001 -78.39905 -372.531 -78.29402 -372.42598 curveto
-78.189 -372.32095 -78.12999 -372.17853 -78.12999 -372.03 curveto closepath
 fill
 0 0 0 setrgbcolor 0 0.35 dtransform truncate idtransform setlinewidth pop
newpath -78.69 -372.03 moveto 0 0 rlineto stroke
 0 0.24501 dtransform truncate idtransform setlinewidth pop
newpath -92.76997 -358.39 moveto
-89.97002 -358.39 lineto stroke
 0.24501 0 dtransform exch truncate exch idtransform pop setlinewidth
newpath -91.37 -359.78998 moveto
-91.37 -356.99002 lineto stroke
 0.00002 0.00018 0.00063 setrgbcolor
newpath -90.80998 -358.39 moveto
-90.80998 -358.24147 -90.86899 -358.09904 -90.97401 -357.99402 curveto
-91.07904 -357.88899 -91.22147 -357.82999 -91.37 -357.82999 curveto
-91.51852 -357.82999 -91.66095 -357.88899 -91.76598 -357.99402 curveto
-91.871 -358.09904 -91.93001 -358.24147 -91.93001 -358.39 curveto
-91.93001 -358.53853 -91.871 -358.68095 -91.76598 -358.78598 curveto
-91.66095 -358.891 -91.51852 -358.95001 -91.37 -358.95001 curveto
-91.22147 -358.95001 -91.07904 -358.891 -90.97401 -358.78598 curveto
-90.86899 -358.68095 -90.80998 -358.53853 -90.80998 -358.39 curveto closepath
 fill
 0 0 0 setrgbcolor 0 0.35 dtransform truncate idtransform setlinewidth pop
newpath -91.37 -358.39 moveto 0 0 rlineto stroke
 0 0.24501 dtransform truncate idtransform setlinewidth pop
newpath -96.85999 -350.34 moveto
-94.06003 -350.34 lineto stroke
 0.24501 0 dtransform exch truncate exch idtransform pop setlinewidth
newpath -95.46 -351.73997 moveto
-95.46 -348.94002 lineto stroke
 0.00002 0.00018 0.00063 setrgbcolor
newpath -94.9 -350.34 moveto
-94.9 -350.19147 -94.959 -350.04904 -95.06403 -349.94402 curveto
-95.16905 -349.83899 -95.31148 -349.77998 -95.46 -349.77998 curveto
-95.60854 -349.77998 -95.75096 -349.83899 -95.85599 -349.94402 curveto
-95.96101 -350.04904 -96.02002 -350.19147 -96.02002 -350.34 curveto
-96.02002 -350.48853 -95.96101 -350.63095 -95.85599 -350.73598 curveto
-95.75096 -350.841 -95.60854 -350.90001 -95.46 -350.90001 curveto
-95.31148 -350.90001 -95.16905 -350.841 -95.06403 -350.73598 curveto
-94.959 -350.63095 -94.9 -350.48853 -94.9 -350.34 curveto closepath fill
 0 0 0 setrgbcolor 0 0.35 dtransform truncate idtransform setlinewidth pop
newpath -95.46 -350.34 moveto 0 0 rlineto stroke
 0 0.24501 dtransform truncate idtransform setlinewidth pop
newpath -113.47998 -341.04 moveto
-110.68002 -341.04 lineto stroke
 0.24501 0 dtransform exch truncate exch idtransform pop setlinewidth
newpath -112.08 -342.43997 moveto
-112.08 -339.64001 lineto stroke
 0.00002 0.00018 0.00063 setrgbcolor
newpath -111.51999 -341.04 moveto
-111.51999 -340.89146 -111.579 -340.74904 -111.68402 -340.64401 curveto
-111.78905 -340.53899 -111.93147 -340.47998 -112.08 -340.47998 curveto
-112.22853 -340.47998 -112.37096 -340.53899 -112.47598 -340.64401 curveto
-112.58101 -340.74904 -112.64001 -340.89146 -112.64001 -341.04 curveto
-112.64001 -341.18852 -112.58101 -341.33095 -112.47598 -341.43597 curveto
-112.37096 -341.541 -112.22853 -341.6 -112.08 -341.6 curveto
-111.93147 -341.6 -111.78905 -341.541 -111.68402 -341.43597 curveto
-111.579 -341.33095 -111.51999 -341.18852 -111.51999 -341.04 curveto closepath
 fill
 0 0 0 setrgbcolor 0 0.35 dtransform truncate idtransform setlinewidth pop
newpath -112.08 -341.04 moveto 0 0 rlineto stroke
 0 0.24501 dtransform truncate idtransform setlinewidth pop
newpath -121.35999 -325.9 moveto
-118.56003 -325.9 lineto stroke
 0.24501 0 dtransform exch truncate exch idtransform pop setlinewidth
newpath -119.96 -327.29997 moveto
-119.96 -324.50002 lineto stroke
 0.00002 0.00018 0.00063 setrgbcolor
newpath -119.4 -325.9 moveto
-119.4 -325.75146 -119.459 -325.60904 -119.56403 -325.50401 curveto
-119.66905 -325.39899 -119.81148 -325.33998 -119.96 -325.33998 curveto
-120.10854 -325.33998 -120.25096 -325.39899 -120.35599 -325.50401 curveto
-120.46101 -325.60904 -120.52002 -325.75146 -120.52002 -325.9 curveto
-120.52002 -326.04852 -120.46101 -326.19095 -120.35599 -326.29597 curveto
-120.25096 -326.401 -120.10854 -326.46 -119.96 -326.46 curveto
-119.81148 -326.46 -119.66905 -326.401 -119.56403 -326.29597 curveto
-119.459 -326.19095 -119.4 -326.04852 -119.4 -325.9 curveto closepath fill
 0 0 0 setrgbcolor 0 0.35 dtransform truncate idtransform setlinewidth pop
newpath -119.96 -325.9 moveto 0 0 rlineto stroke
 0 0.24501 dtransform truncate idtransform setlinewidth pop
newpath -124.77998 -285.43 moveto
-121.98003 -285.43 lineto stroke
 0.24501 0 dtransform exch truncate exch idtransform pop setlinewidth
newpath -123.38 -286.82997 moveto
-123.38 -284.03001 lineto stroke
 0.00002 0.00018 0.00063 setrgbcolor
newpath -122.81999 -285.43 moveto
-122.81999 -285.28146 -122.879 -285.13904 -122.98402 -285.03401 curveto
-123.08905 -284.92899 -123.23148 -284.86998 -123.38 -284.86998 curveto
-123.52853 -284.86998 -123.67096 -284.92899 -123.77599 -285.03401 curveto
-123.88101 -285.13904 -123.94002 -285.28146 -123.94002 -285.43 curveto
-123.94002 -285.57852 -123.88101 -285.72095 -123.77599 -285.82597 curveto
-123.67096 -285.931 -123.52853 -285.99 -123.38 -285.99 curveto
-123.23148 -285.99 -123.08905 -285.931 -122.98402 -285.82597 curveto
-122.879 -285.72095 -122.81999 -285.57852 -122.81999 -285.43 curveto closepath
 fill
 0 0 0 setrgbcolor 0 0.35 dtransform truncate idtransform setlinewidth pop
newpath -123.38 -285.43 moveto 0 0 rlineto stroke
 0 0.24501 dtransform truncate idtransform setlinewidth pop
newpath -118.03998 -270.52 moveto
-115.24002 -270.52 lineto stroke
 0.24501 0 dtransform exch truncate exch idtransform pop setlinewidth
newpath -116.64 -271.91998 moveto
-116.64 -269.12003 lineto stroke
 0.00002 0.00018 0.00063 setrgbcolor
newpath -116.07999 -270.52 moveto
-116.07999 -270.37148 -116.13899 -270.22905 -116.24402 -270.12402 curveto
-116.34904 -270.019 -116.49147 -269.95999 -116.64 -269.95999 curveto
-116.78853 -269.95999 -116.93095 -270.019 -117.03598 -270.12402 curveto
-117.141 -270.22905 -117.20001 -270.37148 -117.20001 -270.52 curveto
-117.20001 -270.66853 -117.141 -270.81096 -117.03598 -270.91599 curveto
-116.93095 -271.02101 -116.78853 -271.08002 -116.64 -271.08002 curveto
-116.49147 -271.08002 -116.34904 -271.02101 -116.24402 -270.91599 curveto
-116.13899 -270.81096 -116.07999 -270.66853 -116.07999 -270.52 curveto
 closepath fill
 0 0 0 setrgbcolor 0 0.35 dtransform truncate idtransform setlinewidth pop
newpath -116.64 -270.52 moveto 0 0 rlineto stroke
 0 0.24501 dtransform truncate idtransform setlinewidth pop
newpath -133.19998 -250.9 moveto
-130.40002 -250.9 lineto stroke
 0.24501 0 dtransform exch truncate exch idtransform pop setlinewidth
newpath -131.8 -252.29997 moveto
-131.8 -249.50002 lineto stroke
 0.00002 0.00018 0.00063 setrgbcolor
newpath -131.23999 -250.9 moveto
-131.23999 -250.75146 -131.299 -250.60904 -131.40402 -250.50401 curveto
-131.50905 -250.39899 -131.65147 -250.33998 -131.8 -250.33998 curveto
-131.94853 -250.33998 -132.09096 -250.39899 -132.19598 -250.50401 curveto
-132.30101 -250.60904 -132.36002 -250.75146 -132.36002 -250.9 curveto
-132.36002 -251.04852 -132.30101 -251.19095 -132.19598 -251.29597 curveto
-132.09096 -251.401 -131.94853 -251.46 -131.8 -251.46 curveto
-131.65147 -251.46 -131.50905 -251.401 -131.40402 -251.29597 curveto
-131.299 -251.19095 -131.23999 -251.04852 -131.23999 -250.9 curveto closepath
 fill
 0 0 0 setrgbcolor 0 0.35 dtransform truncate idtransform setlinewidth pop
newpath -131.8 -250.9 moveto 0 0 rlineto stroke
 0 0.24501 dtransform truncate idtransform setlinewidth pop
newpath -141.51997 -240.21 moveto
-138.72002 -240.21 lineto stroke
 0.24501 0 dtransform exch truncate exch idtransform pop setlinewidth
newpath -140.12 -241.60999 moveto
-140.12 -238.81003 lineto stroke
 0.00002 0.00018 0.00063 setrgbcolor
newpath -139.55998 -240.21 moveto
-139.55998 -240.06148 -139.61899 -239.91905 -139.72401 -239.81403 curveto
-139.82904 -239.709 -139.97147 -239.65 -140.12 -239.65 curveto
-140.26852 -239.65 -140.41095 -239.709 -140.51598 -239.81403 curveto
-140.621 -239.91905 -140.68001 -240.06148 -140.68001 -240.21 curveto
-140.68001 -240.35854 -140.621 -240.50096 -140.51598 -240.60599 curveto
-140.41095 -240.71101 -140.26852 -240.77002 -140.12 -240.77002 curveto
-139.97147 -240.77002 -139.82904 -240.71101 -139.72401 -240.60599 curveto
-139.61899 -240.50096 -139.55998 -240.35854 -139.55998 -240.21 curveto
 closepath fill
 0 0 0 setrgbcolor 0 0.35 dtransform truncate idtransform setlinewidth pop
newpath -140.12 -240.21 moveto 0 0 rlineto stroke
 0 0.24501 dtransform truncate idtransform setlinewidth pop
newpath -146.43997 -224.37 moveto
-143.64001 -224.37 lineto stroke
 0.24501 0 dtransform exch truncate exch idtransform pop setlinewidth
newpath -145.04 -225.76997 moveto
-145.04 -222.97002 lineto stroke
 0.00002 0.00018 0.00063 setrgbcolor
newpath -144.47998 -224.37 moveto
-144.47998 -224.22147 -144.53899 -224.07904 -144.64401 -223.97401 curveto
-144.74904 -223.86899 -144.89146 -223.80998 -145.04 -223.80998 curveto
-145.18852 -223.80998 -145.33095 -223.86899 -145.43597 -223.97401 curveto
-145.541 -224.07904 -145.6 -224.22147 -145.6 -224.37 curveto
-145.6 -224.51852 -145.541 -224.66095 -145.43597 -224.76598 curveto
-145.33095 -224.871 -145.18852 -224.93001 -145.04 -224.93001 curveto
-144.89146 -224.93001 -144.74904 -224.871 -144.64401 -224.76598 curveto
-144.53899 -224.66095 -144.47998 -224.51852 -144.47998 -224.37 curveto
 closepath fill
 0 0 0 setrgbcolor 0 0.35 dtransform truncate idtransform setlinewidth pop
newpath -145.04 -224.37 moveto 0 0 rlineto stroke
 0 0.24501 dtransform truncate idtransform setlinewidth pop
newpath -154.49998 -205.75 moveto
-151.70003 -205.75 lineto stroke
 0.24501 0 dtransform exch truncate exch idtransform pop setlinewidth
newpath -153.1 -207.14998 moveto
-153.1 -204.35002 lineto stroke
 0.00002 0.00018 0.00063 setrgbcolor
newpath -152.54 -205.75 moveto
-152.54 -205.60147 -152.599 -205.45905 -152.70403 -205.35402 curveto
-152.80905 -205.249 -152.95148 -205.18999 -153.1 -205.18999 curveto
-153.24854 -205.18999 -153.39096 -205.249 -153.49599 -205.35402 curveto
-153.60101 -205.45905 -153.66002 -205.60147 -153.66002 -205.75 curveto
-153.66002 -205.89853 -153.60101 -206.04095 -153.49599 -206.14598 curveto
-153.39096 -206.251 -153.24854 -206.31001 -153.1 -206.31001 curveto
-152.95148 -206.31001 -152.80905 -206.251 -152.70403 -206.14598 curveto
-152.599 -206.04095 -152.54 -205.89853 -152.54 -205.75 curveto closepath fill
 0 0 0 setrgbcolor 0 0.35 dtransform truncate idtransform setlinewidth pop
newpath -153.1 -205.75 moveto 0 0 rlineto stroke
 0 0.24501 dtransform truncate idtransform setlinewidth pop
newpath -161.95998 -195.92 moveto
-159.16002 -195.92 lineto stroke
 0.24501 0 dtransform exch truncate exch idtransform pop setlinewidth
newpath -160.56 -197.31998 moveto
-160.56 -194.52002 lineto stroke
 0.00002 0.00018 0.00063 setrgbcolor
newpath -159.99998 -195.92 moveto
-159.99998 -195.77147 -160.05899 -195.62904 -160.16402 -195.52402 curveto
-160.26904 -195.41899 -160.41147 -195.35999 -160.56 -195.35999 curveto
-160.70853 -195.35999 -160.85095 -195.41899 -160.95598 -195.52402 curveto
-161.061 -195.62904 -161.12001 -195.77147 -161.12001 -195.92 curveto
-161.12001 -196.06853 -161.061 -196.21095 -160.95598 -196.31598 curveto
-160.85095 -196.421 -160.70853 -196.48001 -160.56 -196.48001 curveto
-160.41147 -196.48001 -160.26904 -196.421 -160.16402 -196.31598 curveto
-160.05899 -196.21095 -159.99998 -196.06853 -159.99998 -195.92 curveto
 closepath fill
 0 0 0 setrgbcolor 0 0.35 dtransform truncate idtransform setlinewidth pop
newpath -160.56 -195.92 moveto 0 0 rlineto stroke
 0 0.24501 dtransform truncate idtransform setlinewidth pop
newpath -171.51997 -190.82 moveto
-168.72002 -190.82 lineto stroke
 0.24501 0 dtransform exch truncate exch idtransform pop setlinewidth
newpath -170.12 -192.21999 moveto
-170.12 -189.42003 lineto stroke
 0.00002 0.00018 0.00063 setrgbcolor
newpath -169.55998 -190.82 moveto
-169.55998 -190.67148 -169.61899 -190.52905 -169.72401 -190.42403 curveto
-169.82904 -190.319 -169.97147 -190.26 -170.12 -190.26 curveto
-170.26852 -190.26 -170.41095 -190.319 -170.51598 -190.42403 curveto
-170.621 -190.52905 -170.68001 -190.67148 -170.68001 -190.82 curveto
-170.68001 -190.96854 -170.621 -191.11096 -170.51598 -191.21599 curveto
-170.41095 -191.32101 -170.26852 -191.38002 -170.12 -191.38002 curveto
-169.97147 -191.38002 -169.82904 -191.32101 -169.72401 -191.21599 curveto
-169.61899 -191.11096 -169.55998 -190.96854 -169.55998 -190.82 curveto
 closepath fill
 0 0 0 setrgbcolor 0 0.35 dtransform truncate idtransform setlinewidth pop
newpath -170.12 -190.82 moveto 0 0 rlineto stroke
 0 0.24501 dtransform truncate idtransform setlinewidth pop
newpath -170.28998 -187.5 moveto
-167.49002 -187.5 lineto stroke
 0.24501 0 dtransform exch truncate exch idtransform pop setlinewidth
newpath -168.89 -188.89998 moveto
-168.89 -186.10002 lineto stroke
 0.00002 0.00018 0.00063 setrgbcolor
newpath -168.32999 -187.5 moveto
-168.32999 -187.35147 -168.38899 -187.20905 -168.49402 -187.10402 curveto
-168.59904 -186.999 -168.74147 -186.93999 -168.89 -186.93999 curveto
-169.03853 -186.93999 -169.18095 -186.999 -169.28598 -187.10402 curveto
-169.391 -187.20905 -169.45001 -187.35147 -169.45001 -187.5 curveto
-169.45001 -187.64853 -169.391 -187.79095 -169.28598 -187.89598 curveto
-169.18095 -188.001 -169.03853 -188.06001 -168.89 -188.06001 curveto
-168.74147 -188.06001 -168.59904 -188.001 -168.49402 -187.89598 curveto
-168.38899 -187.79095 -168.32999 -187.64853 -168.32999 -187.5 curveto closepath
 fill
 0 0 0 setrgbcolor 0 0.35 dtransform truncate idtransform setlinewidth pop
newpath -168.89 -187.5 moveto 0 0 rlineto stroke
 0 0.24501 dtransform truncate idtransform setlinewidth pop
newpath -180.02998 -183.99 moveto
-177.23003 -183.99 lineto stroke
 0.24501 0 dtransform exch truncate exch idtransform pop setlinewidth
newpath -178.63 -185.38998 moveto
-178.63 -182.59003 lineto stroke
 0.00002 0.00018 0.00063 setrgbcolor
newpath -178.06999 -183.99 moveto
-178.06999 -183.84148 -178.129 -183.69905 -178.23402 -183.59402 curveto
-178.33905 -183.489 -178.48148 -183.43 -178.63 -183.43 curveto
-178.77853 -183.43 -178.92096 -183.489 -179.02599 -183.59402 curveto
-179.13101 -183.69905 -179.19002 -183.84148 -179.19002 -183.99 curveto
-179.19002 -184.13853 -179.13101 -184.28096 -179.02599 -184.38599 curveto
-178.92096 -184.49101 -178.77853 -184.55002 -178.63 -184.55002 curveto
-178.48148 -184.55002 -178.33905 -184.49101 -178.23402 -184.38599 curveto
-178.129 -184.28096 -178.06999 -184.13853 -178.06999 -183.99 curveto closepath
 fill
 0 0 0 setrgbcolor 0 0.35 dtransform truncate idtransform setlinewidth pop
newpath -178.63 -183.99 moveto 0 0 rlineto stroke
 0 0.24501 dtransform truncate idtransform setlinewidth pop
newpath -185.53998 -180.36 moveto
-182.74002 -180.36 lineto stroke
 0.24501 0 dtransform exch truncate exch idtransform pop setlinewidth
newpath -184.14 -181.75998 moveto
-184.14 -178.96002 lineto stroke
 0.00002 0.00018 0.00063 setrgbcolor
newpath -183.57999 -180.36 moveto
-183.57999 -180.21147 -183.63899 -180.06905 -183.74402 -179.96402 curveto
-183.84904 -179.859 -183.99147 -179.79999 -184.14 -179.79999 curveto
-184.28853 -179.79999 -184.43095 -179.859 -184.53598 -179.96402 curveto
-184.641 -180.06905 -184.70001 -180.21147 -184.70001 -180.36 curveto
-184.70001 -180.50853 -184.641 -180.65096 -184.53598 -180.75598 curveto
-184.43095 -180.86101 -184.28853 -180.92001 -184.14 -180.92001 curveto
-183.99147 -180.92001 -183.84904 -180.86101 -183.74402 -180.75598 curveto
-183.63899 -180.65096 -183.57999 -180.50853 -183.57999 -180.36 curveto
 closepath fill
 0 0 0 setrgbcolor 0 0.35 dtransform truncate idtransform setlinewidth pop
newpath -184.14 -180.36 moveto 0 0 rlineto stroke
 0 0.24501 dtransform truncate idtransform setlinewidth pop
newpath -194.08998 -185.2 moveto
-191.29002 -185.2 lineto stroke
 0.24501 0 dtransform exch truncate exch idtransform pop setlinewidth
newpath -192.69 -186.59998 moveto
-192.69 -183.80002 lineto stroke
 0.00002 0.00018 0.00063 setrgbcolor
newpath -192.12999 -185.2 moveto
-192.12999 -185.05147 -192.189 -184.90904 -192.29402 -184.80402 curveto
-192.39905 -184.69899 -192.54147 -184.63998 -192.69 -184.63998 curveto
-192.83853 -184.63998 -192.98096 -184.69899 -193.08598 -184.80402 curveto
-193.19101 -184.90904 -193.25002 -185.05147 -193.25002 -185.2 curveto
-193.25002 -185.34853 -193.19101 -185.49095 -193.08598 -185.59598 curveto
-192.98096 -185.701 -192.83853 -185.76001 -192.69 -185.76001 curveto
-192.54147 -185.76001 -192.39905 -185.701 -192.29402 -185.59598 curveto
-192.189 -185.49095 -192.12999 -185.34853 -192.12999 -185.2 curveto closepath
 fill
 0 0 0 setrgbcolor 0 0.35 dtransform truncate idtransform setlinewidth pop
newpath -192.69 -185.2 moveto 0 0 rlineto stroke
 0 0.24501 dtransform truncate idtransform setlinewidth pop
newpath -206.97998 -180.99 moveto
-204.18002 -180.99 lineto stroke
 0.24501 0 dtransform exch truncate exch idtransform pop setlinewidth
newpath -205.58 -182.38998 moveto
-205.58 -179.59003 lineto stroke
 0.00002 0.00018 0.00063 setrgbcolor
newpath -205.01999 -180.99 moveto
-205.01999 -180.84148 -205.079 -180.69905 -205.18402 -180.59402 curveto
-205.28905 -180.489 -205.43147 -180.43 -205.58 -180.43 curveto
-205.72853 -180.43 -205.87096 -180.489 -205.97598 -180.59402 curveto
-206.08101 -180.69905 -206.14001 -180.84148 -206.14001 -180.99 curveto
-206.14001 -181.13853 -206.08101 -181.28096 -205.97598 -181.38599 curveto
-205.87096 -181.49101 -205.72853 -181.55002 -205.58 -181.55002 curveto
-205.43147 -181.55002 -205.28905 -181.49101 -205.18402 -181.38599 curveto
-205.079 -181.28096 -205.01999 -181.13853 -205.01999 -180.99 curveto closepath
 fill
 0 0 0 setrgbcolor 0 0.35 dtransform truncate idtransform setlinewidth pop
newpath -205.58 -180.99 moveto 0 0 rlineto stroke
 0 0.24501 dtransform truncate idtransform setlinewidth pop
newpath -211.95998 -183.05 moveto
-209.16002 -183.05 lineto stroke
 0.24501 0 dtransform exch truncate exch idtransform pop setlinewidth
newpath -210.56 -184.44998 moveto
-210.56 -181.65002 lineto stroke
 0.00002 0.00018 0.00063 setrgbcolor
newpath -209.99998 -183.05 moveto
-209.99998 -182.90147 -210.05899 -182.75905 -210.16402 -182.65402 curveto
-210.26904 -182.549 -210.41147 -182.48999 -210.56 -182.48999 curveto
-210.70853 -182.48999 -210.85095 -182.549 -210.95598 -182.65402 curveto
-211.061 -182.75905 -211.12001 -182.90147 -211.12001 -183.05 curveto
-211.12001 -183.19853 -211.061 -183.34096 -210.95598 -183.44598 curveto
-210.85095 -183.55101 -210.70853 -183.61002 -210.56 -183.61002 curveto
-210.41147 -183.61002 -210.26904 -183.55101 -210.16402 -183.44598 curveto
-210.05899 -183.34096 -209.99998 -183.19853 -209.99998 -183.05 curveto
 closepath fill
 0 0 0 setrgbcolor 0 0.35 dtransform truncate idtransform setlinewidth pop
newpath -210.56 -183.05 moveto 0 0 rlineto stroke
 0 0.24501 dtransform truncate idtransform setlinewidth pop
newpath -214.96999 -178.93 moveto
-212.17003 -178.93 lineto stroke
 0.24501 0 dtransform exch truncate exch idtransform pop setlinewidth
newpath -213.57 -180.32997 moveto
-213.57 -177.53001 lineto stroke
 0.00002 0.00018 0.00063 setrgbcolor
newpath -213.01 -178.93 moveto
-213.01 -178.78146 -213.069 -178.63904 -213.17403 -178.53401 curveto
-213.27905 -178.42899 -213.42148 -178.36998 -213.57 -178.36998 curveto
-213.71854 -178.36998 -213.86096 -178.42899 -213.96599 -178.53401 curveto
-214.07101 -178.63904 -214.13002 -178.78146 -214.13002 -178.93 curveto
-214.13002 -179.07852 -214.07101 -179.22095 -213.96599 -179.32597 curveto
-213.86096 -179.431 -213.71854 -179.49 -213.57 -179.49 curveto
-213.42148 -179.49 -213.27905 -179.431 -213.17403 -179.32597 curveto
-213.069 -179.22095 -213.01 -179.07852 -213.01 -178.93 curveto closepath fill
 0 0 0 setrgbcolor 0 0.35 dtransform truncate idtransform setlinewidth pop
newpath -213.57 -178.93 moveto 0 0 rlineto stroke
 0 0.24501 dtransform truncate idtransform setlinewidth pop
newpath -225.44998 -177.07 moveto
-222.65002 -177.07 lineto stroke
 0.24501 0 dtransform exch truncate exch idtransform pop setlinewidth
newpath -224.05 -178.46999 moveto
-224.05 -175.67003 lineto stroke
 0.00002 0.00018 0.00063 setrgbcolor
newpath -223.48999 -177.07 moveto
-223.48999 -176.92148 -223.549 -176.77905 -223.65402 -176.67403 curveto
-223.75905 -176.569 -223.90147 -176.51 -224.05 -176.51 curveto
-224.19853 -176.51 -224.34096 -176.569 -224.44598 -176.67403 curveto
-224.55101 -176.77905 -224.61002 -176.92148 -224.61002 -177.07 curveto
-224.61002 -177.21854 -224.55101 -177.36096 -224.44598 -177.46599 curveto
-224.34096 -177.57101 -224.19853 -177.63002 -224.05 -177.63002 curveto
-223.90147 -177.63002 -223.75905 -177.57101 -223.65402 -177.46599 curveto
-223.549 -177.36096 -223.48999 -177.21854 -223.48999 -177.07 curveto closepath
 fill
 0 0 0 setrgbcolor 0 0.35 dtransform truncate idtransform setlinewidth pop
newpath -224.05 -177.07 moveto 0 0 rlineto stroke
 0 0.24501 dtransform truncate idtransform setlinewidth pop
newpath -225.95998 -177.09 moveto
-223.16002 -177.09 lineto stroke
 0.24501 0 dtransform exch truncate exch idtransform pop setlinewidth
newpath -224.56 -178.48997 moveto
-224.56 -175.69002 lineto stroke
 0.00002 0.00018 0.00063 setrgbcolor
newpath -223.99998 -177.09 moveto
-223.99998 -176.94147 -224.05899 -176.79904 -224.16402 -176.69402 curveto
-224.26904 -176.58899 -224.41147 -176.52998 -224.56 -176.52998 curveto
-224.70853 -176.52998 -224.85095 -176.58899 -224.95598 -176.69402 curveto
-225.061 -176.79904 -225.12001 -176.94147 -225.12001 -177.09 curveto
-225.12001 -177.23853 -225.061 -177.38095 -224.95598 -177.48598 curveto
-224.85095 -177.591 -224.70853 -177.65001 -224.56 -177.65001 curveto
-224.41147 -177.65001 -224.26904 -177.591 -224.16402 -177.48598 curveto
-224.05899 -177.38095 -223.99998 -177.23853 -223.99998 -177.09 curveto
 closepath fill
 0 0 0 setrgbcolor 0 0.35 dtransform truncate idtransform setlinewidth pop
newpath -224.56 -177.09 moveto 0 0 rlineto stroke
 0 0.24501 dtransform truncate idtransform setlinewidth pop
newpath -232.30998 -174.26 moveto
-229.51003 -174.26 lineto stroke
 0.24501 0 dtransform exch truncate exch idtransform pop setlinewidth
newpath -230.91 -175.65997 moveto
-230.91 -172.86002 lineto stroke
 0.00002 0.00018 0.00063 setrgbcolor
newpath -230.34999 -174.26 moveto
-230.34999 -174.11147 -230.409 -173.96904 -230.51402 -173.86401 curveto
-230.61905 -173.75899 -230.76147 -173.69998 -230.91 -173.69998 curveto
-231.05853 -173.69998 -231.20096 -173.75899 -231.30598 -173.86401 curveto
-231.41101 -173.96904 -231.47002 -174.11147 -231.47002 -174.26 curveto
-231.47002 -174.40852 -231.41101 -174.55095 -231.30598 -174.65598 curveto
-231.20096 -174.761 -231.05853 -174.82 -230.91 -174.82 curveto
-230.76147 -174.82 -230.61905 -174.761 -230.51402 -174.65598 curveto
-230.409 -174.55095 -230.34999 -174.40852 -230.34999 -174.26 curveto closepath
 fill
 0 0 0 setrgbcolor 0 0.35 dtransform truncate idtransform setlinewidth pop
newpath -230.91 -174.26 moveto 0 0 rlineto stroke
 0 0.24501 dtransform truncate idtransform setlinewidth pop
newpath -235.47998 -175.39 moveto
-232.68002 -175.39 lineto stroke
 0.24501 0 dtransform exch truncate exch idtransform pop setlinewidth
newpath -234.08 -176.78998 moveto
-234.08 -173.99002 lineto stroke
 0.00002 0.00018 0.00063 setrgbcolor
newpath -233.51999 -175.39 moveto
-233.51999 -175.24147 -233.579 -175.09904 -233.68402 -174.99402 curveto
-233.78905 -174.88899 -233.93147 -174.82999 -234.08 -174.82999 curveto
-234.22853 -174.82999 -234.37096 -174.88899 -234.47598 -174.99402 curveto
-234.58101 -175.09904 -234.64001 -175.24147 -234.64001 -175.39 curveto
-234.64001 -175.53853 -234.58101 -175.68095 -234.47598 -175.78598 curveto
-234.37096 -175.891 -234.22853 -175.95001 -234.08 -175.95001 curveto
-233.93147 -175.95001 -233.78905 -175.891 -233.68402 -175.78598 curveto
-233.579 -175.68095 -233.51999 -175.53853 -233.51999 -175.39 curveto closepath
 fill
 0 0 0 setrgbcolor 0 0.35 dtransform truncate idtransform setlinewidth pop
newpath -234.08 -175.39 moveto 0 0 rlineto stroke
 0 0.24501 dtransform truncate idtransform setlinewidth pop
newpath -242.76997 -170.08 moveto
-239.97002 -170.08 lineto stroke
 0.24501 0 dtransform exch truncate exch idtransform pop setlinewidth
newpath -241.37 -171.47998 moveto
-241.37 -168.68002 lineto stroke
 0.00002 0.00018 0.00063 setrgbcolor
newpath -240.80998 -170.08 moveto
-240.80998 -169.93147 -240.86899 -169.78905 -240.97401 -169.68402 curveto
-241.07904 -169.579 -241.22147 -169.51999 -241.37 -169.51999 curveto
-241.51852 -169.51999 -241.66095 -169.579 -241.76598 -169.68402 curveto
-241.871 -169.78905 -241.93001 -169.93147 -241.93001 -170.08 curveto
-241.93001 -170.22853 -241.871 -170.37096 -241.76598 -170.47598 curveto
-241.66095 -170.58101 -241.51852 -170.64001 -241.37 -170.64001 curveto
-241.22147 -170.64001 -241.07904 -170.58101 -240.97401 -170.47598 curveto
-240.86899 -170.37096 -240.80998 -170.22853 -240.80998 -170.08 curveto
 closepath fill
 0 0 0 setrgbcolor 0 0.35 dtransform truncate idtransform setlinewidth pop
newpath -241.37 -170.08 moveto 0 0 rlineto stroke
 0 0.24501 dtransform truncate idtransform setlinewidth pop
newpath -241.77998 -170.38 moveto
-238.98003 -170.38 lineto stroke
 0.24501 0 dtransform exch truncate exch idtransform pop setlinewidth
newpath -240.38 -171.77998 moveto
-240.38 -168.98003 lineto stroke
 0.00002 0.00018 0.00063 setrgbcolor
newpath -239.81999 -170.38 moveto
-239.81999 -170.23148 -239.879 -170.08905 -239.98402 -169.98402 curveto
-240.08905 -169.879 -240.23148 -169.81999 -240.38 -169.81999 curveto
-240.52853 -169.81999 -240.67096 -169.879 -240.77599 -169.98402 curveto
-240.88101 -170.08905 -240.94002 -170.23148 -240.94002 -170.38 curveto
-240.94002 -170.52853 -240.88101 -170.67096 -240.77599 -170.77599 curveto
-240.67096 -170.88101 -240.52853 -170.94002 -240.38 -170.94002 curveto
-240.23148 -170.94002 -240.08905 -170.88101 -239.98402 -170.77599 curveto
-239.879 -170.67096 -239.81999 -170.52853 -239.81999 -170.38 curveto closepath
 fill
 0 0 0 setrgbcolor 0 0.35 dtransform truncate idtransform setlinewidth pop
newpath -240.38 -170.38 moveto 0 0 rlineto stroke
 0 0.24501 dtransform truncate idtransform setlinewidth pop
newpath -277.74998 -179.6 moveto
-274.95003 -179.6 lineto stroke
 0.24501 0 dtransform exch truncate exch idtransform pop setlinewidth
newpath -276.35 -180.99998 moveto
-276.35 -178.20003 lineto stroke
 0.00002 0.00018 0.00063 setrgbcolor
newpath -275.79 -179.6 moveto
-275.79 -179.45148 -275.849 -179.30905 -275.95403 -179.20403 curveto
-276.05905 -179.099 -276.20148 -179.04 -276.35 -179.04 curveto
-276.49854 -179.04 -276.64096 -179.099 -276.74599 -179.20403 curveto
-276.85101 -179.30905 -276.91002 -179.45148 -276.91002 -179.6 curveto
-276.91002 -179.74854 -276.85101 -179.89096 -276.74599 -179.99599 curveto
-276.64096 -180.10101 -276.49854 -180.16002 -276.35 -180.16002 curveto
-276.20148 -180.16002 -276.05905 -180.10101 -275.95403 -179.99599 curveto
-275.849 -179.89096 -275.79 -179.74854 -275.79 -179.6 curveto closepath fill
 0 0 0 setrgbcolor 0 0.35 dtransform truncate idtransform setlinewidth pop
newpath -276.35 -179.6 moveto 0 0 rlineto stroke
 0 0.24501 dtransform truncate idtransform setlinewidth pop
newpath 238.07002 372.29 moveto
240.86998 372.29 lineto stroke
 0.24501 0 dtransform exch truncate exch idtransform pop setlinewidth
newpath 239.47 370.89001 moveto
239.47 373.68997 lineto stroke
 0.00002 0.00018 0.00063 setrgbcolor
newpath 240.03001 372.29 moveto
240.03001 372.43852 239.97101 372.58095 239.86598 372.68597 curveto
239.76096 372.791 239.61853 372.85 239.47 372.85 curveto
239.32147 372.85 239.17905 372.791 239.07402 372.68597 curveto
238.969 372.58095 238.90999 372.43852 238.90999 372.29 curveto
238.90999 372.14146 238.969 371.99904 239.07402 371.89401 curveto
239.17905 371.78899 239.32147 371.72998 239.47 371.72998 curveto
239.61853 371.72998 239.76096 371.78899 239.86598 371.89401 curveto
239.97101 371.99904 240.03001 372.14146 240.03001 372.29 curveto closepath fill
 0 0 0 setrgbcolor 0 0.35 dtransform truncate idtransform setlinewidth pop
newpath 239.47 372.29 moveto 0 0 rlineto stroke
showpage
%%EOF
