%!PS
%%BoundingBox: -244 -190 245 175 
%%HiResBoundingBox: -243.90584 -189.54765 244.37251 174.95251 
%%Creator: MetaPost 1.209
%%CreationDate: 2019.09.26:1811
%%Pages: 1
%%BeginProlog
%%EndProlog
%%Page: 1 1
 0 0 0 setrgbcolor 0 0.24501 dtransform truncate idtransform setlinewidth pop
 [] 0 setdash 1 setlinecap 1 setlinejoin 10 setmiterlimit
newpath -39.71 -78.35 moveto
-39.98 -79.39 -41.83 -85.33 -41.83 -87.79 curveto
-41.83 -90.25 -42.36 -94.78 -38.58 -95.09 curveto
-34.79 -95.4 -27.32 -96.54 -25.2 -96.71 curveto
-23.09 -96.88 -18.13 -97.37 -16.76 -98.99 curveto
-15.39 -100.6 -13.28 -104.03 -12.89 -105.15 curveto
-12.5 -106.27 -11.38 -107.4 -9.15 -106.48 curveto
-6.92 -105.56 6.21 -96.22 7.33 -95.83 curveto
8.45 -95.44 17.1 -90.25 18.88 -88.28 curveto
20.66 -86.31 27.7 -79.39 28.18 -78.26 curveto
28.66 -77.13 28.9 -76.6 29.74 -76.31 curveto
30.58 -76.02 34.75 -74.05 35.63 -72.67 curveto
36.52 -71.28 39.26 -70.38 40.53 -69.98 curveto
41.79 -69.58 51.72 -67.3 53.08 -66.38 curveto
54.45 -65.46 60.49 -62.02 61.52 -61.36 curveto
62.54 -60.69 75.02 -55.89 76.83 -54.37 curveto
78.64 -52.85 88.81 -47.82 90.28 -43.16 curveto
91.76 -38.48 100.51 -32.57 101.4 -31.98 curveto
102.29 -31.39 115.84 -28.09 118.92 -23.73 curveto
122 -19.38 125.56 -15.49 126.18 -14.41 curveto
126.81 -13.34 129.38 -9.76 129.38 -9.76 curveto
129.38 -9.76 130.25 -10.61 132.08 -10.01 curveto
133.9 -9.41 135.88 -7.27 136.05 -5.96 curveto
136.21 -4.64 136.66 -3.23 136.75 -2.57 curveto
136.83 -1.92 137.06 -2.04 137.81 -1.47 curveto
138.55 -0.9 144.91 3.21 146.53 4.51 curveto
148.15 5.81 154 9.88 154.95 10.62 curveto
155.9 11.35 161.36 15.75 160.38 11.39 curveto
159.39 7.04 157.29 0.7 156.19 -1.56 curveto
155.09 -3.83 151.64 -10.5 150.65 -12.4 curveto
149.66 -14.29 146.27 -21.61 147.3 -25.06 curveto
148.33 -28.51 148.28 -34.37 148.04 -35.77 curveto
147.8 -37.16 148.07 -41.83 149.78 -43.13 curveto
151.48 -44.42 156.21 -48.12 159.77 -48.31 curveto
163.32 -48.5 169.51 -49.84 169.83 -51.83 curveto
170.15 -53.83 172.54 -62.88 172.52 -64.18 curveto
172.49 -65.49 173.75 -75.65 172.99 -79.26 curveto
172.23 -82.87 170.34 -88.39 172.35 -91.54 curveto
174.37 -94.68 177.84 -98.63 178.99 -99.4 curveto
180.14 -100.16 182.73 -102.39 183.4 -105.15 curveto
184.08 -107.9 186.85 -113.08 187.43 -113.97 curveto
188.02 -114.85 190.36 -120.93 193.01 -122.29 curveto
195.66 -123.65 204.01 -127.25 204.69 -129.14 curveto
205.36 -131.03 204.71 -138.53 204.24 -140.52 curveto
203.76 -142.52 201.21 -150.56 200.88 -151.74 curveto
200.55 -152.93 199.84 -154.8 200.9 -155.28 curveto
201.95 -155.77 205.38 -156.12 205.99 -156.43 curveto
206.59 -156.74 207.16 -156.61 206.05 -158.81 curveto
204.95 -161 200.27 -168.57 199.6 -170 curveto
198.93 -171.43 195.41 -183.16 199.67 -185.53 curveto
203.93 -187.9 207.33 -188.83 209.98 -189.32 curveto
212.63 -189.81 219.09 -188.51 220.48 -187.02 curveto
221.87 -185.52 229.66 -178.73 231.32 -177.82 curveto
235.11 -175.71 242.86 -175.4 244.25 -174.27 curveto stroke
newpath 240.61 -168.84 moveto
239.33 -168.9 238.53 -168.71 237.11 -168.91 curveto
235.52 -169.13 229.07 -170.42 227.04 -172.04 curveto
225.02 -173.67 215.97 -179.32 215.09 -180.05 curveto
214.22 -180.77 208.53 -183.52 206.58 -180.22 curveto
204.62 -176.93 203.67 -175.13 205.41 -172.81 curveto
207.16 -170.49 211.67 -160.19 212.02 -159.29 curveto
212.38 -158.4 212.59 -154.26 211.99 -151.42 curveto
211.38 -148.58 210.32 -139.85 211.22 -136.8 curveto
212.11 -133.76 214.54 -126.89 211.74 -124.68 curveto
208.94 -122.47 201.87 -118.61 201.04 -118.25 curveto
200.21 -117.89 196.5 -116.85 195.02 -113.15 curveto
193.54 -109.45 189.75 -98.51 187.31 -96.99 curveto
184.86 -95.48 182.01 -91.18 181.39 -89.86 curveto
180.76 -88.54 178.9 -83.87 179.95 -81.02 curveto
181 -78.18 179.55 -66.02 178.63 -62.19 curveto
177.71 -58.37 176.29 -48.15 174.52 -47.73 curveto
172.75 -47.31 169.51 -44.13 164.55 -42.76 curveto
159.59 -41.39 156.14 -39.89 156.1 -37.87 curveto
156.07 -35.85 155.81 -26.47 156.58 -23.73 curveto
157.35 -20.98 158.86 -12.03 159.54 -10.74 curveto
160.22 -9.45 164.43 1.71 165.47 7.87 curveto
166.5 14.04 166.46 17 166.1 18.56 curveto
165.74 20.12 165.68 23.22 160.4 20.87 curveto
158.14 19.86 153.86 20.35 150.25 17.86 curveto
148.11 16.37 143.58 14.08 142.51 13.05 curveto
141.45 12.01 137.87 9.16 137.19 8.74 curveto
136.5 8.32 134.97 7.68 133.8 7.79 curveto
132.63 7.91 131.5 8.39 130.06 7.54 curveto
128.61 6.69 126.78 6.09 126.12 6.1 curveto
125.47 6.12 125.27 5.88 124.35 4.06 curveto
123.42 2.24 122.35 -1.12 122.24 -1.56 curveto
122.14 -2.01 121.41 -3.6 123.26 -3.21 curveto
125.11 -2.82 127.06 -1.85 125.81 -3.27 curveto
124.55 -4.69 120.74 -8.97 119.96 -9.99 curveto
119.19 -11 113.48 -17.56 111.85 -18.73 curveto
110.22 -19.9 108.25 -22.19 104.27 -23.07 curveto
100.29 -23.95 92.89 -27.85 90.37 -28.82 curveto
87.87 -29.79 80.38 -36.3 79.21 -37.69 curveto
78.04 -39.09 74.95 -44.19 74 -44.92 curveto
73.06 -45.65 71.98 -46.47 71.65 -46.86 curveto
71.32 -47.25 69.62 -48.34 69.62 -48.34 curveto
69.62 -48.34 65.9 -44.55 65.9 -43.69 curveto
65.89 -42.82 66.09 -40.19 66.74 -39.34 curveto
67.39 -38.48 68.14 -37.98 67.23 -36.83 curveto
66.33 -35.68 65.42 -34.4 65.75 -33.35 curveto
66.09 -32.31 66.1 -30.15 65.27 -30.44 curveto
64.43 -30.73 63.11 -32 62.41 -31.34 curveto
61.71 -30.67 61.73 -29.37 62.05 -28.83 curveto
62.36 -28.3 63.98 -25.41 64.78 -24.76 curveto
65.59 -24.12 67.95 -20.73 65.38 -20.09 curveto
62.8 -19.45 56.55 -18.82 55.41 -18.2 curveto
54.27 -17.57 52.65 -15.55 51.93 -14.74 curveto
51.2 -13.93 49.29 -12.98 48.54 -10.77 curveto
47.52 -7.79 44.91 -7.32 47.91 -4.19 curveto
48.04 -4.05 49.62 -0.84 50.2 -0.07 curveto
50.78 0.71 58.25 9.46 59.53 10.59 curveto
60.8 11.71 71.69 22.72 74.66 23.49 curveto
77.62 24.26 87.05 31.97 89.04 33.15 curveto
91.03 34.34 103.81 42.71 104.34 43.27 curveto
104.87 43.82 107.03 48.06 107.34 48.59 curveto
107.66 49.12 107.86 51.81 108.22 51.84 curveto
108.58 51.87 114.35 51.88 114.8 51.7 curveto
115.25 51.52 125.73 53.76 127.54 54.57 curveto
129.34 55.38 135.95 58.14 138.33 58.14 curveto
140.71 58.14 147.09 59.43 147.72 59.71 curveto
148.34 59.98 149.94 61.13 150.61 60.66 curveto
150.9 60.45 151.32 59.82 151.32 59.82 curveto stroke
newpath 158.53 64.99 moveto
158.74 64.74 158.24 66.48 158.24 66.48 curveto
159.28 67 171.33 75.39 174.73 80.23 curveto
178.14 85.08 180.67 86.68 181.03 89.96 curveto
181.39 93.24 183.1 105.01 183.45 106.77 curveto
183.8 108.54 182.71 111.91 182.53 112.4 curveto stroke
newpath 182.53 112.4 moveto
182.53 112.4 182.35 112.92 182.42 113.28 curveto
182.46 113.51 182.96 113.78 183.34 114.09 curveto stroke
newpath 170.55 117.44 moveto
170.55 116.9 170.79 116.79 170.41 116.44 curveto
170.03 116.09 168.69 116.2 168.69 116.2 curveto stroke
newpath 168.69 116.2 moveto
167.65 116.47 154.19 116.85 151.52 116.83 curveto
148.85 116.8 139.28 116.46 137.53 116.66 curveto
135.78 116.87 124.91 114.75 123.11 113.94 curveto
121.3 113.13 113.22 109.68 110.7 106.35 curveto stroke
newpath 110.7 106.35 moveto
110.35 105.99 109.09 104.91 108.16 103.96 curveto
107.36 103.13 105.45 101.12 104.53 100.24 curveto
104.43 100.14 104.24 101.48 104.47 102.04 curveto stroke
newpath 102.87 100.64 moveto
102.93 98.93 102.91 98.19 102.15 97.58 curveto
101.39 96.97 101.26 96.43 100.36 95.36 curveto
99.46 94.29 97.48 92.33 97.48 92.33 curveto stroke
newpath 97.48 92.33 moveto
96.54 90.73 86.68 80.2 85.05 78.97 curveto
83.41 77.74 78.99 72.8 72.84 74.28 curveto
66.7 75.76 60.66 81.79 55.68 76.79 curveto
50.71 71.79 47.49 71.42 45.14 72 curveto
42.78 72.58 38.24 74.05 36.82 74.58 curveto
35.4 75.1 31.95 76.45 28.61 74.28 curveto
25.26 72.1 24.6 72.18 21.71 70.48 curveto
18.83 68.78 14.47 66.59 12.89 66.45 curveto
11.31 66.31 5.62 66.08 9.26 69.01 curveto
12.9 71.94 19.88 80.44 21.33 82.09 curveto
22.77 83.73 27.88 93.8 28.5 95.66 curveto
29.26 97.9 29.81 102.94 28.44 104.48 curveto
27.07 106.02 24.83 108.49 24.14 108.86 curveto
23.46 109.24 22.58 111.8 17.28 107.97 curveto
12.8 104.72 8.89 101.58 7.61 101.25 curveto
6.34 100.92 4.94 102.82 4.88 104.33 curveto
4.82 105.85 5.35 111.97 5.75 113.96 curveto
6.16 115.94 6.14 121.8 5.68 122.84 curveto
5.23 123.89 5.21 124.89 3.78 124.7 curveto
3.03 124.6 3.1 124.28 2.56 123.79 curveto
1.58 122.91 1.88 124.13 1.2 125.3 curveto
0.52 126.47 -2.89 133.07 -3.28 134.12 curveto
-3.66 135.17 -3.95 136.84 -6.79 135.4 curveto
-10.18 133.66 -20.81 130.53 -23.45 130.08 curveto
-26.08 129.63 -40.11 128.13 -42.08 128.27 curveto
-44.78 128.47 -44.67 130.5 -46.17 131.95 curveto
-47.67 133.41 -57.22 144.58 -57.94 145.31 curveto
-58.65 146.05 -62.72 150.39 -61.37 153.03 curveto
-60.02 155.68 -59.75 160.83 -61.48 161.55 curveto
-63.2 162.26 -68.71 161.53 -70.06 163.89 curveto
-71.6 166.57 -73.6 167.98 -74.61 168.76 curveto
-75.62 169.54 -76.79 172.18 -78.75 170.63 curveto
-80.71 169.08 -85.2 163.34 -85.95 161.97 curveto
-86.7 160.6 -92.15 156.65 -92.47 156.26 curveto
-92.8 155.87 -93.66 153.42 -94.08 153.23 curveto
-94.5 153.05 -96.56 151.93 -96.56 151.93 curveto
-96.56 151.93 -96.19 153.4 -96.99 154.19 curveto
-97.78 154.98 -98.47 156.28 -99.62 156.18 curveto
-100.76 156.08 -101.21 157.05 -101.58 157.23 curveto
-101.96 157.42 -102.11 158.34 -103.93 157.68 curveto
-105.76 157.02 -106.55 156.02 -107.56 156.87 curveto
-108.57 157.72 -111.02 159.24 -111.5 159.77 curveto
-111.98 160.31 -114.13 161.78 -115.11 162.28 curveto
-116.1 162.77 -118.31 164.09 -118.32 165.03 curveto
-118.33 165.97 -118.98 167.57 -118.93 167.79 curveto
-118.88 168.01 -119.49 169.19 -117.84 169.33 curveto
-116.19 169.48 -116.2 170.42 -116.46 170.83 curveto
-116.71 171.24 -116.19 171.47 -116.53 171.69 curveto
-116.88 171.91 -117.52 171.82 -117.75 171.9 curveto
-117.97 171.99 -118.41 172.42 -118.65 173.08 curveto
-118.84 173.62 -119.84 173.84 -120.14 173.96 curveto
-120.44 174.08 -121.73 174.36 -122.28 174.49 curveto
-122.83 174.62 -124.04 174.83 -124.04 174.83 curveto stroke
newpath -127.64 172.77 moveto
-127.73 172.15 -127.77 170.96 -127.69 170.1 curveto
-127.61 169.24 -127.43 166.81 -126.82 166.5 curveto
-126.22 166.2 -125.07 166.23 -124.54 165.99 curveto
-124.01 165.75 -122.51 165.45 -122.29 165.4 curveto
-122.06 165.34 -121.73 164.87 -121.48 164.46 curveto
-121.23 164.05 -120.17 162.66 -119.77 162.19 curveto
-119.36 161.72 -119.25 161.66 -119.13 161.56 curveto
-119.02 161.46 -118.61 161.32 -118.19 161.14 curveto
-117.78 160.96 -116.44 160.46 -115.84 160.26 curveto
-115.25 160.06 -113.85 159.39 -113.56 159.01 curveto
-113.28 158.64 -111.94 156.95 -111.68 156.51 curveto
-111.43 156.06 -111.19 153.77 -110.86 153.29 curveto
-110.53 152.81 -109.78 151.29 -109.52 150.81 curveto
-109.26 150.33 -108.47 149.6 -108.47 149.6 curveto stroke
newpath -103.32 150.92 moveto
-103.28 150.52 -103.22 149.74 -103.02 149.17 curveto
-102.83 148.61 -102.56 147.59 -102.16 147.16 curveto
-101.76 146.72 -100.67 145.13 -100.56 144.81 curveto
-100.46 144.49 -99.62 143.67 -98.96 143.62 curveto
-98.3 143.57 -95.63 143.28 -95.17 143.39 curveto
-94.71 143.5 -92.68 143.4 -92.34 143.21 curveto
-92 143.02 -88 140.78 -87.55 140.17 curveto
-87.1 139.56 -83.57 135.64 -83.18 135.28 curveto
-82.79 134.92 -78.69 129.39 -78.28 128.85 curveto
-77.88 128.31 -73.81 123.77 -73.58 123.25 curveto
-73.36 122.72 -70.36 118.7 -70.12 118.36 curveto
-69.87 118.02 -69.09 116.97 -69.09 116.97 curveto
-69.09 116.97 -70.2 116.51 -70.82 116.13 curveto
-71.43 115.75 -74.45 114.29 -75.05 114.16 curveto
-75.65 114.04 -76.54 113.81 -77.13 113.18 curveto
-77.72 112.55 -79.14 110.98 -79.26 110.39 curveto
-79.39 109.8 -78.91 109.27 -78.63 109 curveto
-78.36 108.74 -77.69 108.18 -77.87 107.77 curveto
-78.05 107.36 -78.61 106.26 -78.62 105.64 curveto
-78.64 105.03 -78.94 103.56 -78.85 103.28 curveto
-78.75 103 -77.43 102.75 -76.55 102.69 curveto
-75.68 102.62 -72.96 102.5 -72.37 102.41 curveto
-71.79 102.32 -67.93 102.84 -67.68 102.83 curveto
-67.43 102.82 -66.22 102.67 -66.47 103.41 curveto
-66.71 104.14 -67.72 104.49 -67.81 105.56 curveto
-67.91 106.64 -67.72 107.7 -67.33 107.85 curveto
-66.95 107.99 -65.32 108.71 -64.67 108.81 curveto
-64.03 108.9 -59.69 110.37 -58.78 110.74 curveto
-57.88 111.11 -54.35 112.54 -53.8 112.8 curveto
-53.24 113.07 -52.41 113.94 -52.05 113.47 curveto
-51.68 112.99 -51.53 112.1 -50.85 111.37 curveto
-50.17 110.63 -49.18 110.07 -48.31 109.61 curveto
-47.43 109.14 -46.44 108.51 -45.96 107.97 curveto
-45.47 107.44 -44.26 105.99 -45.26 104.96 curveto
-46.25 103.93 -49.72 102.29 -50.34 101.87 curveto
-50.95 101.45 -56.71 97.95 -57.7 96.45 curveto
-58.68 94.96 -61.12 92.28 -59.58 89.2 curveto
-58.05 86.12 -54.44 80.94 -52.24 80.96 curveto
-50.03 80.97 -47.54 81.84 -46.72 82.31 curveto
-45.89 82.78 -41.95 85.19 -41.7 85.29 curveto
-41.46 85.38 -40.92 85.83 -41.51 84.73 curveto
-42.1 83.63 -43.05 82.49 -43.9 81.59 curveto
-44.76 80.68 -45.11 79.35 -44.78 78.4 curveto
-44.44 77.45 -44.77 75.47 -44.15 75.09 curveto
-43.54 74.71 -41.91 73.81 -41.22 73.47 curveto
-40.54 73.13 -37.39 70.66 -37.2 70.46 curveto
-37 70.27 -35.36 68.57 -33.24 70.71 curveto
-31.12 72.85 -27.43 76.98 -26.7 77.66 curveto
-25.96 78.34 -20.71 82.78 -20.06 84 curveto
-19.41 85.21 -17.96 85.23 -17.22 84.14 curveto
-16.47 83.05 -14.36 79.27 -14.66 77.76 curveto
-14.96 76.25 -16.03 71.96 -16.39 70.77 curveto
-16.76 69.58 -16.96 66.96 -16.31 65.75 curveto
-15.66 64.55 -12.41 60.97 -11.8 59.76 curveto
-11.18 58.55 -10.62 55.48 -10.21 54.94 curveto
-9.8 54.4 -8.23 53.45 -8.03 52.79 curveto
-7.82 52.12 -8.18 50.1 -8.31 49.51 curveto
-8.44 48.92 -11.94 44.19 -16.17 41.78 curveto
-20.39 39.38 -27.86 35.68 -29.16 34.8 curveto
-30.45 33.93 -38.48 29.2 -39.51 28.57 curveto
-40.54 27.93 -54.25 19.06 -55.15 18.66 curveto
-56.06 18.25 -64.56 12.56 -65.51 11.5 curveto
-66.47 10.44 -75 3.87 -76.3 3.07 curveto
-77.61 2.27 -83.66 -0.5 -86.02 -1.69 curveto
-88.38 -2.87 -97.43 -7.26 -99.25 -9.91 curveto
-101.07 -12.57 -103.82 -21.43 -104.09 -22.53 curveto
-104.35 -23.64 -103.98 -28.56 -108.93 -32.19 curveto
-113.88 -35.81 -123.61 -39.38 -124.72 -39.48 curveto
-125.84 -39.58 -135.68 -41.04 -137.08 -41.96 curveto
-138.48 -42.88 -145.1 -43.21 -147.63 -44.78 curveto
-150.17 -46.34 -149.92 -47.04 -158.95 -49.88 curveto
-159.74 -50.13 -170.09 -52.71 -171.51 -52.91 curveto
-172.94 -53.11 -180.77 -54.13 -185.31 -56.27 curveto
-189.85 -58.41 -197.1 -60.6 -199.29 -61.63 curveto
-201.48 -62.65 -206.73 -65.36 -207.36 -66.03 curveto
-207.98 -66.7 -214.91 -71.28 -216.87 -72 curveto
-218.83 -72.71 -223.85 -73.58 -225.54 -74.09 curveto
-227.23 -74.6 -230.42 -74.95 -232.99 -79.04 curveto
-235.56 -83.13 -237.03 -84.45 -238.12 -85.63 curveto
-239.21 -86.81 -244.07 -89.55 -243.77 -91.3 curveto
-243.48 -93.04 -242.06 -94.92 -240.85 -96.05 curveto stroke
newpath -240.85 -96.05 moveto
-239.63 -97.17 -236.56 -98.58 -235.69 -98.98 curveto
-234.82 -99.37 -227.24 -100.88 -225.49 -100.73 curveto
-223.73 -100.57 -217.42 -99.12 -216.48 -99.07 curveto stroke
newpath -216.48 -99.07 moveto
-215.55 -99.03 -208.54 -97.72 -207.42 -97.73 curveto
-206.3 -97.74 -200.64 -98 -199.98 -98.06 curveto
-199.32 -98.11 -195.08 -97.41 -194.02 -96.77 curveto
-192.95 -96.13 -188.43 -93.74 -187.02 -93.33 curveto
-185.61 -92.91 -172.59 -89.23 -171.47 -88.81 curveto
-170.35 -88.38 -158 -86.16 -157.15 -85.98 curveto
-156.3 -85.79 -147.63 -82.38 -146.55 -81.95 curveto
-145.46 -81.53 -136.63 -78.46 -135.35 -78.17 curveto
-134.08 -77.87 -128.87 -77.05 -128.19 -76.99 curveto
-127.51 -76.92 -125.91 -76.71 -123.91 -72.37 curveto
-121.91 -68.04 -120.63 -67.02 -119.76 -65.82 curveto
-118.9 -64.63 -113.02 -54.48 -111.09 -52.57 curveto
-109.17 -50.67 -107.71 -47 -100.82 -47.75 curveto
-99 -47.95 -94.83 -45.99 -93.23 -45.27 curveto
-91.64 -44.55 -86.77 -44.04 -85.92 -43.75 curveto
-85.08 -43.46 -79.25 -41.56 -76.12 -37.82 curveto
-72.99 -34.07 -62.85 -24.64 -61.2 -23.63 curveto
-59.55 -22.62 -51.29 -17.13 -50.67 -15.92 curveto
-50.06 -14.71 -37.3 -1.74 -36.47 -0.58 curveto
-35.63 0.58 -6.84 19.19 -4.16 20.8 curveto
-1.48 22.42 15 31.49 17.14 32.69 curveto
19.28 33.9 30.91 39.63 34.39 39.51 curveto
37.87 39.39 43.65 37.82 47 35.88 curveto
50.36 33.94 56.58 32.38 58.77 32.94 curveto
60.96 33.49 68.67 35.26 70.71 36.15 curveto
72.58 36.97 77.37 38.33 80.78 40.6 curveto
83.49 42.41 93.78 49.26 96.59 50.15 curveto
99.42 51.04 100.11 50.66 101.16 50.73 curveto
103.26 50.86 104.96 51.06 104.96 51.06 curveto
104.96 51.06 102.15 50.1 101.39 49.74 curveto
100.62 49.38 95.22 45.58 94.09 45.27 curveto
92.96 44.95 87.62 41.71 86.57 41.33 curveto
85.52 40.94 76.92 36.19 76.02 35.75 curveto
75.12 35.31 66.31 31.2 65.85 30.73 curveto
65.38 30.25 64.63 28.96 64.31 27.63 curveto
64 26.3 63.44 24.45 63.44 24.45 curveto
63.44 24.45 62.18 22.31 62.37 25.15 curveto
62.55 27.98 63.06 27.88 62.57 28.49 curveto
62.09 29.1 61.89 29.73 60.45 28.01 curveto
58.97 26.25 54.41 21.12 53.87 20.64 curveto
53.33 20.16 46.82 11.27 45.95 10.4 curveto
45.09 9.53 38.13 0.75 37.7 -0.08 curveto
37.26 -0.91 36.11 -1.74 37.15 -3.74 curveto
38.19 -5.75 39.5 -8.24 39.92 -9.79 curveto
40.35 -11.34 40.21 -13.82 38.52 -15.06 curveto
36.83 -16.29 33.06 -21.03 32.22 -22.05 curveto
31.37 -23.06 28.42 -26.43 28.05 -25.45 curveto
27.68 -24.47 27.76 -23.74 26.68 -23.04 curveto
25.61 -22.34 24.65 -21.2 23.85 -22.78 curveto
23.04 -24.37 16.87 -35.87 15.66 -37.85 curveto
14.45 -39.83 13.61 -44.6 13.08 -46.02 curveto
12.54 -47.44 12.32 -51.74 5.73 -54.87 curveto
-0.86 -57.99 -3.65 -58.31 -6.98 -60.7 curveto
-10.31 -63.09 -19.99 -68.72 -21.83 -69.1 curveto
-23.67 -69.49 -27.94 -71.81 -30.09 -72.08 curveto stroke
newpath -30.09 -72.08 moveto
-30.8 -72.31 -30.98 -71.5 -31.29 -71.19 curveto stroke
newpath -40.54 -76.62 moveto
-40.54 -76.62 -40.02 -76.3 -39.55 -77.29 curveto
-39.08 -78.29 -39.71 -78.35 -39.71 -78.35 curveto stroke
newpath 24.28 -63.05 moveto
26.06 -61.96 25.99 -61.53 26.39 -61.1 curveto
26.78 -60.67 28.33 -58.87 28.8 -57.64 curveto
29.27 -56.41 29.96 -53.86 30 -53.03 curveto
30.04 -52.19 31.21 -48.48 31.41 -47.38 curveto
31.61 -46.28 31.69 -43.39 31.64 -42.31 curveto
31.58 -41.23 31.58 -35.59 31.53 -34.12 curveto
31.48 -32.64 33.46 -30.4 34.36 -29.89 curveto
35.25 -29.37 38.26 -26.28 39.29 -25.68 curveto
40.32 -25.08 42.27 -23.93 43.16 -23.85 curveto
44.06 -23.78 46.28 -22.9 46.5 -22.52 curveto
46.72 -22.13 48.58 -21.18 49.39 -21.29 curveto
50.19 -21.4 50.84 -22.61 51.54 -23.2 curveto
52.24 -23.79 51.62 -24.57 53.46 -24.84 curveto
55.29 -25.12 56.73 -27.13 57.03 -27.68 curveto
57.33 -28.23 57.91 -29.09 58.7 -29.42 curveto
59.49 -29.75 59.95 -30.44 59.95 -30.83 curveto
59.95 -31.23 60.61 -32.87 61.04 -33.23 curveto
61.47 -33.58 62.22 -33.26 63.09 -32.93 curveto
63.96 -32.61 64.24 -33.01 64.04 -33.54 curveto
63.83 -34.06 64.48 -35.17 65.09 -36.7 curveto
65.7 -38.23 65.12 -38.18 64.89 -38.52 curveto
64.67 -38.87 63.2 -40.23 62.47 -40.95 curveto
61.74 -41.67 58.55 -44.83 57.12 -46.53 curveto
55.68 -48.22 56.48 -54.04 56.31 -54.62 curveto
56.14 -55.2 48.32 -60.88 47.09 -61.72 curveto
45.86 -62.55 33.95 -66.09 32.8 -66.92 curveto
31.64 -67.75 19.92 -74.95 18.64 -75.93 curveto
17.35 -76.92 6.78 -84.81 4.91 -85.77 curveto
3.05 -86.74 2.54 -86.71 1.7 -86.28 curveto
0.87 -85.84 0.13 -85.62 -0.87 -85.86 curveto
-1.86 -86.09 -5.87 -84.28 -8.01 -83.89 curveto
-10.14 -83.51 -9.28 -82.57 -9.01 -82.4 curveto
-8.73 -82.23 -6.15 -80.41 -5.6 -80.14 curveto
-5.04 -79.87 8.08 -72.43 10.43 -71.21 curveto
12.78 -69.99 22.51 -64.14 24.28 -63.05 curveto closepath stroke
showpage
%%EOF
