%!PS
%%BoundingBox: -35 -54 78 55 
%%HiResBoundingBox: -34.30818 -53.08252 77.48251 54.83252 
%%Creator: MetaPost 1.209
%%CreationDate: 2019.09.26:1811
%%Pages: 1
%%BeginProlog
%%EndProlog
%%Page: 1 1
 0 0 0 setrgbcolor 0 0.24501 dtransform truncate idtransform setlinewidth pop
 [] 0 setdash 1 setlinecap 1 setlinejoin 10 setmiterlimit
newpath -21.46 -52.96 moveto
-21.46 -52.96 -21.57 -48.4 -20.7 -43.64 curveto
-20.31 -41.5 -19.86 -36.03 -19.2 -35.39 curveto
-18.53 -34.75 -14.23 -34.29 -12.28 -31.87 curveto
-10.33 -29.45 -9.56 -27.57 -7.93 -27.13 curveto
-6.31 -26.69 -2.13 -26.53 0.3 -26.31 curveto
2.74 -26.09 6.58 -26.18 8.72 -24.97 curveto
10.85 -23.77 13.14 -22.77 15.34 -21.55 curveto
17.54 -20.34 22.22 -18.54 24.46 -16.9 curveto
26.69 -15.25 30 -11.12 32.36 -6.79 curveto
34.71 -2.46 37.63 3.54 38.72 5.47 curveto
39.82 7.4 42.24 10.15 43.4 10.19 curveto stroke
newpath 44.15 10.69 moveto
44.15 10.69 42.34 10.67 42.72 12.08 curveto
43.1 13.48 43.81 14.34 43.7 15.56 curveto
43.59 16.78 43.81 17.52 42.84 18.66 curveto
41.87 19.8 41.49 20.85 42.23 22.15 curveto
42.98 23.45 48.25 29.85 48.7 31.33 curveto
49.14 32.82 52.41 35.93 53.18 37.01 curveto
53.95 38.1 56.98 39.75 59.13 39.14 curveto
61.29 38.54 61.88 36.86 62.39 36.04 curveto
62.9 35.22 65 32.74 65.74 31 curveto
66.47 29.27 66.59 25.59 66.16 23.17 curveto
65.73 20.75 65.66 19.08 65.75 18.15 curveto stroke
newpath 77.36 27.94 moveto
77.36 27.94 75.83 28.09 74.64 30.01 curveto
73.46 31.92 70.85 35.15 70.25 38.57 curveto
69.65 41.98 68.16 45.67 67.54 46.92 curveto
66.92 48.16 67.15 50.5 66.04 51.48 curveto
65.58 51.9 61.1 49.44 59.7 50.55 curveto
58.29 51.65 55.68 53.29 55.41 54.71 curveto stroke
newpath 54.41 54.55 moveto
54.41 54.55 55.06 51.36 55.46 50.24 curveto
55.85 49.12 56.44 48.16 56.2 47.56 curveto
55.97 46.96 52.24 44.96 49.61 42.84 curveto
46.98 40.72 44.91 38.87 43.76 37.9 curveto
42.62 36.93 39.98 34.16 37.66 31.13 curveto
35.33 28.1 35.16 26.78 29.71 25.49 curveto
24.26 24.2 23.67 24.36 22.49 22.24 curveto
21.31 20.11 18.71 15.32 17.84 12.93 curveto
16.97 10.54 15.12 5.46 15.19 3.87 curveto
15.26 2.29 16.83 0.19 16.72 -1.77 curveto
16.61 -3.73 16.22 -7.38 13.01 -10.2 curveto
9.8 -13.03 6.03 -15.24 4.53 -16.32 curveto
3.04 -17.39 1.52 -18.18 1.07 -17.21 curveto
0.62 -16.24 1.15 -14.02 1.15 -14.02 curveto
1.15 -14.02 2.08 -12.35 4.75 -10.74 curveto stroke
newpath 3.56 -9.54 moveto
0.32 -12.87 lineto
0.32 -12.87 -1.29 -15.11 -3.55 -15.6 curveto
-5.82 -16.09 -7.75 -16.41 -8.05 -17.81 curveto
-8.36 -19.22 -8.56 -20.97 -10.54 -21.51 curveto
-12.51 -22.05 -11.82 -21.86 -13.72 -22.3 curveto
-15.62 -22.75 -18.72 -24.64 -20.84 -26.06 curveto
-22.95 -27.48 -24.22 -28.61 -24.1 -29.97 curveto
-23.98 -31.33 -24.71 -33.64 -26.13 -34.79 curveto
-27.54 -35.93 -27.86 -37.12 -29.25 -36.88 curveto
-30.64 -36.64 -32.75 -36.46 -33.32 -34.99 curveto
-33.88 -33.53 -34.27 -29.22 -34.17 -27.91 curveto stroke
newpath 22.49 1.57 moveto
20.95 2.52 20.5 4.35 20.34 6.87 curveto
20.19 9.39 19.06 9.79 20.93 12.34 curveto
22.8 14.9 23.96 16.45 25.76 16.54 curveto
27.56 16.63 33.27 17.43 33.97 16.92 curveto
34.66 16.4 33.68 13.71 32.58 12.31 curveto
31.48 10.91 29.52 8.57 28.78 7.2 curveto
28.03 5.83 26.62 3.1 25.24 2.33 curveto
23.86 1.55 24.02 0.62 22.49 1.57 curveto closepath stroke
showpage
%%EOF
