%!PS
%%BoundingBox: -80 -218 108 216 
%%HiResBoundingBox: -79.61252 -217.3544 107.98631 215.3044 
%%Creator: MetaPost 1.209
%%CreationDate: 2019.09.26:1811
%%Pages: 1
%%BeginProlog
%%EndProlog
%%Page: 1 1
 0 0 0 setrgbcolor 0 0.24501 dtransform truncate idtransform setlinewidth pop
 [] 0 setdash 1 setlinecap 1 setlinejoin 10 setmiterlimit
newpath 46.05 68.65 moveto
44.97 65.93 44.81 62.83 43.88 60.06 curveto
43.48 58.86 42.59 57.83 42.13 56.67 curveto
41.64 55.43 40.67 54.39 39.98 53.27 curveto
38.91 51.56 38.25 49.4 36.71 47.99 curveto
35.21 46.62 32.57 46.52 30.68 46.02 curveto
28.12 45.34 27.43 45.68 25.84 44.81 curveto
25.58 44.67 23.69 43.54 23.45 43.36 curveto
23.19 43.18 22.09 41.62 21.83 41.45 curveto stroke
newpath 21.83 41.45 moveto
20.14 39.79 18.53 37.86 17.47 35.74 curveto stroke
newpath 17.47 35.74 moveto
16.82 34.9 16.45 34.19 16.03 33.52 curveto
14.17 30.6 11.68 27.6 9.11 25.9 curveto stroke
newpath 9.11 25.9 moveto
8.38 24.57 6.89 23.96 6.07 22.7 curveto
5.33 21.54 4.85 20.13 3.9 19.11 curveto
3.69 18.89 3.46 18.68 3.21 18.49 curveto
1.84 17.42 0.17 16.67 -1.23 15.61 curveto stroke
newpath -1.23 15.61 moveto
-1.94 14.72 -2.86 13.99 -3.56 13.11 curveto
-3.72 12.91 -4.16 12.25 -3.91 12.09 curveto
-3.46 12.01 -2.77 12.65 -2.4 12.89 curveto
-1.97 13.16 -1.43 13.6 -0.99 13.52 curveto stroke
newpath -0.99 13.52 moveto
0.12 14.2 1.29 14.87 2.5 15.35 curveto
2.66 15.05 2.9 14.78 2.97 14.44 curveto
3.14 13.74 3.02 13 3.31 12.92 curveto stroke
newpath 3.31 12.92 moveto
2.85 11.95 2.55 10.82 2.02 9.9 curveto
1.65 9.25 1.12 8.71 0.66 8.11 curveto
0 7.24 -0.61 6.29 -1.24 5.39 curveto
-1.45 5.09 -1.65 4.77 -1.89 4.5 curveto
-2.19 4.17 -2.51 3.86 -2.86 3.58 curveto
-3.19 3.3 -3.57 3.07 -3.93 2.83 curveto
-4.29 2.59 -4.64 2.36 -5.02 2.15 curveto
-7.12 0.99 -10.91 0.39 -13.09 -0.48 curveto
-13.5 -0.65 -12.71 -0.28 -13.09 -0.48 curveto stroke
newpath -13.09 -0.48 moveto
-12.99 -0.66 -12.97 -0.41 -13.09 -0.48 curveto
-14.94 -1.52 -16.82 -2.77 -18.16 -4.36 curveto
-18.56 -4.84 -19.68 -6.29 -19.96 -6.84 curveto
-20.96 -8.85 -21.13 -11.36 -21.66 -13.51 curveto
-22.1 -15.27 -21.71 -17.23 -21.29 -19.08 curveto
-20.73 -21.55 -18.28 -23.8 -16.04 -24.78 curveto
-15.12 -25.18 -12.04 -25.21 -11.27 -26 curveto
-8.5 -28.88 -7.09 -33.13 -6.97 -36 curveto stroke
newpath -6.97 -36 moveto
-6.94 -36.07 -6.9 -36.14 -6.88 -36.22 curveto
-6.62 -37.26 -7.09 -38.37 -7.42 -39.33 curveto
-8.21 -41.62 -9.18 -43.91 -10.19 -45.59 curveto stroke
newpath -10.19 -45.59 moveto
-10.29 -45.95 -11.08 -46.88 -11.15 -47.25 curveto
-11.56 -49.21 -11.35 -50.65 -11.67 -52.62 curveto
-11.92 -54.16 -11.59 -55.79 -11.65 -57.35 curveto
-11.84 -61.88 -11.58 -66.73 -12.16 -70.96 curveto stroke
newpath -12.16 -70.96 moveto
-13.22 -73.56 -15.11 -75.83 -16.65 -78.15 curveto
-17.57 -79.54 -19.69 -80.1 -20.69 -81.45 curveto
-21.8 -82.95 -21.76 -84.96 -21.93 -84.52 curveto stroke
newpath -22 -84.82 moveto
-22.23 -86.79 -23.24 -88.54 -24.69 -89.98 curveto
-26.49 -91.77 -29.55 -93.9 -30.48 -94.63 curveto stroke
newpath -30.48 -94.63 moveto
-33.63 -96.57 -34.56 -98.03 -36.78 -99.79 curveto
-39.51 -101.96 -42.11 -103.24 -45.13 -106.85 curveto stroke
newpath -45.73 -107.43 moveto
-45.53 -107.24 -44.91 -106.69 -45.13 -106.85 curveto
-45.5 -107.13 -46.37 -108.03 -46.67 -108.34 curveto
-47.37 -108.87 -48.31 -109.41 -49.24 -109.32 curveto
-49.82 -109.26 -50.37 -109.21 -50.87 -109.05 curveto
-51.54 -108.83 -52.17 -108.49 -52.84 -108.3 curveto
-53.13 -108.21 -53.41 -108.09 -53.69 -108 curveto
-53.98 -107.91 -54.27 -107.83 -54.56 -107.75 curveto
-54.84 -107.68 -55.12 -107.62 -55.39 -107.54 curveto
-55.65 -107.46 -55.91 -107.38 -56.16 -107.3 curveto
-56.47 -107.19 -56.78 -107.09 -57.08 -106.97 curveto
-57.65 -106.76 -58.19 -106.42 -58.66 -106.03 curveto stroke
newpath -68.88 -122.6 moveto
-67.32 -123.83 -67.16 -126.07 -67.24 -126.36 curveto
-67.57 -127.54 -68.44 -128.09 -69.43 -129.37 curveto
-69.56 -129.54 -71.51 -131.2 -71.66 -131.34 curveto
-72.51 -132.1 -73.16 -132.64 -74.06 -133.33 curveto
-74.82 -133.91 -77.24 -135.41 -78.22 -135.3 curveto stroke
newpath -75.97 -157.86 moveto
-75.9 -158.07 -75.72 -158.78 -75.65 -158.99 curveto
-75.16 -160.49 -74.74 -161.49 -73.86 -162.75 curveto
-72.94 -164.08 -72.33 -165.69 -71.24 -166.91 curveto
-71.1 -167.07 -70.95 -167.21 -70.82 -167.37 curveto
-70.66 -167.55 -70.5 -167.74 -70.35 -167.93 curveto
-70.2 -168.11 -70.06 -168.3 -69.9 -168.48 curveto
-69.45 -169.02 -68.9 -169.53 -68.38 -170.05 curveto
-67.72 -170.72 -66.76 -171.25 -66.32 -172.16 curveto
-66.23 -172.35 -66.18 -172.56 -66.07 -172.75 curveto
-65.76 -173.26 -65.19 -173.63 -64.93 -174.19 curveto
-64.7 -174.7 -64.84 -175.41 -64.63 -175.15 curveto stroke
newpath -64.63 -175.15 moveto
-64.95 -177 -65.07 -179.36 -66.12 -181.3 curveto stroke
newpath -66.12 -181.3 moveto
-66.75 -182.23 -67.29 -183.47 -68.11 -184.25 curveto
-68.27 -184.4 -67.94 -184.11 -68.11 -184.25 curveto
-69.38 -185.22 -71.26 -188.36 -71.26 -188.36 curveto
-70.74 -187.73 -72.72 -194.06 -73.15 -194.75 curveto
-77.69 -202.12 -76.8 -199.75 -79.49 -201.41 curveto stroke
newpath -73.72 -217.1 moveto
-69 -218.12 -69.47 -212.95 -63.85 -210.99 curveto
-61.1 -210.03 -59.76 -209.03 -57.31 -207.28 curveto
-55.26 -206.16 -52.52 -204.04 -50.47 -202.92 curveto stroke
newpath -50.47 -202.92 moveto
-39.27 -198.31 -45.35 -198.01 -36.57 -199.09 curveto stroke
newpath -36.46 -186.85 moveto
-41.29 -188.59 -43.76 -187.59 -43.78 -187.37 curveto
-43.81 -187.14 -44.92 -186.93 -45.13 -186.85 curveto
-45.34 -186.76 -46.74 -186.67 -46.96 -186.65 curveto
-47.66 -186.58 -49.88 -187.62 -50.05 -187.66 curveto
-51.04 -187.85 -51.09 -188.24 -52.1 -188.36 curveto
-52.36 -188.39 -52.62 -188.42 -52.88 -188.41 curveto
-53.11 -188.4 -53.5 -188.09 -53.64 -187.99 curveto
-53.78 -187.88 -54.4 -187.27 -54.4 -187.07 curveto stroke
newpath -54.4 -187.07 moveto
-54.45 -186.74 -54.95 -186.22 -54.88 -185.63 curveto
-54.74 -184.37 -53.44 -183.31 -52.68 -182.64 curveto stroke
newpath -52.68 -182.64 moveto
-51.84 -181.64 -50.41 -181.14 -49.68 -180.05 curveto stroke
newpath -49.68 -180.05 moveto
-48.73 -179.15 -49.82 -178.51 -49.93 -178.1 curveto
-50.09 -177.51 -50.48 -176.98 -50.83 -176.48 curveto
-51.46 -175.55 -52.12 -174.2 -52.38 -173.08 curveto
-52.73 -171.57 -52 -169.99 -51.95 -168.53 curveto
-51.91 -167.44 -52.8 -166.28 -53.1 -165.25 curveto
-53.58 -163.62 -53.71 -161.84 -55.39 -159.91 curveto stroke
newpath -55.39 -159.91 moveto
-56.19 -161.03 -56.28 -162.65 -57.21 -163.64 curveto
-57.4 -163.68 -57.64 -163.89 -57.79 -163.76 curveto
-57.93 -163.64 -57.78 -163.38 -57.75 -163.19 curveto
-57.72 -162.94 -57.66 -162.7 -57.61 -162.45 curveto
-57.48 -161.88 -57.12 -161.32 -57.14 -160.72 curveto stroke
newpath -57.14 -160.72 moveto
-57.24 -161.17 -57.42 -160.16 -57.58 -159.18 curveto
-57.75 -158.15 -57.97 -156.71 -59 -156.24 curveto
-60 -155.79 -62.61 -156.3 -63.57 -155.81 curveto
-64.23 -155.47 -65.41 -155.32 -65.8 -154.56 curveto
-65.88 -154.39 -66.08 -153.55 -66.09 -153.31 curveto
-66.12 -151.77 -66.14 -150.42 -65.64 -149.05 curveto
-65.4 -148.42 -64.76 -147.13 -64.34 -146.55 curveto
-63.46 -145.33 -62.16 -144.44 -61 -143.51 curveto
-59.85 -142.58 -58.36 -141.9 -57.21 -140.97 curveto
-55.14 -139.3 -52.78 -137.76 -50.97 -135.81 curveto stroke
newpath -50.97 -135.81 moveto
-49.69 -135.63 -48.06 -134.65 -46.3 -134.29 curveto stroke
newpath -46.3 -134.29 moveto
-46.04 -134.24 -45.75 -134.17 -45.48 -134.11 curveto
-44.62 -133.9 -43.88 -133.29 -43.14 -132.84 curveto
-42.66 -132.55 -42.19 -132.22 -41.69 -131.97 curveto
-41 -131.62 -40.59 -130.76 -40.33 -130.06 curveto stroke
newpath -40.33 -130.06 moveto
-40.3 -130.09 -40.06 -129.89 -39.89 -129.68 curveto stroke
newpath -39.74 -129.46 moveto
-38.31 -127.2 -38.27 -124.29 -37.65 -121.78 curveto
-37.58 -121.5 -37.44 -121.24 -37.32 -120.98 curveto
-36.74 -119.79 -35.93 -118.69 -35.27 -117.55 curveto
-35.05 -117.17 -34.02 -115.98 -33.75 -115.76 curveto stroke
newpath -33.75 -115.76 moveto
-32.73 -114.76 -32.97 -114.69 -32.21 -113.94 curveto
-31.97 -113.71 -30.99 -112.45 -30.77 -112.22 curveto
-30.52 -111.96 -29.79 -110.8 -29.55 -110.52 curveto
-28.45 -109.23 -27.87 -108.83 -26.71 -107.61 curveto
-26.48 -107.37 -26.17 -107.22 -25.9 -107.02 curveto
-24.22 -105.76 -22.56 -104.37 -20.97 -103 curveto stroke
newpath -20.97 -103 moveto
-17.47 -99.92 -13.02 -98.34 -9.59 -95.91 curveto
-9.34 -95.73 -9.09 -95.55 -8.85 -95.36 curveto
-5.58 -92.8 -4.53 -91.58 -1.63 -88.62 curveto stroke
newpath -1.63 -88.62 moveto
-1.36 -88.38 -1.1 -88.11 -0.88 -87.81 curveto
-0.66 -87.51 -0.48 -87.17 -0.3 -86.83 curveto
-0.03 -86.33 0.21 -85.81 0.45 -85.29 curveto
0.61 -84.93 0.77 -84.57 0.89 -84.2 curveto
1.5 -82.41 2.34 -80.64 2.81 -78.82 curveto
2.93 -78.33 2.99 -77.82 3.16 -77.34 curveto
3.7 -75.73 4.73 -74.07 5.52 -72.57 curveto
6.13 -71.42 6.73 -70.21 7.33 -69.04 curveto
7.49 -68.72 7.65 -68.4 7.8 -68.07 curveto
7.99 -67.68 8.16 -67.29 8.35 -66.9 curveto
8.52 -66.57 8.71 -66.25 8.87 -65.91 curveto
9.07 -65.5 9.27 -65.08 9.45 -64.66 curveto
10.38 -62.43 10.55 -59.89 10.79 -57.52 curveto stroke
newpath 10.79 -57.52 moveto
10.15 -58.35 11.14 -56.02 12.42 -54.32 curveto
13.08 -53.45 14.18 -52.93 14.81 -52.05 curveto
15.41 -51.21 15.7 -51.09 15.86 -50.12 curveto
15.91 -49.81 15.79 -48.49 15.78 -48.17 curveto
15.76 -47.84 15.68 -47.49 15.51 -47.19 curveto
14.37 -45.24 11.51 -44.66 10.08 -42.94 curveto
9.42 -42.16 8.68 -41.35 8.03 -40.5 curveto
7.58 -39.9 7.53 -39.02 7.04 -38.41 curveto
6.28 -37.47 4.77 -34.34 4.62 -34.02 curveto stroke
newpath 4.62 -34.02 moveto
3.48 -32.84 2.47 -31.53 2.13 -29.62 curveto
1.95 -28.6 1.55 -27.39 1.4 -26.36 curveto
1.27 -25.46 1.04 -23.7 1.44 -22.82 curveto stroke
newpath 1.44 -22.82 moveto
1.27 -21.54 1.77 -20.43 2.06 -19.15 curveto
2.24 -18.38 2.61 -17.65 2.95 -16.96 curveto stroke
newpath 2.95 -16.96 moveto
5.05 -14.58 6.67 -11.02 9.39 -8.49 curveto
10.93 -7.06 13.96 -6.73 15.38 -5.2 curveto
16.45 -4.05 17.77 -3.09 18.75 -1.84 curveto
19.8 -0.51 19.81 0.39 20.36 1.97 curveto stroke
newpath 20.36 1.97 moveto
20.05 1.55 20.96 2.92 21.09 3.56 curveto
21.28 4.53 21.66 5.02 22.21 5.82 curveto
22.78 6.67 23.66 7.31 24.26 8.12 curveto
24.5 8.44 24.7 8.77 24.93 9.1 curveto stroke
newpath 24.93 9.1 moveto
25.64 9.69 26.2 10.94 26.97 12.01 curveto
28.53 14.2 31.13 18.11 31.12 18.18 curveto stroke
newpath 31.12 18.18 moveto
30.39 17.9 31.91 19.91 32.65 20.71 curveto
33.59 21.73 34.27 23.84 35.42 25.12 curveto
36.87 26.74 38.97 27.86 40.65 29.24 curveto
42.47 30.74 44.07 32.62 45.39 34.56 curveto stroke
newpath 45.39 34.56 moveto
46.3 36.54 47.82 38.69 49.74 40.17 curveto
49.97 40.34 50.19 40.51 50.43 40.66 curveto
54.2 43.01 58.24 45.27 61.67 48.13 curveto
64.18 50.22 66.23 52.94 68.18 55.54 curveto
68.58 56.08 69.04 56.63 69.52 57.15 curveto stroke
newpath 65.61 59.88 moveto
64.83 59.36 63.88 59.04 63.13 58.49 curveto
62.6 58.1 62.16 57.51 61.54 57.22 curveto
61.25 57.08 60.92 57.07 60.62 56.98 curveto
60.31 56.89 60.02 56.76 59.72 56.66 curveto
59.38 56.56 59.04 56.47 58.69 56.38 curveto
58.41 56.31 58.12 56.24 57.84 56.17 curveto
58.26 58.01 59.81 59.44 60.81 61 curveto
61.44 61.99 61.91 63.18 62.77 64.02 curveto stroke
newpath 62.77 64.02 moveto
63.12 64.53 63.68 64.95 64.05 65.5 curveto stroke
newpath 64.05 65.5 moveto
64.27 65.7 64.48 65.9 64.71 66.1 curveto
66 67.23 67.02 68.71 68.26 69.87 curveto
70.05 71.53 72.18 72.92 73.93 74.62 curveto
74.59 75.26 75.24 75.98 75.84 76.69 curveto
76.46 77.41 76.9 78.33 77.62 78.96 curveto
79.43 80.52 81.65 81.79 83.6 83.16 curveto stroke
newpath 83.6 83.16 moveto
84.22 83.98 85.77 84.88 87.11 85.96 curveto
88.38 86.98 89.37 88.38 90.64 89.4 curveto stroke
newpath 90.64 89.4 moveto
90.76 89.46 91.65 90.16 92.49 90.84 curveto
93.07 91.31 93.67 91.83 94.06 92.46 curveto
94.21 92.7 94.33 92.96 94.49 93.19 curveto
94.68 93.48 94.92 93.73 95.45 94.68 curveto stroke
newpath 95.45 94.68 moveto
96.26 95.89 96.18 95.12 96.93 96.43 curveto
97.02 96.59 97.11 97.52 97.18 97.68 curveto
97.68 98.88 97.1 98.92 97.9 99.41 curveto
98.44 99.75 98.21 99.63 99.52 99.94 curveto stroke
newpath 99.52 99.94 moveto
100.07 99.31 101.08 98.42 105.22 99.2 curveto
107.82 99.69 97.78 100.7 102.62 104.76 curveto stroke
newpath 102.62 104.76 moveto
104.8 105.67 105.47 107.28 106.49 108.7 curveto
106.59 108.84 106.71 108.95 106.83 109.07 curveto
106.95 109.19 107.11 109.27 107.21 109.41 curveto
107.35 109.59 107.42 109.82 107.54 110.01 curveto
107.64 110.17 107.93 110.3 107.85 110.47 curveto
107.77 110.65 107.47 110.55 107.27 110.6 curveto
106.79 110.45 105.94 110.41 105.54 110.05 curveto
104.97 109.52 104.97 108.28 104.05 108.21 curveto
103.53 108.18 101.29 109 100.79 109.08 curveto
100.61 109.1 99.59 108.99 99.46 107.8 curveto
99.8 107.36 99.6 107.05 99.92 106.63 curveto
100.04 106.47 99.98 106.07 100.18 106.08 curveto stroke
newpath 100.18 106.08 moveto
98.96 105.64 97.87 104.11 97.08 103.11 curveto
96.96 102.95 96.82 102.79 96.69 102.63 curveto
96.57 102.5 96.45 102.36 96.33 102.23 curveto
96.21 102.09 96.08 101.97 95.97 101.83 curveto
95.85 101.67 95.76 101.49 95.65 101.32 curveto
95.55 101.15 95.46 100.98 95.35 100.81 curveto
95.21 100.61 95.08 100.41 94.93 100.21 curveto
94.22 99.27 93.53 98.27 92.85 97.31 curveto
92.75 97.16 92.63 97.02 92.51 96.88 curveto
91.91 96.2 91.24 95.51 90.48 95.02 curveto
89.91 94.65 89.13 94.34 89.62 94.27 curveto stroke
newpath 89.62 94.27 moveto
89.39 94.18 89.15 94.1 88.92 94 curveto
88.64 93.89 88.35 93.79 88.07 93.66 curveto
87.83 93.55 87.61 93.4 87.38 93.28 curveto
85.83 92.46 84.3 91.49 82.87 90.49 curveto
81.53 89.55 80.37 88.26 78.92 87.48 curveto stroke
newpath 78.92 87.48 moveto
78.62 87.55 78.15 86.83 77.76 86.67 curveto stroke
newpath 77.76 86.67 moveto
77.42 86.45 77.05 86.27 76.74 86.02 curveto
76.5 85.83 76.31 85.58 76.12 85.34 curveto
75.2 84.2 73.98 83.27 72.99 82.19 curveto
72.8 81.97 72.64 81.72 72.43 81.51 curveto
70.94 80.01 68.82 79 67.48 77.28 curveto
65.17 74.33 63.08 70.43 59.48 68.8 curveto stroke
newpath 59.48 68.8 moveto
58.34 68.24 57.05 67.08 55.58 66.42 curveto
55.21 66.25 54.2 65.94 54.11 66.49 curveto
54.09 66.56 54.07 66.63 54.06 66.7 curveto
54.04 66.78 54.02 66.87 54 66.95 curveto
53.99 67.02 53.99 67.08 53.98 67.14 curveto
53.97 67.21 53.95 67.27 53.95 67.34 curveto
53.94 67.42 53.95 67.51 53.95 67.59 curveto
53.95 67.66 53.95 67.74 53.96 67.81 curveto
53.98 67.89 54 67.97 54.03 68.05 curveto
54.12 68.29 lineto
54.14 68.35 54.16 68.41 54.19 68.47 curveto
54.22 68.54 54.25 68.62 54.29 68.69 curveto
54.32 68.76 54.36 68.82 54.4 68.88 curveto
54.85 69.54 55.09 70.33 55.39 71.04 curveto
55.42 71.1 55.45 71.16 55.49 71.21 curveto
55.53 71.28 55.58 71.34 55.62 71.4 curveto
55.89 71.85 56.09 72.83 55.75 73.09 curveto stroke
newpath 55.75 73.09 moveto
55.16 73.47 54.86 74.22 54.29 74.47 curveto
53.39 74.85 51.56 74.5 50.92 75.36 curveto
50.72 75.62 50.85 76.01 50.81 76.33 curveto
51.06 76.52 51.29 76.74 51.56 76.91 curveto
51.92 77.14 52.29 77.37 52.7 77.51 curveto
53 77.62 53.35 77.53 53.65 77.63 curveto
53.93 77.72 54.17 77.91 54.41 78.06 curveto
54.65 78.21 54.91 78.34 55.12 78.53 curveto
55.84 79.15 56.01 80.19 56.4 80.98 curveto
57.01 82.24 58 83.38 58.49 84.73 curveto stroke
newpath 58.49 84.73 moveto
59.53 86.31 59.57 88.82 59.54 91.14 curveto
59.51 92.69 59.03 94.3 59.23 95.87 curveto stroke
newpath 59.23 95.87 moveto
58.95 95.68 59.93 96.97 59.79 98.05 curveto
59.7 98.72 58.48 98.39 58.11 98.77 curveto
57.86 99.03 57.69 99.93 57.62 100.28 curveto stroke
newpath 57.62 100.28 moveto
57.55 100.91 57.19 101.63 56.61 102.11 curveto
56.32 102.36 55.82 102.25 55.55 102.49 curveto
55.44 102.59 55.42 102.75 55.36 102.88 curveto stroke
newpath 55.36 102.88 moveto
54.9 103.83 54.31 105.45 54.67 106.93 curveto
54.82 107.58 55.36 108.08 55.76 108.56 curveto
55.89 108.72 56.01 108.89 56.12 109.06 curveto
56.19 109.15 56.34 109.26 56.29 109.36 curveto
56.23 109.49 56.03 109.46 55.9 109.52 curveto stroke
newpath 55.9 109.52 moveto
56.92 110 57.18 110.77 57.65 111.33 curveto
57.74 111.44 57.84 111.54 57.94 111.63 curveto
58.76 112.4 59.72 113.1 60.49 113.95 curveto
61.11 114.62 61.55 115.46 62.16 116.12 curveto
62.73 116.75 63.58 117.14 64.14 117.79 curveto
64.68 118.43 64.99 119.28 65.55 119.93 curveto
65.65 120.05 65.75 120.17 65.86 120.29 curveto stroke
newpath 65.86 120.29 moveto
65.63 120.84 66.68 121.29 67.41 121.73 curveto
68.26 122.23 69.01 123.09 69.33 124.02 curveto
69.46 124.41 69.69 124.9 69.5 125.31 curveto
69.27 125.81 68.49 126.03 68.14 126.45 curveto
67.75 126.93 67.5 127.56 67.06 128.01 curveto
65.44 129.69 62.72 131.12 62.23 133.63 curveto stroke
newpath 62.23 133.63 moveto
62.25 134.02 62.09 134.41 61.92 134.75 curveto
61.63 135.31 61.43 136.1 61.06 136.6 curveto
60.98 136.71 60.85 136.78 60.73 136.85 curveto
60.38 137.05 59.88 137.35 59.51 137.49 curveto
58.76 137.77 57.96 137.12 57.29 137.17 curveto
56.67 137.21 56.47 138.14 55.97 138.25 curveto
55.22 138.4 54.42 137.47 53.65 137.7 curveto stroke
newpath 53.65 137.7 moveto
53.34 137.71 52.88 138.4 52.86 139.11 curveto stroke
newpath 52.86 139.11 moveto
52.88 139.26 52.95 139.42 52.93 139.57 curveto
52.82 140.11 52.22 140.41 52.07 140.83 curveto
52.02 140.96 52.15 141.09 52.16 141.22 curveto stroke
newpath 52.16 141.22 moveto
52.22 142.22 52.35 143.17 52.22 144.09 curveto
52.09 145.04 51.46 145.9 51.24 146.83 curveto stroke
 0.24501 0 dtransform exch truncate exch idtransform pop setlinewidth
newpath 51.24 146.83 moveto
51.18 147.29 51.12 147.94 51.19 148.3 curveto stroke
 0 0.24501 dtransform truncate idtransform setlinewidth pop
newpath 51.19 148.3 moveto
51.23 148.44 51.34 148.56 51.41 148.68 curveto
52.18 149.68 53.36 150.36 54.11 151.36 curveto stroke
newpath 54.11 151.36 moveto
56.61 152.77 59.35 154.42 61.56 156.54 curveto stroke
newpath 61.56 156.54 moveto
60.43 155.75 60.67 155.74 60.83 155.86 curveto
61.11 156.07 61.27 156.38 61.49 156.64 curveto
61.65 156.82 61.83 157 61.99 157.18 curveto
62.88 158.22 63.27 159.61 63.82 160.79 curveto
63.9 160.96 63.99 161.14 64.1 161.29 curveto stroke
newpath 64.1 161.29 moveto
65.85 162.75 67.93 163.86 70.09 164.3 curveto
71.28 164.55 72.6 164.42 73.77 164.82 curveto
74 164.9 74.25 164.98 74.46 165.11 curveto
74.68 165.26 74.86 165.45 75.04 165.64 curveto
75.42 166.04 76.34 166.93 76.54 167.45 curveto
76.63 167.71 76.62 168 76.58 168.27 curveto
76.53 168.55 76.38 168.8 76.28 169.06 curveto
76.19 169.3 76.1 169.55 76 169.78 curveto
75.7 170.47 74.7 171.69 74.8 172.47 curveto
74.87 173.07 75.92 174.02 76.43 174.26 curveto
76.7 174.39 77 174.43 77.3 174.47 curveto
78.86 174.66 80.56 174.26 82.14 174.32 curveto
82.43 174.33 82.71 174.34 83 174.37 curveto
83.26 174.38 83.53 174.4 83.79 174.44 curveto
84.74 174.59 85.62 175.32 86.58 175.28 curveto stroke
newpath 86.58 175.28 moveto
88.35 175.18 89.8 174.78 90.77 173.8 curveto stroke
newpath 90.77 173.8 moveto
92.08 172.11 92.77 171 93.65 170.42 curveto
93.89 170.27 94.16 170.18 94.38 170 curveto
94.75 169.7 95.12 169.18 95.65 169.16 curveto
96.42 169.11 97.32 169.72 97.96 170.08 curveto stroke
newpath 97.96 170.08 moveto
98.34 170.16 98.65 170.62 99.05 170.9 curveto
100.51 171.9 102.08 173.01 103.07 174.53 curveto
103.42 175.07 103.72 175.69 103.92 176.3 curveto
104.57 178.27 104.07 180.5 104.31 182.52 curveto
104.59 184.79 104.86 187.22 104.44 189.51 curveto
104.43 189.61 104.39 189.71 104.36 189.81 curveto
104.33 189.92 104.29 190.03 104.25 190.14 curveto
104.22 190.23 104.19 190.32 104.15 190.41 curveto
103.41 191.85 102.02 193.17 100.56 193.81 curveto
100.48 193.85 100.39 193.88 100.31 193.91 curveto
100.2 193.94 100.09 193.98 99.98 194 curveto
99.87 194.03 99.76 194.04 99.65 194.06 curveto
99.52 194.07 99.4 194.08 99.28 194.09 curveto
99.2 194.09 99.11 194.09 99.03 194.09 curveto
98.93 194.1 98.84 194.12 98.74 194.13 curveto
98.63 194.15 98.52 194.17 98.41 194.18 curveto
98.3 194.2 98.19 194.22 98.08 194.23 curveto stroke
newpath 98.08 194.23 moveto
98.28 194.3 98.19 194.32 98.11 194.31 curveto
96.8 194.21 94.77 193.55 93.73 192.78 curveto
92.81 192.1 92.07 190.85 91.37 189.96 curveto
90.87 189.34 90.79 188.43 90.52 187.93 curveto stroke
newpath 90.52 187.93 moveto
89.61 186.99 88.14 186.76 86.93 186.48 curveto
85.85 186.23 84.76 185.75 83.84 185.1 curveto
82.21 183.92 81.4 181.84 80.14 180.33 curveto
79.61 179.7 78.67 179.6 77.97 179.29 curveto
76.96 178.84 76.14 177.96 75.12 177.54 curveto
73.44 176.86 71.43 177.24 69.69 177.28 curveto
68.99 177.3 68.11 177.23 67.5 177.71 curveto
66.84 178.23 66.92 179.27 66.83 180 curveto
66.59 181.81 65.95 183.79 66.44 185.61 curveto stroke
newpath 66.44 185.61 moveto
66.72 185.51 66.3 185.33 66.07 185.56 curveto
65.89 185.74 66.15 186.07 66.22 186.32 curveto
66.48 187.3 66.62 188.52 67.39 189.26 curveto
68.9 190.7 71.14 191.38 72.6 192.89 curveto
73.18 193.49 73.43 194.35 73.85 195.05 curveto
74.67 196.43 75.83 197.66 76.99 198.77 curveto
78.42 200.15 80.49 201.53 80.97 203.62 curveto
81.3 205.04 79.48 206.76 78.46 207.63 curveto
78.23 207.82 77.94 207.93 77.74 208.15 curveto
77.37 208.53 77.25 209.09 76.95 209.46 curveto
76.79 209.66 76.6 209.83 76.39 209.96 curveto
75.45 210.48 74.39 210.91 73.52 211.58 curveto
72.85 212.1 72.36 212.87 71.67 213.39 curveto
71.46 213.54 71.25 213.71 71.04 213.86 curveto
70.82 214.02 70.61 214.2 70.37 214.33 curveto
69.76 214.64 68.74 215.11 68.05 215.17 curveto
66.1 215.36 64.42 213.23 63.56 211.75 curveto
62.97 210.73 62.62 209.52 61.94 208.54 curveto
61.08 207.32 59.87 206.2 58.5 205.57 curveto
57.5 205.1 55.54 204.72 55.46 203.33 curveto
55.31 200.82 56.78 198.45 57.68 196.24 curveto
57.77 196.02 57.88 195.81 57.92 195.57 curveto
58.1 194.65 57.88 193.67 57.97 192.75 curveto
58.08 191.46 58.88 190.24 59.03 188.92 curveto
59.06 188.61 59.07 188.3 59.1 187.99 curveto
59.12 187.75 59.16 187.5 59.17 187.26 curveto
59.17 187.02 59.14 186.77 58.68 186.6 curveto stroke
newpath 58.68 186.6 moveto
58.61 185.8 58.6 184.84 58.26 184.09 curveto
57.72 182.94 56.44 182.13 56.02 180.87 curveto
55.57 179.56 55.4 178.13 55.31 176.76 curveto
55.3 176.5 55.32 176.23 55.23 175.99 curveto
54.82 174.94 53.54 174.26 52.74 173.58 curveto
51.7 172.69 50.8 171.51 49.55 170.38 curveto stroke
newpath 49.55 170.38 moveto
49.16 169 48.84 167.47 48.2 166.18 curveto
47.63 165.01 46.5 163.85 46.36 162.5 curveto
46.16 160.56 48.2 158.91 48.62 157.07 curveto
48.67 156.85 48.7 156.62 48.73 156.4 curveto
48.75 156.2 48.84 155.99 48.78 155.79 curveto
48.5 154.76 46.67 154.94 45.92 154.33 curveto
45.21 153.75 44.38 152.34 44.38 151.41 curveto
44.38 150.58 44.89 149.76 44.84 149.19 curveto stroke
newpath 44.84 149.19 moveto
45.67 148.25 46.85 147.49 47.42 146.33 curveto
47.5 146.16 47.58 146 47.68 145.78 curveto stroke
newpath 47.68 145.78 moveto
47.16 144.97 46.94 143.59 46.26 142.92 curveto
45.47 142.15 44.27 141.46 43.94 140.29 curveto
43.73 139.52 44.12 138.62 44.61 138.06 curveto
44.7 137.96 44.79 137.86 44.89 137.78 curveto
45.03 137.68 45.18 137.59 45.34 137.51 curveto stroke
newpath 45.34 137.51 moveto
45.71 137.09 45.94 136.49 46.21 136.21 curveto stroke
newpath 46.21 136.21 moveto
46.25 136.07 46.29 135.93 46.31 135.78 curveto
46.32 135.62 46.33 135.45 46.31 135.28 curveto
46.29 135.11 46.24 134.96 46.19 134.8 curveto
45.71 133.45 43.84 132.52 43.81 130.98 curveto
43.94 130.07 45.01 129.47 45.26 129.07 curveto stroke
newpath 45.26 129.07 moveto
45.4 129.03 45.55 128.98 45.69 128.93 curveto
47.26 128.43 48.98 129.81 50.47 130.28 curveto
50.62 130.33 50.77 130.36 50.92 130.38 curveto
51.94 130.54 53.23 130.11 53.86 129.28 curveto
53.95 129.15 54.05 129.02 53.96 129.13 curveto stroke
newpath 53.96 129.13 moveto
54 128.94 54.8 125.09 52.93 122.54 curveto
50.82 119.65 53.81 115.14 54.06 114.79 curveto stroke
newpath 54.06 114.79 moveto
54.08 114.67 54.04 114.92 54.06 114.79 curveto
54.14 114.26 54.93 113.68 54.73 112.94 curveto
54.4 111.76 53.77 111.86 53.24 111.45 curveto stroke
newpath 53.24 111.45 moveto
52.44 110.96 51.67 110.35 50.82 109.92 curveto
50.7 109.87 50.59 109.8 50.49 109.73 curveto
50.39 109.66 50.3 109.58 50.21 109.51 curveto
50.12 109.43 50.01 109.38 49.95 109.29 curveto
49.87 109.15 49.87 108.98 49.82 108.82 curveto
49.76 108.62 49.69 108.42 49.44 108.31 curveto stroke
newpath 49.44 108.31 moveto
49.41 108.19 49.36 108.07 49.36 107.95 curveto
49.37 107.83 49.43 107.72 49.46 107.61 curveto
49.49 107.47 49.52 107.34 49.57 107.2 curveto
49.61 107.08 49.65 106.95 49.71 106.83 curveto
50.05 106.1 50.2 105.22 50.61 104.53 curveto
51.05 103.8 51.76 103.24 52.24 102.55 curveto
52.33 102.43 52.41 102.3 52.47 102.17 curveto stroke
newpath 52.47 102.17 moveto
52.46 101.69 52.29 101.24 52.49 100.95 curveto
52.95 100.24 53.78 99.4 53.62 98.45 curveto
53.6 98.38 53.58 98.31 53.56 98.25 curveto
53.54 98.17 53.52 98.1 53.5 98.02 curveto
53.47 97.93 53.43 97.84 53.39 97.76 curveto
53.11 97.1 52.77 96.44 52.45 95.8 curveto
52.13 95.16 52.02 94.42 51.71 93.81 curveto
50.87 92.12 49.42 90.69 48.68 88.92 curveto
48.24 87.88 47.86 86.78 47.49 85.71 curveto
47.11 84.58 46.68 82.97 46.34 82.52 curveto stroke
newpath 46.34 82.52 moveto
44.98 80.93 43.73 79.11 42.11 77.76 curveto
39.83 75.83 36.95 74.41 34.95 72.16 curveto
33.8 70.87 33.3 69.08 32.79 67.49 curveto
32.51 66.63 31.7 65.36 31.83 64.41 curveto
31.86 64.14 32.11 63.93 32.26 63.69 curveto
33.34 63.79 34.56 63.88 35.51 64.46 curveto
36.79 65.26 37.47 66.87 38.69 67.78 curveto
38.98 67.99 39.27 68.21 39.58 68.41 curveto stroke
newpath 39.58 68.41 moveto
40.56 69.15 41.45 69.91 41.9 70.66 curveto
41.94 70.74 41.98 70.83 42.02 70.92 curveto
42.55 72.11 43.68 73.83 45.21 73.77 curveto
46.32 73.07 46.37 71.88 46.53 70.85 curveto
46.68 69.9 46.2 68.82 46.05 68.65 curveto stroke
newpath 57.92 136.04 moveto
57.36 134.29 56.79 132.48 56.13 130.75 curveto
57.38 131.88 58.71 133.02 59.84 134.29 curveto
60.16 134.65 60.49 135.04 60.77 135.43 curveto
60.85 135.55 61.11 135.72 61 135.81 curveto
60.85 135.93 60.61 135.75 60.41 135.72 curveto stroke
newpath 60.41 135.72 moveto
59.3 135.33 58.5 135.74 57.92 136.04 curveto stroke
newpath 50.01 144.09 moveto
49.33 142.91 48.75 141.59 48.42 140.25 curveto
48.59 140.22 48.75 140.14 48.92 140.14 curveto
49.08 140.14 49.25 140.19 49.4 140.25 curveto
49.54 140.31 49.69 140.38 49.81 140.48 curveto
49.91 140.57 49.98 140.7 50.07 140.81 curveto
50.15 140.93 50.22 141.05 50.31 141.16 curveto
50.79 141.79 51.75 142.9 51.38 143.81 curveto
51.17 144.35 50.3 144.37 49.89 144.2 curveto stroke
showpage
%%EOF
