%!PS
%%BoundingBox: -43 -140 44 140 
%%HiResBoundingBox: -42.34503 -139.27667 43.1697 139.27667 
%%Creator: MetaPost 1.209
%%CreationDate: 2018.11.10:1625
%%Pages: 1
%%BeginProlog
%%EndProlog
%%Page: 1 1
 0 0 0 setrgbcolor 0 0.33333 dtransform truncate idtransform setlinewidth pop
 [] 0 setdash 1 setlinejoin 10 setmiterlimit
newpath -3.07 -21.18 moveto
-3.07 -21.18 -2.46 -21.13 -2.06 -21.18 curveto
-1.65 -21.24 -1 -21.59 -1.15 -22.04 curveto
-1.3 -22.5 -2.26 -24.12 -2.77 -24.42 curveto
-3.27 -24.72 -4.64 -25.73 -4.64 -25.73 curveto
-5.24 -26.79 lineto
-5.65 -26.69 lineto
-5.65 -26.69 -5.34 -25.83 -5.24 -25.28 curveto
-5.14 -24.72 -4.48 -24.06 -4.08 -23.26 curveto
-3.67 -22.45 -3.07 -21.18 -3.07 -21.18 curveto closepath stroke
 0 0 1 setrgbcolor 0 0.23332 dtransform truncate idtransform setlinewidth pop
newpath -3.07 -21.18 moveto
-3.07 -21.18 -2.46 -21.13 -2.06 -21.18 curveto
-1.65 -21.24 -1 -21.59 -1.15 -22.04 curveto
-1.3 -22.5 -2.26 -24.12 -2.77 -24.42 curveto
-3.27 -24.72 -4.64 -25.73 -4.64 -25.73 curveto
-5.24 -26.79 lineto
-5.65 -26.69 lineto
-5.65 -26.69 -5.34 -25.83 -5.24 -25.28 curveto
-5.14 -24.72 -4.48 -24.06 -4.08 -23.26 curveto
-3.67 -22.45 -3.07 -21.18 -3.07 -21.18 curveto closepath stroke
 1 0 0 setrgbcolor
newpath -3.06 -21.2 moveto
-3.06 -21.2 -2.45 -21.15 -2.05 -21.2 curveto
-1.64 -21.25 -0.99 -21.6 -1.14 -22.06 curveto
-1.29 -22.51 -2.25 -24.13 -2.76 -24.43 curveto
-3.26 -24.73 -4.62 -25.75 -4.62 -25.75 curveto
-5.23 -26.81 lineto
-5.63 -26.71 lineto
-5.63 -26.71 -5.33 -25.85 -5.23 -25.29 curveto
-5.13 -24.73 -4.47 -24.08 -4.07 -23.27 curveto
-3.67 -22.46 -3.06 -21.2 -3.06 -21.2 curveto closepath stroke
 0 0 0 setrgbcolor 0 0.33333 dtransform truncate idtransform setlinewidth pop
newpath 33.3 79.26 moveto
33.3 79.26 32.75 79.56 32.85 79.92 curveto
32.95 80.27 32.85 80.83 33.05 81.13 curveto
33.25 81.43 33.71 81.94 33.86 82.34 curveto
34.01 82.75 34.77 83.86 35.12 84.21 curveto
35.48 84.56 35.98 84.36 36.18 84.87 curveto
36.38 85.37 36.49 86.08 36.84 86.08 curveto
37.19 86.08 37.65 85.82 37.65 85.82 curveto
37.65 85.82 37.34 85.22 37.49 84.81 curveto
37.65 84.41 37.29 83.3 36.99 82.9 curveto
36.69 82.49 35.93 81.84 35.68 81.43 curveto
35.42 81.03 34.62 80.07 34.26 79.77 curveto
33.91 79.46 33.3 79.26 33.3 79.26 curveto closepath stroke
 0 0 1 setrgbcolor 0 0.23332 dtransform truncate idtransform setlinewidth pop
newpath 33.3 79.26 moveto
33.3 79.26 32.75 79.56 32.85 79.92 curveto
32.95 80.27 32.85 80.83 33.05 81.13 curveto
33.25 81.43 33.71 81.94 33.86 82.34 curveto
34.01 82.75 34.77 83.86 35.12 84.21 curveto
35.48 84.56 35.98 84.36 36.18 84.87 curveto
36.38 85.37 36.49 86.08 36.84 86.08 curveto
37.19 86.08 37.65 85.82 37.65 85.82 curveto
37.65 85.82 37.34 85.22 37.49 84.81 curveto
37.65 84.41 37.29 83.3 36.99 82.9 curveto
36.69 82.49 35.93 81.84 35.68 81.43 curveto
35.43 81.03 34.62 80.07 34.26 79.77 curveto
33.91 79.46 33.3 79.26 33.3 79.26 curveto closepath stroke
 1 0 0 setrgbcolor
newpath 33.3 79.27 moveto
33.3 79.27 32.75 79.58 32.85 79.93 curveto
32.95 80.28 32.85 80.84 33.05 81.14 curveto
33.25 81.45 33.7 81.95 33.86 82.36 curveto
34.01 82.76 34.77 83.87 35.12 84.23 curveto
35.47 84.58 35.98 84.38 36.18 84.88 curveto
36.38 85.39 36.48 86.1 36.84 86.1 curveto
37.19 86.1 37.65 85.84 37.65 85.84 curveto
37.65 85.84 37.34 85.24 37.49 84.83 curveto
37.65 84.43 37.29 83.32 36.99 82.91 curveto
36.69 82.51 35.93 81.85 35.68 81.45 curveto
35.42 81.04 34.61 80.08 34.26 79.78 curveto
33.91 79.48 33.3 79.27 33.3 79.27 curveto closepath stroke
 0 0 0 setrgbcolor 0 0.33333 dtransform truncate idtransform setlinewidth pop
newpath 33.45 71.73 moveto
33.45 71.73 34.01 71.03 34.01 70.77 curveto
34.01 70.52 33.25 70.67 33.25 70.67 curveto
32.9 71.08 lineto
32.95 71.73 lineto
 closepath stroke
 0 0 1 setrgbcolor 0 0.23332 dtransform truncate idtransform setlinewidth pop
newpath 33.45 71.73 moveto
33.45 71.73 34.01 71.03 34.01 70.77 curveto
34.01 70.52 33.25 70.67 33.25 70.67 curveto
32.9 71.08 lineto
32.95 71.73 lineto
 closepath stroke
 1 0 0 setrgbcolor
newpath 33.45 71.74 moveto
33.45 71.74 34.01 71.04 34.01 70.78 curveto
34.01 70.53 33.25 70.68 33.25 70.68 curveto
32.9 71.09 lineto
32.95 71.74 lineto
 closepath stroke
 0 0 0 setrgbcolor 0 0.33333 dtransform truncate idtransform setlinewidth pop
newpath 33.05 68.45 moveto
33.45 68.45 lineto
34.01 68.05 lineto
33.91 67.39 lineto
33.91 67.39 33.15 66.73 32.74 67.44 curveto
32.69 67.54 33.05 68.45 33.05 68.45 curveto closepath stroke
 0 0 1 setrgbcolor 0 0.23332 dtransform truncate idtransform setlinewidth pop
newpath 33.05 68.45 moveto
33.45 68.45 lineto
34.01 68.05 lineto
33.91 67.39 lineto
33.91 67.39 33.15 66.73 32.74 67.44 curveto
32.69 67.54 33.05 68.45 33.05 68.45 curveto closepath stroke
 1 0 0 setrgbcolor
newpath 33.05 68.46 moveto
33.46 68.46 lineto
34.01 68.06 lineto
33.91 67.4 lineto
33.91 67.4 33.15 66.74 32.75 67.45 curveto
32.69 67.55 33.05 68.46 33.05 68.46 curveto closepath stroke
 0 0 0 setrgbcolor 0 0.33333 dtransform truncate idtransform setlinewidth pop
 1 setlinecap
newpath -30.92 -134.66 moveto
-29.82 -133.54 -28.29 -131.12 -26.95 -129.96 curveto
-25.61 -128.79 -21.56 -123.99 -20.9 -122.88 curveto
-20.23 -121.76 -18.45 -117.09 -17.59 -115.88 curveto
-16.73 -114.68 -14.49 -106.33 -14.44 -105.08 curveto
-14.39 -103.84 -15.49 -97.37 -15.58 -94.49 curveto
-15.68 -91.61 -14.74 -82.45 -14.6 -81.11 curveto
-14.45 -79.77 -11.55 -70.63 -11.12 -68.85 curveto
-10.68 -67.08 -9.05 -63.28 -10.83 -62.56 curveto
-12.6 -61.84 -15.43 -60.84 -14.52 -59.35 curveto
-13.61 -57.86 -13.66 -55.65 -14.18 -54.93 curveto
-14.71 -54.21 -15.62 -51.33 -15 -50.27 curveto
-14.38 -49.22 -13.13 -46.72 -12.5 -45.57 curveto
-11.88 -44.42 -9.14 -42.16 -7.9 -40.62 curveto
-6.65 -39.09 -2.09 -34.82 -1.03 -33.43 curveto
0.02 -32.04 4.73 -26.81 5.45 -25.47 curveto
6.17 -24.12 6.65 -21.34 8.19 -20.62 curveto
9.72 -19.9 12.22 -18.8 12.9 -18.52 curveto stroke
 0 0 1 setrgbcolor 0 0.23332 dtransform truncate idtransform setlinewidth pop
newpath -30.92 -134.66 moveto
-29.82 -133.54 -28.29 -131.12 -26.95 -129.96 curveto
-25.61 -128.79 -21.56 -123.99 -20.9 -122.88 curveto
-20.23 -121.76 -18.45 -117.09 -17.59 -115.88 curveto
-16.73 -114.68 -14.49 -106.33 -14.44 -105.08 curveto
-14.39 -103.84 -15.49 -97.37 -15.58 -94.49 curveto
-15.68 -91.61 -14.74 -82.45 -14.6 -81.11 curveto
-14.45 -79.77 -11.55 -70.63 -11.12 -68.85 curveto
-10.68 -67.08 -9.05 -63.28 -10.83 -62.56 curveto
-12.6 -61.84 -15.43 -60.84 -14.52 -59.35 curveto
-13.61 -57.86 -13.66 -55.65 -14.18 -54.93 curveto
-14.71 -54.21 -15.62 -51.33 -15 -50.27 curveto
-14.38 -49.22 -13.13 -46.72 -12.5 -45.57 curveto
-11.88 -44.42 -9.14 -42.16 -7.9 -40.62 curveto
-6.65 -39.09 -2.09 -34.82 -1.03 -33.43 curveto
0.02 -32.04 4.73 -26.81 5.45 -25.47 curveto
6.17 -24.12 6.65 -21.34 8.19 -20.62 curveto
9.72 -19.9 12.22 -18.8 12.9 -18.52 curveto stroke
 1 0 0 setrgbcolor
newpath -30.99 -134.55 moveto
-29.89 -133.45 -28.35 -131.05 -27.01 -129.9 curveto
-25.67 -128.74 -21.59 -123.99 -20.92 -122.89 curveto
-20.24 -121.78 -18.42 -117.13 -17.56 -115.92 curveto
-16.69 -114.72 -14.44 -106.37 -14.39 -105.12 curveto
-14.34 -103.87 -15.45 -97.39 -15.55 -94.51 curveto
-15.64 -91.63 -14.71 -82.48 -14.57 -81.13 curveto
-14.42 -79.79 -11.52 -70.65 -11.09 -68.88 curveto
-10.66 -67.1 -9.02 -63.31 -10.8 -62.59 curveto
-12.58 -61.87 -15.41 -60.86 -14.5 -59.37 curveto
-13.59 -57.88 -13.64 -55.67 -14.16 -54.95 curveto
-14.69 -54.23 -15.6 -51.35 -14.98 -50.3 curveto
-14.36 -49.24 -13.11 -46.74 -12.49 -45.59 curveto
-11.86 -44.44 -9.13 -42.18 -7.88 -40.65 curveto
-6.63 -39.11 -2.07 -34.84 -1.01 -33.44 curveto
0.04 -32.05 4.74 -26.82 5.46 -25.47 curveto
6.18 -24.13 6.66 -21.34 8.2 -20.62 curveto
9.74 -19.9 12.23 -18.8 12.9 -18.51 curveto stroke
 0 0 0 setrgbcolor 0 0.33333 dtransform truncate idtransform setlinewidth pop
newpath -12.45 -24.16 moveto
-13.03 -25.79 -18.6 -31.84 -20.13 -33.37 curveto
-21.67 -34.91 -26.67 -44.12 -28.88 -49.69 curveto
-31.09 -55.26 -33.58 -59.58 -34.25 -61.6 curveto
-34.93 -63.62 -29.45 -69.09 -28.88 -70.82 curveto
-28.3 -72.55 -28.59 -80.13 -28.59 -82.63 curveto
-28.59 -85.13 -33.02 -96.46 -33.69 -98.38 curveto
-34.37 -100.3 -34.67 -105.69 -34.48 -108.19 curveto
-34.29 -110.7 -37.82 -115.95 -39.63 -118.76 curveto
-41.45 -121.57 -42.5 -129.16 -42.09 -130.58 curveto
-41.73 -131.78 -40 -137.86 -39.99 -139.11 curveto stroke
 0 0 1 setrgbcolor 0 0.23332 dtransform truncate idtransform setlinewidth pop
newpath -12.45 -24.16 moveto
-13.03 -25.79 -18.6 -31.84 -20.13 -33.37 curveto
-21.67 -34.91 -26.67 -44.12 -28.88 -49.69 curveto
-31.08 -55.26 -33.58 -59.58 -34.25 -61.6 curveto
-34.93 -63.62 -29.45 -69.09 -28.88 -70.82 curveto
-28.3 -72.55 -28.59 -80.13 -28.59 -82.63 curveto
-28.59 -85.13 -33.02 -96.46 -33.69 -98.38 curveto
-34.37 -100.3 -34.67 -105.69 -34.48 -108.19 curveto
-34.29 -110.7 -37.82 -115.95 -39.63 -118.76 curveto
-41.45 -121.57 -42.5 -129.16 -42.09 -130.58 curveto
-41.73 -131.78 -40 -137.86 -39.99 -139.11 curveto stroke
 1 0 0 setrgbcolor
newpath -12.44 -24.18 moveto
-13.02 -25.81 -18.59 -31.86 -20.12 -33.4 curveto
-21.66 -34.94 -26.65 -44.16 -28.85 -49.72 curveto
-31.06 -55.29 -33.56 -59.62 -34.23 -61.63 curveto
-34.9 -63.65 -29.43 -69.12 -28.85 -70.85 curveto
-28.27 -72.58 -28.56 -80.16 -28.56 -82.66 curveto
-28.56 -85.15 -32.97 -96.49 -33.64 -98.41 curveto
-34.32 -100.33 -34.6 -105.7 -34.41 -108.2 curveto
-34.22 -110.7 -37.75 -115.9 -39.57 -118.69 curveto
-41.4 -121.47 -42.5 -129 -42.1 -130.41 curveto
-41.75 -131.61 -40.07 -137.68 -40.07 -138.93 curveto stroke
 0 0 0 setrgbcolor 0 0.33333 dtransform truncate idtransform setlinewidth pop
newpath 13.54 -11.07 moveto
13.2 -11.55 11.76 -12.99 11.33 -13.23 curveto
10.89 -13.47 9.16 -15.15 9.31 -14.19 curveto
9.46 -13.23 9.85 -11.11 9.13 -10.1 curveto
8.42 -9.09 7.65 -7.98 6.6 -7.4 curveto
5.54 -6.82 3.15 -5.85 4.68 -5.09 curveto
6.22 -4.32 10.15 -0.47 10.77 0.06 curveto
11.39 0.59 16.37 4.09 16.9 4.71 curveto
17.43 5.33 25.09 10.7 25.86 11.8 curveto
26.63 12.9 28.16 15.01 29.17 15.44 curveto
30.17 15.88 34.3 17.51 34.68 18.37 curveto
35.06 19.24 36.55 22.26 36.84 22.79 curveto
37.13 23.32 38.9 25.14 36.55 24.8 curveto
34.2 24.47 32.71 24.42 31.95 23.36 curveto
31.18 22.31 29.98 21.49 29.55 21.44 curveto
29.12 21.4 28.78 21.06 28.83 22.88 curveto
28.87 24.71 29.06 27.3 29.01 28.02 curveto
28.97 28.74 29.63 34.88 30.21 36.99 curveto
30.78 39.1 30.73 43.85 31.31 45.1 curveto
31.89 46.35 34.96 49.8 35.39 50.43 curveto
35.82 51.05 36.69 52.25 36.88 52.66 curveto
37.07 53.07 38.03 54.12 38.22 54.32 curveto
38.41 54.51 39.76 56.48 37.96 55.54 curveto
37.32 55.21 36.97 54.94 36.9 55.47 curveto
36.83 56 36.66 57 36.88 57.44 curveto
37.09 57.87 37.91 59.09 38.01 59.38 curveto
38.1 59.67 38.17 60.32 38.27 60.63 curveto
38.37 60.94 38.53 61.78 37.89 61.49 curveto
37.67 61.4 37.38 61.37 37.62 61.59 curveto
37.86 61.8 38.15 62.45 38.46 62.93 curveto
38.77 63.41 39.59 64.16 39.35 64.59 curveto
39.11 65.02 39.21 65.19 38.73 65.12 curveto
38.25 65.04 37.43 65.31 37.48 65.72 curveto
37.53 66.12 38.01 67.16 37.96 67.61 curveto
37.91 68.07 38.08 70.76 38.25 71.52 curveto
38.42 72.29 39.64 78.34 39.76 79.03 curveto
39.88 79.73 40.36 82.82 40.36 83.35 curveto
40.36 83.88 40.34 85.65 40.87 85.48 curveto
41.39 85.32 42.55 85.48 42.69 86.11 curveto
42.83 86.73 43.03 87.47 43 88.07 curveto
42.98 88.67 42.38 89.39 41.39 88.82 curveto
40.41 88.24 39.55 88.17 39.31 88.19 curveto
39.07 88.22 38.59 88.36 39.04 88.94 curveto
39.5 89.51 40.43 90.93 40.65 91.12 curveto
40.87 91.31 41.23 92.01 40.55 91.67 curveto
39.88 91.34 39.35 91.34 39.64 91.89 curveto
39.93 92.44 40.07 92.95 40.48 93.38 curveto
40.89 93.81 41.13 93.88 41.11 94.03 curveto
41.08 94.17 41.03 94.46 40.36 94.19 curveto
39.69 93.93 39.04 93.43 39.02 93.93 curveto
38.99 94.43 39.16 94.87 39.74 95.42 curveto
40.31 95.97 40.41 97.15 40.53 97.6 curveto
40.65 98.06 41.03 98.8 40.72 98.71 curveto
40.41 98.61 39.71 98.18 39.19 98.56 curveto
38.66 98.95 38.06 99.28 37.58 99.76 curveto
37.1 100.24 36.59 100.39 35.97 100.82 curveto
35.35 101.25 35.23 101.3 35.15 101.88 curveto
35.08 102.45 35.35 104.78 35.44 105.12 curveto
35.54 105.45 35.59 106.99 34.91 105.74 curveto
34.24 104.49 33.64 103.53 33.57 103.34 curveto
33.5 103.15 33.04 103.03 32.66 103.53 curveto
32.27 104.04 32.35 106.01 32.49 106.32 curveto
32.63 106.63 32.73 107.33 32.87 107.71 curveto
33.02 108.09 33.23 109.05 32.18 108.29 curveto
31.12 107.52 31.55 107.71 31.48 107.01 curveto
31.41 106.32 31.34 105.48 31.36 105.38 curveto
31.39 105.29 31.29 105.05 31.29 105.05 curveto
31.29 105.05 31.03 105.17 30.57 105.6 curveto
30.11 106.03 30.02 106.97 30.11 107.54 curveto
30.21 108.12 30.45 109.92 30.62 110.11 curveto
30.79 110.3 30.86 111 30.33 110.45 curveto
29.8 109.89 29.56 109.73 29.35 109.39 curveto
29.13 109.05 28.72 107.9 28.72 107.9 curveto
28.72 107.9 28.36 107.42 27.98 107.83 curveto
27.59 108.24 27.9 108.62 28.03 109.22 curveto
28.15 109.82 27.76 110.98 28.1 111.31 curveto
28.43 111.65 28.72 112.18 28.6 112.42 curveto
28.48 112.66 28.07 113.23 27.76 112.44 curveto
27.45 111.65 27.04 110.38 26.99 110.28 curveto
26.94 110.18 26.46 109.63 25.94 110.14 curveto
25.41 110.64 25.12 111.41 25.5 111.74 curveto
25.89 112.08 26.27 113.4 26.39 113.62 curveto
26.51 113.83 26.63 115.18 25.74 114.36 curveto
24.86 113.54 24.71 113.16 24.47 112.78 curveto
24.23 112.39 24.02 111.65 23.75 112.56 curveto
23.49 113.47 23.39 114.14 23.75 114.41 curveto
24.11 114.67 24.23 115.18 24.38 115.42 curveto
24.52 115.66 24.93 116.6 23.58 115.66 curveto
23.18 115.37 22.98 114.94 22.7 114.82 curveto
22.41 114.7 21.74 114.17 22.24 115.15 curveto
22.74 116.14 23.42 116.71 23.37 117.07 curveto
23.32 117.43 23.42 117.82 23.18 118.1 curveto
22.94 118.39 22.84 117.96 22.48 117.48 curveto
22.12 117 21.74 116.38 21.42 116.42 curveto
21.11 116.47 20.8 116.59 20.58 117.29 curveto
20.37 117.98 20.51 119.19 20.92 120.1 curveto
21.33 121.01 21.81 123.03 21.57 123.6 curveto
21.33 124.18 21.88 124.51 22.12 125.43 curveto
22.36 126.34 22.91 127.27 22.29 128.19 curveto
21.66 129.1 21.64 131.33 21.18 132.24 curveto
20.73 133.15 19.48 134.28 18.98 134.74 curveto
18.47 135.2 17.9 136.88 17.56 137.21 curveto
17.22 137.55 16.1 139.11 16.1 139.11 curveto stroke
 0 0 1 setrgbcolor 0 0.23332 dtransform truncate idtransform setlinewidth pop
newpath 13.54 -11.07 moveto
13.2 -11.55 11.76 -12.99 11.33 -13.23 curveto
10.89 -13.47 9.16 -15.15 9.31 -14.19 curveto
9.46 -13.23 9.85 -11.11 9.13 -10.1 curveto
8.42 -9.09 7.65 -7.98 6.6 -7.4 curveto
5.54 -6.82 3.14 -5.85 4.68 -5.09 curveto
6.22 -4.32 10.15 -0.47 10.77 0.06 curveto
11.39 0.59 16.37 4.09 16.9 4.71 curveto
17.43 5.33 25.09 10.7 25.86 11.8 curveto
26.63 12.9 28.16 15.01 29.17 15.44 curveto
30.17 15.88 34.3 17.51 34.68 18.37 curveto
35.06 19.24 36.55 22.26 36.84 22.79 curveto
37.13 23.32 38.9 25.14 36.55 24.8 curveto
34.2 24.47 32.71 24.42 31.95 23.36 curveto
31.18 22.31 29.98 21.49 29.55 21.44 curveto
29.12 21.4 28.78 21.06 28.83 22.88 curveto
28.87 24.71 29.06 27.3 29.01 28.02 curveto
28.97 28.74 29.63 34.88 30.21 36.99 curveto
30.78 39.1 30.73 43.85 31.31 45.1 curveto
31.89 46.35 34.96 49.8 35.39 50.43 curveto
35.82 51.05 36.69 52.25 36.88 52.66 curveto
37.07 53.07 38.03 54.12 38.22 54.32 curveto
38.41 54.51 39.76 56.48 37.96 55.54 curveto
37.32 55.21 36.97 54.94 36.9 55.47 curveto
36.83 56 36.66 57 36.88 57.44 curveto
37.1 57.87 37.91 59.09 38.01 59.38 curveto
38.1 59.67 38.17 60.32 38.27 60.63 curveto
38.37 60.94 38.53 61.78 37.89 61.49 curveto
37.67 61.4 37.38 61.37 37.62 61.59 curveto
37.86 61.8 38.15 62.45 38.46 62.93 curveto
38.77 63.41 39.59 64.16 39.35 64.59 curveto
39.11 65.02 39.21 65.19 38.73 65.12 curveto
38.25 65.04 37.43 65.31 37.48 65.72 curveto
37.53 66.12 38.01 67.16 37.96 67.61 curveto
37.91 68.07 38.08 70.76 38.25 71.52 curveto
38.42 72.29 39.64 78.34 39.76 79.03 curveto
39.88 79.73 40.36 82.82 40.36 83.35 curveto
40.36 83.88 40.34 85.65 40.87 85.48 curveto
41.39 85.32 42.55 85.48 42.69 86.11 curveto
42.83 86.73 43.03 87.47 43 88.07 curveto
42.98 88.67 42.38 89.39 41.39 88.82 curveto
40.41 88.24 39.55 88.17 39.31 88.19 curveto
39.07 88.22 38.59 88.36 39.04 88.94 curveto
39.5 89.51 40.43 90.93 40.65 91.12 curveto
40.87 91.31 41.23 92.01 40.55 91.67 curveto
39.88 91.34 39.35 91.34 39.64 91.89 curveto
39.93 92.44 40.07 92.95 40.48 93.38 curveto
40.89 93.81 41.13 93.88 41.11 94.03 curveto
41.08 94.17 41.03 94.46 40.36 94.19 curveto
39.69 93.93 39.04 93.43 39.02 93.93 curveto
39 94.43 39.16 94.87 39.74 95.42 curveto
40.31 95.97 40.41 97.15 40.53 97.6 curveto
40.65 98.06 41.04 98.8 40.72 98.71 curveto
40.41 98.61 39.72 98.18 39.19 98.56 curveto
38.66 98.95 38.06 99.28 37.58 99.76 curveto
37.1 100.24 36.6 100.39 35.97 100.82 curveto
35.35 101.25 35.23 101.3 35.15 101.88 curveto
35.08 102.45 35.35 104.78 35.44 105.12 curveto
35.54 105.45 35.59 106.99 34.92 105.74 curveto
34.24 104.49 33.64 103.53 33.57 103.34 curveto
33.5 103.15 33.04 103.03 32.66 103.53 curveto
32.27 104.04 32.35 106.01 32.49 106.32 curveto
32.63 106.63 32.73 107.33 32.87 107.71 curveto
33.02 108.09 33.24 109.05 32.18 108.29 curveto
31.12 107.52 31.55 107.71 31.48 107.01 curveto
31.41 106.32 31.34 105.48 31.36 105.38 curveto
31.39 105.29 31.29 105.05 31.29 105.05 curveto
31.29 105.05 31.03 105.17 30.57 105.6 curveto
30.11 106.03 30.02 106.97 30.11 107.54 curveto
30.21 108.12 30.45 109.92 30.62 110.11 curveto
30.79 110.3 30.86 111 30.33 110.45 curveto
29.8 109.89 29.56 109.73 29.35 109.39 curveto
29.13 109.05 28.72 107.9 28.72 107.9 curveto
28.72 107.9 28.36 107.42 27.98 107.83 curveto
27.59 108.24 27.91 108.62 28.03 109.22 curveto
28.15 109.82 27.76 110.97 28.1 111.31 curveto
28.43 111.65 28.72 112.17 28.6 112.41 curveto
28.48 112.65 28.07 113.23 27.76 112.44 curveto
27.45 111.65 27.04 110.37 26.99 110.28 curveto
26.95 110.18 26.47 109.63 25.94 110.13 curveto
25.41 110.64 25.12 111.41 25.51 111.74 curveto
25.89 112.08 26.27 113.4 26.39 113.62 curveto
26.51 113.83 26.63 115.18 25.75 114.36 curveto
24.86 113.54 24.71 113.16 24.47 112.78 curveto
24.23 112.39 24.02 111.65 23.75 112.56 curveto
23.49 113.47 23.39 114.14 23.75 114.41 curveto
24.11 114.67 24.23 115.18 24.38 115.42 curveto
24.52 115.66 24.93 116.6 23.59 115.66 curveto
23.18 115.37 22.98 114.94 22.7 114.82 curveto
22.41 114.7 21.74 114.17 22.24 115.15 curveto
22.75 116.14 23.42 116.71 23.37 117.07 curveto
23.32 117.43 23.42 117.82 23.18 118.1 curveto
22.94 118.39 22.84 117.96 22.48 117.48 curveto
22.12 117 21.74 116.38 21.42 116.42 curveto
21.11 116.47 20.8 116.59 20.58 117.29 curveto
20.37 117.98 20.51 119.18 20.92 120.1 curveto
21.33 121.01 21.81 123.03 21.57 123.6 curveto
21.33 124.18 21.88 124.51 22.12 125.43 curveto
22.36 126.34 22.91 127.27 22.29 128.19 curveto
21.67 129.1 21.64 131.33 21.19 132.24 curveto
20.73 133.15 19.48 134.28 18.98 134.74 curveto
18.47 135.19 17.9 136.87 17.56 137.21 curveto
17.23 137.55 16.1 139.11 16.1 139.11 curveto stroke
 1 0 0 setrgbcolor
newpath 13.53 -11.07 moveto
13.19 -11.55 11.75 -12.99 11.32 -13.23 curveto
10.89 -13.47 9.16 -15.15 9.3 -14.19 curveto
9.45 -13.23 9.83 -11.12 9.11 -10.11 curveto
8.39 -9.1 7.62 -8 6.56 -7.42 curveto
5.51 -6.85 3.11 -5.89 4.64 -5.12 curveto
6.18 -4.35 10.12 -0.51 10.74 0.02 curveto
11.36 0.55 16.36 4.05 16.88 4.68 curveto
17.41 5.3 25.09 10.68 25.86 11.79 curveto
26.63 12.89 28.16 15 29.17 15.44 curveto
30.18 15.87 34.31 17.5 34.69 18.37 curveto
35.07 19.23 36.56 22.25 36.85 22.78 curveto
37.14 23.31 38.91 25.14 36.56 24.8 curveto
34.21 24.46 32.72 24.41 31.95 23.36 curveto
31.19 22.3 29.99 21.48 29.55 21.44 curveto
29.12 21.39 28.78 21.05 28.83 22.88 curveto
28.88 24.7 29.07 27.29 29.02 28.01 curveto
28.98 28.73 29.65 34.88 30.22 36.99 curveto
30.8 39.1 30.75 43.86 31.32 45.1 curveto
31.9 46.35 34.97 49.81 35.4 50.43 curveto
35.83 51.06 36.7 52.26 36.89 52.67 curveto
37.08 53.08 38.04 54.13 38.23 54.32 curveto
38.43 54.52 39.77 56.48 37.97 55.55 curveto
37.33 55.22 36.99 54.95 36.91 55.48 curveto
36.84 56 36.67 57.01 36.89 57.44 curveto
37.11 57.88 37.92 59.1 38.02 59.39 curveto
38.11 59.68 38.18 60.32 38.28 60.64 curveto
38.38 60.95 38.54 61.79 37.9 61.5 curveto
37.68 61.4 37.39 61.38 37.63 61.6 curveto
37.87 61.81 38.16 62.46 38.47 62.94 curveto
38.78 63.42 39.6 64.17 39.36 64.6 curveto
39.12 65.03 39.22 65.2 38.74 65.13 curveto
38.26 65.05 37.44 65.32 37.49 65.73 curveto
37.54 66.13 38.02 67.17 37.97 67.62 curveto
37.92 68.08 38.09 70.77 38.25 71.53 curveto
38.42 72.3 39.64 78.35 39.76 79.05 curveto
39.88 79.74 40.36 82.84 40.36 83.37 curveto
40.36 83.9 40.34 85.67 40.87 85.51 curveto
41.4 85.34 42.55 85.51 42.69 86.13 curveto
42.84 86.75 43.03 87.5 43 88.1 curveto
42.98 88.7 42.38 89.42 41.39 88.84 curveto
40.41 88.27 39.55 88.19 39.31 88.22 curveto
39.07 88.24 38.59 88.39 39.04 88.96 curveto
39.5 89.54 40.43 90.95 40.65 91.15 curveto
40.87 91.34 41.23 92.03 40.55 91.7 curveto
39.88 91.36 39.35 91.36 39.64 91.91 curveto
39.93 92.47 40.07 92.97 40.48 93.4 curveto
40.89 93.83 41.13 93.91 41.11 94.05 curveto
41.08 94.2 41.03 94.48 40.36 94.22 curveto
39.69 93.95 39.04 93.45 39.02 93.95 curveto
38.99 94.46 39.16 94.89 39.74 95.44 curveto
40.31 96 40.41 97.17 40.53 97.63 curveto
40.65 98.08 41.03 98.83 40.72 98.73 curveto
40.41 98.64 39.71 98.2 39.18 98.59 curveto
38.66 98.97 38.06 99.31 37.58 99.79 curveto
37.09 100.27 36.59 100.41 35.97 100.84 curveto
35.34 101.27 35.22 101.32 35.15 101.9 curveto
35.08 102.47 35.34 104.8 35.44 105.14 curveto
35.53 105.48 35.58 107.01 34.91 105.76 curveto
34.24 104.51 33.64 103.55 33.57 103.36 curveto
33.49 103.17 33.04 103.05 32.65 103.55 curveto
32.27 104.06 32.34 106.03 32.48 106.34 curveto
32.63 106.65 32.72 107.35 32.87 107.73 curveto
33.01 108.12 33.23 109.08 32.17 108.31 curveto
31.12 107.54 31.55 107.73 31.48 107.03 curveto
31.4 106.34 31.33 105.5 31.36 105.4 curveto
31.38 105.31 31.28 105.07 31.28 105.07 curveto
31.28 105.07 31.02 105.19 30.56 105.62 curveto
30.11 106.05 30.01 106.99 30.11 107.56 curveto
30.2 108.14 30.44 109.94 30.61 110.13 curveto
30.78 110.32 30.85 111.02 30.32 110.47 curveto
29.8 109.91 29.56 109.75 29.34 109.41 curveto
29.12 109.07 28.72 107.92 28.72 107.92 curveto
28.72 107.92 28.36 107.44 27.97 107.85 curveto
27.59 108.26 27.9 108.64 28.02 109.24 curveto
28.14 109.84 27.75 110.99 28.09 111.33 curveto
28.43 111.67 28.71 112.19 28.59 112.43 curveto
28.47 112.67 28.07 113.25 27.75 112.46 curveto
27.44 111.67 27.03 110.39 26.99 110.3 curveto
26.94 110.2 26.46 109.65 25.93 110.15 curveto
25.4 110.66 25.11 111.43 25.5 111.76 curveto
25.88 112.1 26.27 113.42 26.39 113.63 curveto
26.51 113.85 26.63 115.19 25.74 114.38 curveto
24.85 113.56 24.71 113.18 24.47 112.79 curveto
24.23 112.41 24.01 111.67 23.75 112.58 curveto
23.48 113.49 23.39 114.16 23.75 114.43 curveto
24.11 114.69 24.23 115.19 24.37 115.43 curveto
24.51 115.67 24.92 116.62 23.58 115.67 curveto
23.17 115.39 22.98 114.95 22.69 114.83 curveto
22.4 114.71 21.73 114.19 22.23 115.17 curveto
22.74 116.15 23.41 116.73 23.36 117.09 curveto
23.31 117.45 23.41 117.83 23.17 118.12 curveto
22.93 118.41 22.83 117.98 22.47 117.5 curveto
22.11 117.02 21.73 116.39 21.42 116.44 curveto
21.1 116.49 20.79 116.61 20.58 117.31 curveto
20.36 118 20.5 119.2 20.91 120.11 curveto
21.32 121.03 21.8 123.04 21.56 123.62 curveto
21.32 124.19 21.87 124.53 22.11 125.44 curveto
22.35 126.36 22.9 127.29 22.28 128.2 curveto
21.65 129.12 21.63 131.35 21.17 132.26 curveto
20.72 133.17 19.47 134.3 18.96 134.76 curveto
18.46 135.21 17.88 136.89 17.55 137.23 curveto
17.21 137.56 16.08 139.12 16.08 139.12 curveto stroke
 0 0 0 setrgbcolor 0 0.33333 dtransform truncate idtransform setlinewidth pop
newpath -7.77 -4.44 moveto
-8.47 -5.44 -9.32 -6.09 -10.48 -7.29 curveto
-11.63 -8.49 -12.63 -9.54 -12.94 -10.84 curveto
-13.24 -12.15 -14.2 -12.85 -14.2 -14.3 curveto
-14.21 -15.76 -14.16 -17.07 -13.32 -18.42 curveto
-12.47 -19.78 -12.47 -21.23 -12.37 -21.89 curveto
-12.27 -22.54 -12.45 -24.16 -12.45 -24.16 curveto stroke
 0 0 1 setrgbcolor 0 0.23332 dtransform truncate idtransform setlinewidth pop
newpath -7.77 -4.44 moveto
-8.47 -5.44 -9.32 -6.09 -10.48 -7.29 curveto
-11.63 -8.49 -12.63 -9.54 -12.94 -10.84 curveto
-13.24 -12.15 -14.2 -12.85 -14.2 -14.3 curveto
-14.21 -15.76 -14.16 -17.07 -13.32 -18.42 curveto
-12.47 -19.78 -12.47 -21.23 -12.37 -21.89 curveto
-12.27 -22.54 -12.45 -24.16 -12.45 -24.16 curveto stroke
 1 0 0 setrgbcolor
newpath -7.82 -4.51 moveto
-8.52 -5.51 -9.37 -6.16 -10.52 -7.36 curveto
-11.67 -8.56 -12.67 -9.61 -12.97 -10.91 curveto
-13.27 -12.21 -14.22 -12.91 -14.22 -14.36 curveto
-14.22 -15.81 -14.17 -17.11 -13.32 -18.46 curveto
-12.47 -19.81 -12.47 -21.26 -12.37 -21.91 curveto
-12.26 -22.56 -12.44 -24.18 -12.44 -24.18 curveto stroke
 0 0 0 setrgbcolor 0 0.33333 dtransform truncate idtransform setlinewidth pop
newpath 24.35 64.02 moveto
24.35 64.02 24.45 61.38 24.45 60.61 curveto
24.45 59.84 24.1 56.7 23.97 55.47 curveto
23.58 51.92 22.86 51.29 21.13 49.95 curveto
19.41 48.6 20.13 46.11 20.7 45 curveto
21.28 43.9 21.28 42.27 21.71 40.68 curveto
22.15 39.1 22.39 35.07 21.86 33.58 curveto
21.33 32.1 22.92 24.9 23.11 23.89 curveto
23.31 22.88 23.17 17.07 23.22 16.4 curveto
23.27 15.73 20.11 14.68 19.25 14.2 curveto
18.39 13.72 18 13.81 17.19 14.39 curveto
16.37 14.96 16.37 14.87 16.28 14.29 curveto
16.18 13.72 16.33 12.42 15.89 12.23 curveto
15.46 12.04 12.35 10.17 11.34 9.69 curveto
10.34 9.21 10.34 8.35 9.57 9.02 curveto
8.81 9.69 8.9 9.07 8.52 8.49 curveto
8.13 7.92 8.33 7.54 7.75 7.34 curveto
7.18 7.15 5.17 5.72 3.06 3.8 curveto
0.95 1.89 -3.08 -0.79 -3.85 -1.46 curveto stroke
 0 0 1 setrgbcolor 0 0.23332 dtransform truncate idtransform setlinewidth pop
newpath 24.35 64.02 moveto
24.35 64.02 24.45 61.38 24.45 60.61 curveto
24.45 59.84 24.1 56.7 23.97 55.47 curveto
23.58 51.92 22.86 51.29 21.13 49.95 curveto
19.41 48.6 20.13 46.11 20.7 45 curveto
21.28 43.9 21.28 42.27 21.71 40.68 curveto
22.15 39.1 22.39 35.07 21.86 33.58 curveto
21.33 32.1 22.92 24.9 23.11 23.89 curveto
23.31 22.88 23.17 17.07 23.22 16.4 curveto
23.27 15.73 20.11 14.68 19.25 14.2 curveto
18.39 13.72 18 13.81 17.19 14.39 curveto
16.37 14.96 16.37 14.87 16.28 14.29 curveto
16.18 13.72 16.33 12.42 15.89 12.23 curveto
15.46 12.04 12.35 10.17 11.34 9.69 curveto
10.34 9.21 10.34 8.35 9.57 9.02 curveto
8.81 9.69 8.9 9.07 8.52 8.49 curveto
8.13 7.92 8.33 7.54 7.75 7.34 curveto
7.18 7.15 5.16 5.72 3.06 3.8 curveto
0.95 1.89 -3.08 -0.79 -3.85 -1.46 curveto stroke
 1 0 0 setrgbcolor
newpath 24.36 64.02 moveto
24.36 64.02 24.45 61.38 24.45 60.61 curveto
24.45 59.84 24.11 56.7 23.98 55.47 curveto
23.59 51.92 22.87 51.3 21.14 49.95 curveto
19.42 48.61 20.14 46.11 20.71 45.01 curveto
21.29 43.9 21.29 42.27 21.72 40.69 curveto
22.16 39.1 22.4 35.07 21.87 33.58 curveto
21.34 32.09 22.93 24.89 23.12 23.88 curveto
23.31 22.88 23.17 17.07 23.22 16.39 curveto
23.27 15.72 20.1 14.67 19.23 14.18 curveto
18.37 13.7 17.99 13.8 17.17 14.38 curveto
16.35 14.95 16.35 14.86 16.26 14.28 curveto
16.16 13.7 16.31 12.41 15.87 12.22 curveto
15.44 12.02 12.32 10.15 11.31 9.67 curveto
10.3 9.19 10.31 8.33 9.54 9 curveto
8.77 9.67 8.86 9.05 8.48 8.47 curveto
8.1 7.89 8.29 7.51 7.71 7.32 curveto
7.14 7.12 5.12 5.68 3.01 3.76 curveto
0.9 1.84 -3.13 -0.85 -3.9 -1.52 curveto stroke
 0 0 0 setrgbcolor 0 0.33333 dtransform truncate idtransform setlinewidth pop
newpath 9.37 133.18 moveto
9.66 133.13 10.52 130.49 10.72 129.1 curveto
10.91 127.71 10.48 126.8 10.48 124.92 curveto
10.48 123.05 9.42 121.95 9.08 121.23 curveto
8.75 120.51 9.23 118.15 9.66 117.05 curveto
10.09 115.94 9.81 113.98 9.85 112.82 curveto
9.9 111.67 11.97 108.17 12.97 106.73 curveto
13.98 105.29 20.18 98.85 20.8 98.23 curveto
21.42 97.6 25.46 93.72 26.27 92.8 curveto
27.09 91.89 29.4 89.59 30.26 88.72 curveto
31.13 87.86 30.79 87.67 30.36 87.14 curveto
29.93 86.61 28.44 85.37 27.72 85.03 curveto
27 84.69 26.09 82.54 26.05 81.63 curveto
26 80.71 24.37 79.13 23.79 78.46 curveto stroke
 0 0 1 setrgbcolor 0 0.23332 dtransform truncate idtransform setlinewidth pop
newpath 9.38 133.18 moveto
9.66 133.13 10.53 130.49 10.72 129.1 curveto
10.91 127.71 10.48 126.79 10.48 124.92 curveto
10.48 123.05 9.42 121.95 9.09 121.23 curveto
8.75 120.51 9.23 118.15 9.66 117.05 curveto
10.09 115.94 9.81 113.98 9.85 112.82 curveto
9.9 111.67 11.97 108.17 12.97 106.73 curveto
13.98 105.29 20.18 98.85 20.8 98.23 curveto
21.42 97.6 25.46 93.72 26.27 92.8 curveto
27.09 91.89 29.4 89.59 30.26 88.72 curveto
31.13 87.86 30.79 87.67 30.36 87.14 curveto
29.93 86.61 28.44 85.37 27.72 85.03 curveto
27 84.69 26.09 82.54 26.05 81.63 curveto
26 80.71 24.37 79.13 23.79 78.46 curveto stroke
 1 0 0 setrgbcolor
newpath 9.36 133.19 moveto
9.65 133.15 10.52 130.51 10.71 129.11 curveto
10.9 127.72 10.47 126.81 10.47 124.94 curveto
10.47 123.06 9.41 121.96 9.08 121.24 curveto
8.74 120.52 9.22 118.17 9.65 117.06 curveto
10.09 115.96 9.8 113.99 9.85 112.84 curveto
9.9 111.69 11.96 108.18 12.97 106.74 curveto
13.98 105.3 20.17 98.87 20.8 98.25 curveto
21.42 97.62 25.45 93.74 26.27 92.82 curveto
27.09 91.91 29.39 89.61 30.26 88.74 curveto
31.12 87.88 30.78 87.69 30.35 87.16 curveto
29.92 86.63 28.43 85.38 27.71 85.05 curveto
26.99 84.71 26.08 82.55 26.03 81.64 curveto
25.99 80.73 24.35 79.14 23.78 78.47 curveto stroke
 0 0 0 setrgbcolor 0 3.98505 dtransform truncate idtransform setlinewidth pop
newpath -39.61 -122.53 moveto 0 0 rlineto stroke
newpath -39.87 -121.61 moveto 0 0 rlineto stroke
 0 0.23332 dtransform truncate idtransform setlinewidth pop
newpath -39.61 -122.53 moveto
-39.87 -121.61 lineto stroke
 1 0.85 0 setrgbcolor 0 3.98505
 dtransform truncate idtransform setlinewidth pop
newpath -39.57 -122.43 moveto 0 0 rlineto stroke
newpath -39.82 -121.52 moveto 0 0 rlineto stroke
 0 0.23332 dtransform truncate idtransform setlinewidth pop
newpath -39.61 -122.53 moveto
-39.57 -122.43 lineto
-39.82 -121.52 lineto
-39.87 -121.61 lineto stroke
showpage
%%EOF
