%!PS
%%BoundingBox: -228 -104 257 103 
%%HiResBoundingBox: -227.68 -103.105 256.605 102.11 
%%Creator: MetaPost 1.209
%%CreationDate: 2019.09.26:1811
%%Pages: 1
%%BeginProlog
%%EndProlog
%%Page: 1 1
 0.00002 0.00018 0.00034 setrgbcolor
newpath 33.58 31.6 moveto
33.58 31.6 44.44 34.46 47.59 34.39 curveto
50.74 34.33 56.65 37.21 60.72 38.17 curveto
64.79 39.14 73.52 40.46 75.33 40.72 curveto
77.13 40.99 78.27 40.84 78.27 40.84 curveto
78.27 40.84 86.16 42 87.3 39.13 curveto
88.44 36.25 85.32 30.32 82.56 27.82 curveto
79.81 25.33 69.9 17.73 67.33 16.43 curveto
64.75 15.14 56.95 8.09 55.38 4.38 curveto
53.8 0.66 53.79 0.06 56.79 0 curveto
59.79 -0.07 69.47 3.79 73.7 5.2 curveto
77.93 6.61 85.68 11.55 88.25 12.4 curveto
90.82 13.25 96.82 13.58 99.87 15.76 curveto
102.92 17.95 107.4 24.61 109.98 25.91 curveto
112.56 27.21 116.28 32.98 120.99 35.73 curveto
125.69 38.49 132.21 41.5 135.54 43.09 curveto
138.87 44.67 142.82 47.14 145.48 44.98 curveto
148.14 42.83 150.79 40.67 154.1 41.05 curveto
157.41 41.44 162.19 40.59 163.04 38.17 curveto
163.89 35.75 162.3 31.28 161.06 29.06 curveto
159.81 26.83 156.32 17.6 156.11 14.61 curveto
155.9 11.61 155.4 9.22 155.3 4.42 curveto
155.2 -0.38 154.8 -5.17 153.99 -8.15 curveto
153.18 -11.14 152.5 -14.87 152.92 -16.23 curveto
152.97 -16.38 154.9 -14.92 156.55 -14.81 curveto
158.21 -14.69 159.08 -15.91 157.72 -16.33 curveto
156.36 -16.75 154.84 -17.92 154.84 -17.92 curveto
154.84 -17.92 155.99 -20.5 157.29 -22.62 curveto
158.6 -24.75 161.38 -27.96 161.53 -28.41 curveto
161.67 -28.87 163.04 -27.69 163.04 -27.69 curveto
163.04 -27.69 166.32 -28.66 168.27 -28.7 curveto
170.22 -28.74 175.01 -29.44 176.04 -30.36 curveto
177.07 -31.28 183.98 -38.18 183.98 -38.18 curveto
188.09 -35.11 lineto
188.09 -35.11 183.22 -31.41 181.6 -29.88 curveto
179.98 -28.34 177.48 -26.04 173.45 -25.06 curveto
169.42 -24.07 165.69 -23.1 164.54 -20.67 curveto
163.38 -18.25 161.33 -16.11 159.57 -14.27 curveto
157.8 -12.43 157.54 -10.78 157.74 -8.16 curveto
157.94 -5.53 166.77 7.79 166.77 7.79 curveto
159.27 11.47 lineto
159.27 11.47 159.06 12.3 159.27 15.14 curveto
159.48 17.99 161.55 24.1 162.51 26.78 curveto
163.47 29.46 165.33 32.57 165.98 34.96 curveto
166.63 37.35 166.66 38.7 165.49 40.37 curveto
164.32 42.05 161.51 43.9 159.12 44.1 curveto
156.72 44.3 153.43 44.82 151.2 45.77 curveto
148.97 46.71 147.62 47.04 147.96 48.83 curveto
148.3 50.63 155.04 50.34 157.02 51.65 curveto
159 52.96 162.18 54.54 162.67 56.48 curveto
163.16 58.42 166.22 68.71 168.22 71.07 curveto
170.22 73.43 176.23 80.96 177.16 82.44 curveto
178.09 83.92 186.81 92.14 191.17 92.5 curveto
195.52 92.86 196.61 94.64 197.95 94.02 curveto
199.29 93.39 200.92 92.45 202.13 92.88 curveto
203.34 93.3 205.28 92.96 206.8 94.21 curveto
208.33 95.45 210.92 97.5 212.14 98.37 curveto
213.36 99.25 218.5 101.09 219.71 101.52 curveto
220.92 101.94 220.17 102.11 220.17 102.11 curveto
220.17 102.11 219.41 101.68 217.75 101.26 curveto
216.09 100.84 210.95 99 208.51 96.95 curveto
206.07 94.9 202.72 92.72 199.01 94.44 curveto
195.29 96.17 186.77 97.55 186.77 97.55 curveto
152.09 67.5 lineto
59.59 55.9 lineto
104.4 46.13 lineto
107.38 30.76 lineto
109.79 31.16 lineto
111.13 30.54 lineto
110.05 29.21 lineto
110.18 28.3 lineto
108.21 27.14 lineto
106.71 27.18 lineto
105.49 26.6 lineto
103.87 27.68 lineto
105.09 28.86 lineto
103.36 32.2 lineto
89.24 46.14 lineto
69.23 50.75 lineto
39.29 39.06 lineto
33.58 31.6 lineto
 closepath fill
0 0 0 THsetpatterncolor
 0.00002 0.00015 0.00002 setrgbcolor
newpath 33.58 31.6 moveto
33.58 31.6 44.44 34.46 47.59 34.39 curveto
50.74 34.33 56.65 37.21 60.72 38.17 curveto
64.79 39.14 73.52 40.46 75.33 40.72 curveto
77.13 40.99 78.27 40.84 78.27 40.84 curveto
78.27 40.84 86.16 42 87.3 39.13 curveto
88.44 36.25 85.32 30.32 82.56 27.82 curveto
79.81 25.33 69.9 17.73 67.33 16.43 curveto
64.75 15.14 56.95 8.09 55.38 4.38 curveto
53.8 0.66 53.79 0.06 56.79 0 curveto
59.79 -0.07 69.47 3.79 73.7 5.2 curveto
77.93 6.61 85.68 11.55 88.25 12.4 curveto
90.82 13.25 96.82 13.58 99.87 15.76 curveto
102.92 17.95 107.4 24.61 109.98 25.91 curveto
112.56 27.21 116.28 32.98 120.99 35.73 curveto
125.69 38.49 132.21 41.5 135.54 43.09 curveto
138.87 44.67 142.82 47.14 145.48 44.98 curveto
148.14 42.83 150.79 40.67 154.1 41.05 curveto
157.41 41.44 162.19 40.59 163.04 38.17 curveto
163.89 35.75 162.3 31.28 161.06 29.06 curveto
159.81 26.83 156.32 17.6 156.11 14.61 curveto
155.9 11.61 155.4 9.22 155.3 4.42 curveto
155.2 -0.38 154.8 -5.17 153.99 -8.15 curveto
153.18 -11.14 152.5 -14.87 152.92 -16.23 curveto
152.97 -16.38 154.9 -14.92 156.55 -14.81 curveto
158.21 -14.69 159.08 -15.91 157.72 -16.33 curveto
156.36 -16.75 154.84 -17.92 154.84 -17.92 curveto
154.84 -17.92 155.99 -20.5 157.29 -22.62 curveto
158.6 -24.75 161.38 -27.96 161.53 -28.41 curveto
161.67 -28.87 163.04 -27.69 163.04 -27.69 curveto
163.04 -27.69 166.32 -28.66 168.27 -28.7 curveto
170.22 -28.74 175.01 -29.44 176.04 -30.36 curveto
177.07 -31.28 183.98 -38.18 183.98 -38.18 curveto
188.09 -35.11 lineto
188.09 -35.11 183.22 -31.41 181.6 -29.88 curveto
179.98 -28.34 177.48 -26.04 173.45 -25.06 curveto
169.42 -24.07 165.69 -23.1 164.54 -20.67 curveto
163.38 -18.25 161.33 -16.11 159.57 -14.27 curveto
157.8 -12.43 157.54 -10.78 157.74 -8.16 curveto
157.94 -5.53 166.77 7.79 166.77 7.79 curveto
159.27 11.47 lineto
159.27 11.47 159.06 12.3 159.27 15.14 curveto
159.48 17.99 161.55 24.1 162.51 26.78 curveto
163.47 29.46 165.33 32.57 165.98 34.96 curveto
166.63 37.35 166.66 38.7 165.49 40.37 curveto
164.32 42.05 161.51 43.9 159.12 44.1 curveto
156.72 44.3 153.43 44.82 151.2 45.77 curveto
148.97 46.71 147.62 47.04 147.96 48.83 curveto
148.3 50.63 155.04 50.34 157.02 51.65 curveto
159 52.96 162.18 54.54 162.67 56.48 curveto
163.16 58.42 166.22 68.71 168.22 71.07 curveto
170.22 73.43 176.23 80.96 177.16 82.44 curveto
178.09 83.92 186.81 92.14 191.17 92.5 curveto
195.52 92.86 196.61 94.64 197.95 94.02 curveto
199.29 93.39 200.92 92.45 202.13 92.88 curveto
203.34 93.3 205.28 92.96 206.8 94.21 curveto
208.33 95.45 210.92 97.5 212.14 98.37 curveto
213.36 99.25 218.5 101.09 219.71 101.52 curveto
220.92 101.94 220.17 102.11 220.17 102.11 curveto
220.17 102.11 219.41 101.68 217.75 101.26 curveto
216.09 100.84 210.95 99 208.51 96.95 curveto
206.07 94.9 202.72 92.72 199.01 94.44 curveto
195.29 96.17 186.77 97.55 186.77 97.55 curveto
152.09 67.5 lineto
59.59 55.9 lineto
104.4 46.13 lineto
107.38 30.76 lineto
109.79 31.16 lineto
111.13 30.54 lineto
110.05 29.21 lineto
110.18 28.3 lineto
108.21 27.14 lineto
106.71 27.18 lineto
105.49 26.6 lineto
103.87 27.68 lineto
105.09 28.86 lineto
103.36 32.2 lineto
89.24 46.14 lineto
69.23 50.75 lineto
39.29 39.06 lineto
33.58 31.6 lineto
 closepath fill
gsave newpath 183.98 -38.18 moveto
183.98 -38.18 177.68 -31 176.04 -30.36 curveto
174.4 -29.73 170.52 -28.9 168.27 -28.7 curveto
166.02 -28.51 163.04 -27.69 163.04 -27.69 curveto
163.04 -27.69 168.2 -32.3 169.83 -33.38 curveto
171.45 -34.47 176.35 -37.27 178.28 -37.91 curveto
180.22 -38.55 181.42 -38.57 182.47 -38.6 curveto
183.52 -38.62 183.98 -38.18 183.98 -38.18 curveto
 closepath clip
 0 0 0 setrgbcolor 0 0.35 dtransform truncate idtransform setlinewidth pop
 [] 0 setdash 1 setlinecap 1 setlinejoin 10 setmiterlimit
newpath 158.95486 -38.36852 moveto
159.06439 -37.02147 160.53888 -37.22868 160.4494 -38.30476 curveto
160.54982 -39.37192 162.45313 -39.54291 162.5398 -38.39275 curveto stroke
newpath 161.31425 -29.32648 moveto
161.37904 -28.01515 163.33818 -28.40402 163.38556 -29.19395 curveto
163.21413 -30.562 165.01349 -30.37169 164.89949 -29.40259 curveto stroke
newpath 172.95981 -43.74329 moveto
173.24472 -42.88098 174.90308 -42.76779 174.77425 -43.94191 curveto
175.07643 -44.99983 176.74162 -44.86423 176.7671 -43.73798 curveto stroke
newpath 171.95024 -28.23343 moveto
172.07668 -26.96046 173.89464 -26.88911 173.85081 -27.88733 curveto
173.84361 -29.01204 175.65167 -29.19 175.40088 -28.203 curveto stroke
newpath 184.05157 -33.74117 moveto
183.70724 -32.67206 185.50081 -32.58188 185.85045 -33.89703 curveto
185.79282 -34.95917 187.51396 -35.31026 187.24997 -33.89635 curveto stroke
grestore
 0.00002 0.00018 0.00034 setrgbcolor
newpath 161.53 -28.41 moveto
161.53 -28.41 163.51 -33.85 165.58 -35.55 curveto
167.65 -37.24 175.49 -42.65 179.52 -43.34 curveto
183.56 -44.02 193.62 -51.13 196.41 -54.03 curveto
199.2 -56.94 207.98 -67.63 207.98 -67.63 curveto
207.98 -67.63 212.09 -72.06 214.17 -73 curveto
216.25 -73.95 219.85 -66.82 219.85 -66.82 curveto
219.85 -66.82 213.34 -62.48 211 -59.59 curveto
208.65 -56.69 202.63 -50.71 199.69 -47.8 curveto
196.74 -44.89 188.09 -35.11 188.09 -35.11 curveto
183.98 -38.18 lineto
182.47 -38.6 lineto
182.47 -38.6 180.07 -38.55 178.28 -37.91 curveto
176.5 -37.27 169.83 -33.38 169.83 -33.38 curveto
169.83 -33.38 163.78 -28.46 163.04 -27.69 curveto
161.53 -28.41 lineto
 closepath fill
0 0 0 THsetpatterncolor
 0.00002 0.00015 0.00002 setrgbcolor
newpath 161.53 -28.41 moveto
161.53 -28.41 163.51 -33.85 165.58 -35.55 curveto
167.65 -37.24 175.49 -42.65 179.52 -43.34 curveto
183.56 -44.02 193.62 -51.13 196.41 -54.03 curveto
199.2 -56.94 207.98 -67.63 207.98 -67.63 curveto
207.98 -67.63 212.09 -72.06 214.17 -73 curveto
216.25 -73.95 219.85 -66.82 219.85 -66.82 curveto
219.85 -66.82 213.34 -62.48 211 -59.59 curveto
208.65 -56.69 202.63 -50.71 199.69 -47.8 curveto
196.74 -44.89 188.09 -35.11 188.09 -35.11 curveto
183.98 -38.18 lineto
182.47 -38.6 lineto
182.47 -38.6 180.07 -38.55 178.28 -37.91 curveto
176.5 -37.27 169.83 -33.38 169.83 -33.38 curveto
169.83 -33.38 163.78 -28.46 163.04 -27.69 curveto
161.53 -28.41 lineto
 closepath fill
gsave newpath 171.63 -84.43 moveto
171.63 -84.43 180.84 -81.47 183.91 -78.23 curveto
186.97 -75 193.09 -69.42 193.75 -66.43 curveto
194.41 -63.45 193.63 -57.58 192.5 -54.55 curveto
190.48 -49.19 187.11 -46.49 179.52 -43.34 curveto
171.94 -40.18 168.06 -38.75 165.58 -35.55 curveto
163.1 -32.35 163.42 -31 161.53 -28.41 curveto
159.63 -25.82 158.17 -23.54 157.29 -22.62 curveto
156.41 -21.71 154.84 -17.92 154.84 -17.92 curveto
151.83 -18.31 lineto
152.92 -16.23 lineto
152.92 -16.23 153.49 -10.54 153.99 -8.15 curveto
154.49 -5.76 156 1.86 155.3 4.42 curveto
154.6 6.99 155.91 12.36 156.11 14.61 curveto
156.3 16.85 159.8 26.53 161.06 29.06 curveto
162.31 31.58 163.26 34.27 162.23 35.19 curveto
161.2 36.11 160.47 36.87 158.97 36.9 curveto
157.47 36.93 156.89 37.85 156.15 38.31 curveto
155.4 38.78 153.17 39.5 153.17 39.5 curveto
141.11 29.32 lineto
136.28 6.31 lineto
131.57 -25.85 lineto
148.97 -48.26 lineto
171.63 -84.43 lineto
 closepath clip
 0 0 0 setrgbcolor 0 0.35 dtransform truncate idtransform setlinewidth pop
 [] 0 setdash 1 setlinecap 1 setlinejoin 10 setmiterlimit
newpath 132.19687 -86.54356 moveto
132.24582 -85.3349 133.68726 -85.44168 133.97954 -86.30885 curveto
133.9058 -87.49374 135.73769 -87.65149 135.76184 -86.49992 curveto stroke
newpath 125.15909 -72.80453 moveto
125.14255 -71.3942 127.04553 -71.36778 126.96906 -72.74435 curveto
126.97137 -73.73563 128.79274 -73.87048 128.77403 -72.56079 curveto stroke
newpath 131.80458 -62.50882 moveto
131.71054 -61.55965 133.50774 -61.58836 133.66571 -62.83035 curveto
133.38054 -63.77556 135.43578 -63.80334 135.10312 -62.92215 curveto stroke
newpath 131.48654 -54.5066 moveto
131.8529 -52.9576 133.64252 -53.31438 133.68803 -54.10773 curveto
133.4497 -55.6632 134.99423 -55.526 135.1012 -54.24615 curveto stroke
newpath 124.67033 -40.78592 moveto
124.57356 -39.2117 126.3167 -39.60983 126.19089 -40.7626 curveto
126.26758 -41.9697 128.31317 -41.96582 128.1689 -40.66624 curveto stroke
newpath 125.92151 -33.71576 moveto
126.02397 -32.581 127.73064 -32.70279 127.91467 -33.70546 curveto
127.92603 -34.89557 129.76927 -34.81232 129.76103 -33.70369 curveto stroke
newpath 124.999 -20.38742 moveto
124.94705 -19.07164 126.4011 -19.28102 126.44102 -20.23782 curveto
126.60667 -21.74846 128.58601 -21.73526 128.30573 -20.31317 curveto stroke
newpath 129.71025 -11.29549 moveto
129.86615 -10.16487 131.5957 -10.41551 131.7931 -11.24728 curveto
131.66216 -12.61816 133.27707 -12.51543 133.43561 -11.16844 curveto stroke
newpath 125.01466 -4.05301 moveto
124.86255 -2.66612 126.36237 -2.942 126.4883 -3.83833 curveto
126.60986 -5.128 128.1705 -5.22481 128.47675 -3.986 curveto stroke
newpath 128.0303 7.14099 moveto
128.10628 8.66472 129.76627 8.35858 129.75594 7.40015 curveto
129.59172 6.24065 131.4977 6.34282 131.41412 7.53552 curveto stroke
newpath 123.76796 22.7994 moveto
123.92543 23.55287 125.71404 23.66478 125.7572 22.55592 curveto
125.58412 21.57706 127.3414 21.6784 127.37337 22.41182 curveto stroke
newpath 126.3018 31.83197 moveto
126.30923 32.74039 127.99161 32.67833 127.98717 31.61568 curveto
128.13336 30.71031 129.69328 30.72401 129.88226 31.75189 curveto stroke
newpath 123.73244 41.74104 moveto
123.79866 42.89946 125.63481 42.7808 125.65207 41.81387 curveto
125.647 40.61911 127.49231 40.56924 127.2736 41.8222 curveto stroke
newpath 140.27032 -83.44402 moveto
140.21394 -82.54123 141.96576 -82.2765 142.04802 -83.43787 curveto
141.95894 -84.66728 144.01259 -84.81946 143.99857 -83.4133 curveto stroke
newpath 136.14185 -78.27425 moveto
135.93695 -76.68108 138.06618 -76.7777 138.0318 -78.21843 curveto
137.99075 -79.20296 139.40604 -79.02066 139.61046 -78.06238 curveto stroke
newpath 134.9199 -64.62334 moveto
134.66322 -63.33156 136.47192 -63.58838 136.72905 -64.4386 curveto
136.47511 -65.82898 138.09135 -65.86761 138.38795 -64.50366 curveto stroke
newpath 142.58919 -55.73856 moveto
142.19899 -54.35515 144.14917 -54.61787 144.34789 -55.5353 curveto
143.92703 -56.96675 145.94743 -56.90288 145.74994 -55.75797 curveto stroke
newpath 136.04959 -48.57318 moveto
136.17511 -47.28172 137.97652 -46.99506 137.96036 -48.59126 curveto
137.99821 -49.48793 139.6219 -49.45671 139.50801 -48.38316 curveto stroke
newpath 142.05667 -23.12639 moveto
141.95193 -21.97134 143.86969 -21.8895 144.00307 -22.91702 curveto
143.89124 -24.38622 145.6567 -24.34152 145.47426 -22.83942 curveto stroke
newpath 139.97821 -14.63615 moveto
140.30432 -13.45859 142.12726 -13.49643 142.02805 -14.61049 curveto
142.108 -15.77675 143.45743 -15.93517 143.48695 -14.63446 curveto stroke
newpath 138.54233 -4.42181 moveto
138.27695 -3.09966 140.3536 -3.0418 140.13283 -4.19804 curveto
140.4202 -5.46709 141.80634 -5.47269 142.17065 -4.2365 curveto stroke
newpath 141.62257 6.28264 moveto
141.63356 7.54982 143.32303 7.48317 142.96863 6.05478 curveto
143.09969 5.23177 145.13339 5.19829 145.0302 6.36737 curveto stroke
newpath 136.37936 31.7645 moveto
136.08405 33.13239 138.01907 32.79669 138.11763 31.70131 curveto
138.13467 30.74754 139.87244 30.83293 139.93678 31.63187 curveto stroke
newpath 138.55292 35.41777 moveto
138.50871 36.53735 140.57031 36.36018 140.19151 35.37051 curveto
140.2272 34.17241 141.93896 33.82591 142.1721 35.42628 curveto stroke
newpath 146.15164 -89.97911 moveto
146.32307 -88.70065 148.05678 -89.02036 147.93343 -90.17998 curveto
147.80676 -91.31094 149.59537 -91.3662 149.81995 -90.17358 curveto stroke
newpath 153.11333 -79.6346 moveto
153.25208 -78.18196 154.70229 -78.5034 154.92636 -79.56793 curveto
154.93367 -80.66377 156.47876 -80.87875 156.49747 -79.3518 curveto stroke
newpath 144.86757 -63.37589 moveto
144.82104 -62.02809 146.43576 -61.85965 146.51274 -63.15901 curveto
146.39395 -64.57921 148.36253 -64.39328 148.2932 -63.13986 curveto stroke
newpath 146.17546 -53.20227 moveto
145.85457 -52.1465 147.98094 -51.74605 147.94339 -53.08177 curveto
147.58054 -54.2186 149.4238 -54.28654 149.65799 -53.15454 curveto stroke
newpath 146.01279 -42.46342 moveto
145.7471 -41.17108 147.85593 -41.16997 147.85527 -42.34016 curveto
147.9419 -43.321 149.66626 -43.44362 149.25696 -42.22987 curveto stroke
newpath 146.14316 -32.3165 moveto
146.1617 -31.09818 147.82445 -30.72018 148.09482 -32.17052 curveto
147.94461 -33.07796 149.6034 -33.46848 149.75537 -31.98877 curveto stroke
newpath 149.64996 -19.87077 moveto
149.57497 -18.49716 151.48756 -18.45152 151.41151 -19.60976 curveto
151.22018 -20.88574 152.91257 -20.94662 152.97696 -19.84474 curveto stroke
newpath 144.94678 -9.12831 moveto
144.73688 -8.17307 146.50336 -7.94247 146.58113 -9.20987 curveto
146.58777 -10.45395 148.59871 -10.26355 148.52286 -9.4315 curveto stroke
newpath 147.17253 1.59776 moveto
147.11925 2.73503 148.73865 2.76228 148.89545 1.4621 curveto
148.89127 0.42485 150.31656 0.40382 150.26541 1.54326 curveto stroke
newpath 150.088 9.192 moveto
150.29018 10.04114 151.95456 10.06146 151.82315 8.86682 curveto
151.7515 7.90701 153.67001 7.99185 153.83978 8.94913 curveto stroke
newpath 147.62598 18.50998 moveto
147.7571 19.91727 149.33899 19.90973 149.05182 18.67197 curveto
149.29529 17.5592 150.91927 17.56203 150.85126 18.49791 curveto stroke
newpath 152.20424 27.15868 moveto
152.24266 27.93646 154.33517 28.0698 154.00218 27.04105 curveto
154.33228 25.61415 155.89027 25.90459 155.99358 26.75294 curveto stroke
newpath 153.20854 43.08008 moveto
153.12312 44.26039 155.17174 44.10231 154.95766 42.79553 curveto
154.845 41.63104 156.92305 41.91957 156.83661 43.16518 curveto stroke
newpath 162.2459 -88.43694 moveto
162.16734 -87.42267 163.90987 -87.24286 163.8377 -88.50552 curveto
164.00238 -89.73091 165.87234 -89.74504 165.59125 -88.31929 curveto stroke
newpath 159.19537 -76.94704 moveto
159.01646 -75.68785 160.87325 -75.8982 160.64566 -77.1316 curveto
160.62828 -78.40898 162.54167 -78.08679 162.33975 -77.22514 curveto stroke
newpath 160.03526 -62.7459 moveto
160.15591 -61.73318 161.71281 -61.81277 161.79071 -62.99503 curveto
161.86244 -64.02106 163.32751 -64.18156 163.4566 -62.69121 curveto stroke
newpath 158.47469 -55.86606 moveto
158.79129 -54.55595 160.36993 -54.39243 160.41728 -55.78194 curveto
160.20195 -56.90202 162.32422 -57.0953 162.07532 -55.74861 curveto stroke
newpath 157.29709 -49.11406 moveto
156.96278 -47.85558 158.9793 -47.71179 158.95192 -49.02672 curveto
159.13124 -50.10152 160.85318 -49.86473 160.63681 -49.12866 curveto stroke
newpath 160.88481 -26.7942 moveto
160.53873 -25.75754 162.29474 -25.87221 162.40227 -27.22157 curveto
162.61008 -28.01482 164.33687 -28.1076 164.22807 -27.17418 curveto stroke
newpath 159.15439 -15.96504 moveto
159.07062 -14.84578 160.8335 -14.4959 160.79878 -15.74481 curveto
160.74487 -16.82591 162.71071 -16.83861 162.68565 -16.04642 curveto stroke
newpath 163.2646 1.11548 moveto
163.43124 2.67023 164.98691 2.48418 165.1445 1.10922 curveto
165.16942 0.20776 166.80992 0.00627 166.97705 1.29475 curveto stroke
newpath 156.81187 4.76051 moveto
156.68787 6.20639 158.60672 6.08684 158.5976 5.09393 curveto
158.6611 3.95604 160.01459 3.81825 160.03625 5.13911 curveto stroke
newpath 160.33284 23.12894 moveto
160.2059 24.05272 162.18164 24.26534 162.12401 23.00215 curveto
161.94266 21.76843 163.73795 21.84758 163.58559 22.99843 curveto stroke
newpath 158.29356 43.33679 moveto
158.20087 44.90385 159.98645 44.88493 159.71996 43.51201 curveto
159.8505 42.26874 161.40018 42.55435 161.782 43.79414 curveto stroke
newpath 168.6936 -86.95035 moveto
168.58087 -85.8052 170.33197 -85.4683 169.99515 -87.00148 curveto
170.1662 -88.1313 171.96707 -87.89471 171.87883 -86.6789 curveto stroke
newpath 166.91588 -73.98534 moveto
166.82037 -72.79399 168.51582 -72.9064 168.22644 -73.849 curveto
168.64076 -75.01523 170.10876 -75.23584 170.00764 -73.89996 curveto stroke
newpath 173.92558 -61.1828 moveto
174.09848 -60.02698 175.68265 -60.13377 175.5576 -60.90501 curveto
175.66783 -62.38815 177.59247 -62.09853 177.16455 -61.10185 curveto stroke
newpath 171.92377 -55.06718 moveto
171.8951 -53.96953 173.53395 -53.89421 173.55685 -55.07372 curveto
173.45206 -56.04243 175.37762 -55.9575 175.44334 -54.88971 curveto stroke
newpath 169.93648 -44.65224 moveto
170.30356 -43.53773 171.87268 -43.75063 172.00485 -44.70131 curveto
171.80063 -45.90154 173.6641 -45.94566 173.75023 -44.68692 curveto stroke
newpath 170.9299 -34.08798 moveto
170.72374 -33.0237 172.27824 -33.26164 172.38177 -34.13448 curveto
172.67136 -35.31007 174.29086 -35.34615 174.05424 -34.40468 curveto stroke
newpath 169.43456 -21.86484 moveto
169.34576 -20.70859 170.89722 -20.62338 170.80545 -21.80704 curveto
171.08813 -23.02705 172.82365 -23.02579 172.7217 -21.59363 curveto stroke
newpath 167.40707 -15.45438 moveto
167.51044 -14.22052 169.34912 -14.25255 169.1095 -15.2529 curveto
169.09955 -16.6333 170.89917 -16.67644 170.90813 -15.25809 curveto stroke
newpath 166.19748 -3.1747 moveto
166.44955 -1.93623 168.3386 -2.24593 168.11601 -3.07777 curveto
168.05415 -4.48026 169.78662 -4.48172 170.06572 -3.28639 curveto stroke
newpath 165.38695 5.08653 moveto
165.28516 6.11546 167.27997 5.99596 167.1394 4.86879 curveto
167.17705 3.66551 169.09752 3.67986 169.05054 5.00542 curveto stroke
newpath 170.14697 17.59549 moveto
170.06212 19.03479 171.76173 19.10966 171.93874 17.71829 curveto
171.90356 16.41383 173.38914 16.48273 173.62593 17.60179 curveto stroke
newpath 171.38527 26.49759 moveto
171.56854 27.3964 172.98344 27.59315 173.15694 26.10391 curveto
173.39323 24.97571 174.743 24.94673 175.09761 26.39319 curveto stroke
newpath 173.0456 35.49216 moveto
172.91055 36.67862 174.85841 36.4866 174.60222 35.69922 curveto
174.94348 34.36357 176.46706 34.17374 176.58717 35.5002 curveto stroke
newpath 177.4675 -86.25266 moveto
177.47289 -84.91797 179.02522 -84.95367 178.94601 -86.43723 curveto
179.19026 -87.29388 181.07384 -87.50124 180.90463 -86.02573 curveto stroke
newpath 178.0473 -62.86922 moveto
177.98187 -61.88683 179.7542 -61.71616 180.09573 -63.102 curveto
179.99126 -64.09961 181.85635 -63.91943 181.76953 -63.05774 curveto stroke
newpath 177.78621 -55.19438 moveto
177.82626 -53.85999 179.78018 -53.88797 179.65324 -54.8928 curveto
179.68356 -56.25288 181.47003 -56.18065 181.26083 -55.23727 curveto stroke
newpath 175.9804 -32.2227 moveto
175.8157 -31.47295 177.6638 -31.40413 177.69958 -32.58109 curveto
177.37825 -33.41914 179.33124 -33.45284 179.52959 -32.25029 curveto stroke
newpath 179.3562 -26.16066 moveto
179.07436 -25.27159 180.8121 -24.98586 180.84805 -26.09024 curveto
181.0656 -27.27348 182.47745 -27.33038 182.58083 -26.42816 curveto stroke
newpath 177.23755 -11.92325 moveto
177.31694 -10.70056 179.03926 -10.86156 178.77026 -12.04446 curveto
178.99825 -13.12216 180.7436 -12.93137 180.45087 -11.8455 curveto stroke
newpath 182.7231 -4.1525 moveto
182.8433 -2.56244 184.23038 -2.67036 184.32101 -3.86586 curveto
184.38467 -5.00891 186.04778 -4.9646 186.01593 -3.73996 curveto stroke
newpath 177.48004 5.17668 moveto
177.48842 6.17154 179.00443 6.01341 179.07773 4.88846 curveto
179.21786 3.87756 180.69781 3.72726 180.64366 5.10341 curveto stroke
newpath 176.11864 21.35234 moveto
176.2553 22.5728 178.10597 22.55061 177.86334 21.32314 curveto
178.10065 20.18611 179.80856 20.08961 179.61177 20.99757 curveto stroke
newpath 177.29996 25.74464 moveto
177.2924 26.5827 179.0338 26.62437 178.85048 25.75108 curveto
178.89807 24.20561 180.66048 24.39482 180.5629 25.73228 curveto stroke
newpath 178.18954 42.61044 moveto
177.81712 43.53665 179.73793 43.98279 179.60187 42.69376 curveto
179.65869 41.62184 181.30151 41.64262 181.63445 42.78362 curveto stroke
newpath 188.06071 -88.73326 moveto
188.00504 -87.65208 189.74467 -87.73221 189.78032 -88.96992 curveto
189.93846 -89.95667 191.63852 -90.21472 191.5257 -88.7952 curveto stroke
newpath 194.11691 -72.52849 moveto
194.05228 -71.14993 195.77788 -71.05095 196.0526 -72.50499 curveto
196.07326 -73.5074 197.72864 -73.5808 197.8248 -72.43407 curveto stroke
newpath 189.58926 -66.54132 moveto
189.5624 -65.68301 191.37997 -65.48973 191.16664 -66.8612 curveto
191.19896 -67.69449 192.86897 -67.70674 192.9978 -66.8836 curveto stroke
newpath 194.8581 -52.49825 moveto
194.83777 -51.46141 196.32706 -51.62482 196.16542 -52.5823 curveto
196.393 -53.68925 198.3591 -53.94513 197.99564 -52.56953 curveto stroke
newpath 193.71011 -40.35942 moveto
194.0163 -39.0097 195.61694 -39.26888 195.49849 -40.05219 curveto
195.78452 -41.50969 197.10895 -41.51357 197.344 -40.41647 curveto stroke
newpath 194.61937 -31.26921 moveto
194.7577 -30.41449 196.5855 -30.28215 196.33191 -31.26169 curveto
196.59645 -32.37639 198.33353 -32.43195 198.30624 -31.52156 curveto stroke
newpath 191.23947 -20.46619 moveto
191.57841 -19.29472 193.0307 -19.38498 193.28644 -20.2289 curveto
193.21428 -21.46922 194.96715 -21.37521 194.86943 -20.35252 curveto stroke
newpath 192.23367 -16.03822 moveto
191.93823 -14.74841 193.90881 -15.17212 193.65215 -16.12396 curveto
193.90652 -17.14276 195.772 -17.48538 195.72617 -16.23236 curveto stroke
newpath 194.98792 -5.63475 moveto
195.32187 -4.35616 197.00618 -4.3738 196.65671 -5.4527 curveto
197.02829 -6.58733 198.64693 -6.85391 198.64984 -5.30507 curveto stroke
newpath 193.21086 9.80698 moveto
193.10995 10.85812 194.77379 10.88712 194.641 9.59705 curveto
194.719 8.59827 196.32246 8.55678 196.66437 9.91232 curveto stroke
newpath 191.46553 22.36916 moveto
191.61658 23.41354 193.49597 23.24445 193.47585 22.25398 curveto
193.5716 20.84633 194.90028 20.93457 195.19682 22.1241 curveto stroke
newpath 187.20937 25.87738 moveto
186.89403 27.2545 188.67853 27.32138 188.55215 26.17172 curveto
188.73322 24.86754 190.4262 24.89212 190.61946 25.85323 curveto stroke
newpath 187.86742 35.91208 moveto
187.87247 36.95668 189.51901 36.96657 189.66446 35.81204 curveto
189.92802 34.69919 191.47717 34.69864 191.6906 35.87059 curveto stroke
grestore
 0.00002 0.00018 0.00034 setrgbcolor
newpath -227.68 -94.98 moveto
-226.79 -102.8 lineto
-216.53 -100.16 lineto
-216.53 -100.16 -210.03 -97.74 -206.38 -95.57 curveto
-202.74 -93.39 -195.74 -88.73 -193.02 -87.59 curveto
-190.29 -86.45 -179.37 -80.82 -176.37 -80.43 curveto
-173.36 -80.04 -164.67 -80.67 -161.97 -80.88 curveto
-159.27 -81.08 -150.85 -80.06 -147.37 -78.63 curveto
-143.89 -77.2 -136.19 -74.96 -135.1 -73.03 curveto
-134.01 -71.1 -128.14 -62.82 -126.57 -59.1 curveto
-124.99 -55.38 -120.85 -50.97 -119.02 -49.5 curveto
-117.19 -48.04 -110.77 -42.62 -106.82 -40.15 curveto
-102.87 -37.68 -96.62 -32.86 -93 -31.73 curveto
-89.37 -30.61 -83.33 -28.63 -76.58 -28.62 curveto
-69.83 -28.61 -62.46 -27.71 -61.36 -25.18 curveto
-60.25 -22.65 -56.76 -20.63 -53.26 -18.3 curveto
-49.76 -15.97 -42 -10.73 -38.23 -9.45 curveto
-34.45 -8.18 -26.47 -6.55 -24.03 -4.79 curveto
-21.59 -3.04 -18.51 0.79 -16.09 2.09 curveto
-13.66 3.39 -10.59 6.78 -8.45 8.39 curveto
-6.32 9.99 -3.45 10.84 -1.5 10.8 curveto
0.45 10.76 2.09 10.42 2.26 11.32 curveto
2.35 11.78 0.95 13.3 0.95 13.3 curveto
3.23 15.05 lineto
3.72 16.54 lineto
3.72 16.54 1.48 17.19 0.26 16.46 curveto
-0.95 15.74 -0.84 14.08 -1.75 13.5 curveto
-2.66 12.92 -5.52 12.23 -7.51 10.62 curveto
-9.49 9.01 -13.6 6.24 -15.12 5.37 curveto
-16.64 4.51 -18.79 2 -21.52 0.7 curveto
-24.24 -0.59 -31.96 -3.58 -34.66 -3.98 curveto
-37.37 -4.37 -57.55 -15.21 -60.74 -16.94 curveto
-63.92 -18.68 -65.62 -20.89 -70.89 -21.84 curveto
-76.16 -22.78 -84.14 -24.11 -86.23 -23.92 curveto
-88.33 -23.73 -120.71 -37.16 -123.36 -41.76 curveto
-126 -46.36 -126.08 -50.11 -126.89 -52.94 curveto
-127.7 -55.78 -128.98 -59.95 -132.03 -62.29 curveto
-135.08 -64.63 -141.04 -69.6 -145.28 -71.62 curveto
-149.52 -73.63 -152.75 -77.47 -157.52 -76.17 curveto
-162.3 -74.87 -170.2 -72.46 -172.58 -71.36 curveto
-174.96 -70.26 -180.75 -67.59 -181.63 -66.67 curveto
-182.51 -65.75 -185.69 -66.74 -187.04 -67.16 curveto
-188.4 -67.58 -197.49 -71.89 -198.27 -72.93 curveto
-199.04 -73.96 -195.3 -74.49 -192.44 -74.1 curveto
-189.58 -73.71 -183.42 -73.23 -181.77 -73.42 curveto
-180.13 -73.6 -177.74 -74.1 -177.3 -74.71 curveto
-176.86 -75.32 -180.69 -78.99 -183.1 -79.54 curveto
-185.51 -80.09 -195.35 -84.39 -196.86 -84.96 curveto
-198.37 -85.53 -202.47 -87.7 -204.89 -88.55 curveto
-207.31 -89.4 -212.71 -89.74 -213.76 -89.71 curveto
-214.81 -89.69 -227.68 -94.98 -227.68 -94.98 curveto
 closepath fill
0 0 0 THsetpatterncolor
 0.00002 0.00015 0.00002 setrgbcolor
newpath -227.68 -94.98 moveto
-226.79 -102.8 lineto
-216.53 -100.16 lineto
-216.53 -100.16 -210.03 -97.74 -206.38 -95.57 curveto
-202.74 -93.39 -195.74 -88.73 -193.02 -87.59 curveto
-190.29 -86.45 -179.37 -80.82 -176.37 -80.43 curveto
-173.36 -80.04 -164.67 -80.67 -161.97 -80.88 curveto
-159.27 -81.08 -150.85 -80.06 -147.37 -78.63 curveto
-143.89 -77.2 -136.19 -74.96 -135.1 -73.03 curveto
-134.01 -71.1 -128.14 -62.82 -126.57 -59.1 curveto
-124.99 -55.38 -120.85 -50.97 -119.02 -49.5 curveto
-117.19 -48.04 -110.77 -42.62 -106.82 -40.15 curveto
-102.87 -37.68 -96.62 -32.86 -93 -31.73 curveto
-89.37 -30.61 -83.33 -28.63 -76.58 -28.62 curveto
-69.83 -28.61 -62.46 -27.71 -61.36 -25.18 curveto
-60.25 -22.65 -56.76 -20.63 -53.26 -18.3 curveto
-49.76 -15.97 -42 -10.73 -38.23 -9.45 curveto
-34.45 -8.18 -26.47 -6.55 -24.03 -4.79 curveto
-21.59 -3.04 -18.51 0.79 -16.09 2.09 curveto
-13.66 3.39 -10.59 6.78 -8.45 8.39 curveto
-6.32 9.99 -3.45 10.84 -1.5 10.8 curveto
0.45 10.76 2.09 10.42 2.26 11.32 curveto
2.35 11.78 0.95 13.3 0.95 13.3 curveto
3.23 15.05 lineto
3.72 16.54 lineto
3.72 16.54 1.48 17.19 0.26 16.46 curveto
-0.95 15.74 -0.84 14.08 -1.75 13.5 curveto
-2.66 12.92 -5.52 12.23 -7.51 10.62 curveto
-9.49 9.01 -13.6 6.24 -15.12 5.37 curveto
-16.64 4.51 -18.79 2 -21.52 0.7 curveto
-24.24 -0.59 -31.96 -3.58 -34.66 -3.98 curveto
-37.37 -4.37 -57.55 -15.21 -60.74 -16.94 curveto
-63.92 -18.68 -65.62 -20.89 -70.89 -21.84 curveto
-76.16 -22.78 -84.14 -24.11 -86.23 -23.92 curveto
-88.33 -23.73 -120.71 -37.16 -123.36 -41.76 curveto
-126 -46.36 -126.08 -50.11 -126.89 -52.94 curveto
-127.7 -55.78 -128.98 -59.95 -132.03 -62.29 curveto
-135.08 -64.63 -141.04 -69.6 -145.28 -71.62 curveto
-149.52 -73.63 -152.75 -77.47 -157.52 -76.17 curveto
-162.3 -74.87 -170.2 -72.46 -172.58 -71.36 curveto
-174.96 -70.26 -180.75 -67.59 -181.63 -66.67 curveto
-182.51 -65.75 -185.69 -66.74 -187.04 -67.16 curveto
-188.4 -67.58 -197.49 -71.89 -198.27 -72.93 curveto
-199.04 -73.96 -195.3 -74.49 -192.44 -74.1 curveto
-189.58 -73.71 -183.42 -73.23 -181.77 -73.42 curveto
-180.13 -73.6 -177.74 -74.1 -177.3 -74.71 curveto
-176.86 -75.32 -180.69 -78.99 -183.1 -79.54 curveto
-185.51 -80.09 -195.35 -84.39 -196.86 -84.96 curveto
-198.37 -85.53 -202.47 -87.7 -204.89 -88.55 curveto
-207.31 -89.4 -212.71 -89.74 -213.76 -89.71 curveto
-214.81 -89.69 -227.68 -94.98 -227.68 -94.98 curveto
 closepath fill
 0.00002 0.00018 0.00034 setrgbcolor
newpath 0.95 13.3 moveto
2.26 11.32 lineto
5.15 13.21 lineto
8.01 13.9 lineto
10.6 15.8 lineto
12.74 17.85 lineto
7.35 17.97 lineto
5.06 16.36 lineto
3.23 15.05 lineto
 closepath fill
 0 0 0 setrgbcolor 0 0.35 dtransform truncate idtransform setlinewidth pop
 [] 0 setdash 1 setlinejoin 10 setmiterlimit
newpath 0.95 13.3 moveto
2.26 11.32 lineto
5.15 13.21 lineto
8.01 13.9 lineto
10.6 15.8 lineto
12.74 17.85 lineto
7.35 17.97 lineto
5.06 16.36 lineto
3.23 15.05 lineto
 closepath stroke
 0 0.24501 dtransform truncate idtransform setlinewidth pop 1 setlinecap
newpath 184.14772 -60.6095 moveto
190.85352 -59.93935 lineto stroke
newpath 184.38297 -63.29855 moveto
186.62578 -63.2222 lineto stroke
newpath 184.16626 -65.99239 moveto
190.89899 -65.69746 lineto stroke
newpath 183.65504 -68.64708 moveto
185.89032 -68.44795 lineto stroke
newpath 182.9191 -71.24855 moveto
189.58972 -70.28984 lineto stroke
newpath 167.59186 -46.7692 moveto
169.94568 -43.25024 lineto stroke
newpath 169.55836 -48.08456 moveto
170.34216 -46.91278 lineto stroke
newpath 171.52501 -49.40001 moveto
173.87877 -45.88106 lineto stroke
newpath 173.49149 -50.71535 moveto
174.27528 -49.54356 lineto stroke
newpath 175.45813 -52.0308 moveto
177.81195 -48.51186 lineto stroke
newpath 152.46286 -34.40697 moveto
155.9439 -30.81232 lineto stroke
newpath 153.79393 -35.69598 moveto
154.9531 -34.499 lineto stroke
newpath 155.12502 -36.985 moveto
158.60605 -33.39035 lineto stroke
newpath 156.45598 -38.27393 moveto
157.61514 -37.07693 lineto stroke
newpath 157.78705 -39.56294 moveto
161.26808 -35.96829 lineto stroke
newpath 144.52 -16.51 moveto
148.65982 -16.16197 lineto stroke
newpath 144.64001 -17.93748 moveto
146.01855 -17.8216 lineto stroke
newpath 144.76001 -19.36502 moveto
148.89983 -19.01706 lineto stroke
newpath 144.88002 -20.79251 moveto
146.25856 -20.67662 lineto stroke
newpath 145 -22.22 moveto
149.13982 -21.87198 lineto stroke
 0.24501 0 dtransform exch truncate exch idtransform pop setlinewidth
newpath 146.13 -7.32 moveto
145.95717 -5.9307 lineto stroke
newpath 147.88493 -7.15164 moveto
147.78308 -5.75539 lineto stroke
newpath 149.6457 -7.06555 moveto
149.6172 -5.66588 lineto stroke
newpath 151.40752 -7.10957 moveto
151.51921 -5.71407 lineto stroke
 0 0.24501 dtransform truncate idtransform setlinewidth pop
newpath 153.1 -7.54 moveto
153.82498 -6.34236 lineto stroke
 0 0.35 dtransform truncate idtransform setlinewidth pop
newpath 146.13 -7.32 moveto
146.13 -7.32 151.77 -6.61 153.1 -7.54 curveto stroke
 0.00002 0.00018 0.00034 setrgbcolor
newpath 151.83 -18.31 moveto
154.84 -17.92 lineto
157.72 -16.33 lineto
157.72 -16.33 159.11 -14.41 156.55 -14.81 curveto
154 -15.2 152.92 -16.23 152.92 -16.23 curveto
 closepath fill
 0 0 0 setrgbcolor
newpath 151.83 -18.31 moveto
154.84 -17.92 lineto
157.72 -16.33 lineto
157.72 -16.33 159.11 -14.41 156.55 -14.81 curveto
154 -15.2 152.92 -16.23 152.92 -16.23 curveto
 closepath stroke
 0.00002 0.00018 0.00034 setrgbcolor
newpath 158.97 36.9 moveto
159.87 36.81 lineto
161.57 36.03 lineto
162.7 36 lineto
161.97 37.07 lineto
161.63 38.65 lineto
160.21 39.2 lineto
159.71 40.34 lineto
159.1 39.75 lineto
157.75 39.78 lineto
156.15 38.31 lineto
157.55 37.46 lineto
 closepath fill
 0 0 0 setrgbcolor
newpath 158.97 36.9 moveto
159.87 36.81 lineto
161.57 36.03 lineto
162.7 36 lineto
161.97 37.07 lineto
161.63 38.65 lineto
160.21 39.2 lineto
159.71 40.34 lineto
159.1 39.75 lineto
157.75 39.78 lineto
156.15 38.31 lineto
157.55 37.46 lineto
 closepath stroke
 0.00002 0.00018 0.00034 setrgbcolor
newpath 161.18 45.86 moveto
160.92 44.37 lineto
161.9 44.5 lineto
162.82 45.6 lineto
163.6 46.79 lineto
164.29 47.6 lineto
163.55 47.99 lineto
162.47 46.96 lineto
 closepath fill
 0 0 0 setrgbcolor
newpath 161.18 45.86 moveto
160.92 44.37 lineto
161.9 44.5 lineto
162.82 45.6 lineto
163.6 46.79 lineto
164.29 47.6 lineto
163.55 47.99 lineto
162.47 46.96 lineto
 closepath stroke
 0 0.24501 dtransform truncate idtransform setlinewidth pop
newpath 165.4 54.4 moveto
164.26666 55.28835 lineto stroke
newpath 165.68999 54.77 moveto
165.31259 55.06581 lineto stroke
newpath 165.98001 55.14001 moveto
164.84666 56.02835 lineto stroke
newpath 166.27 55.51 moveto
165.89261 55.8058 lineto stroke
newpath 166.56 55.88 moveto
165.42667 56.76836 lineto stroke
newpath 181.33 83.28 moveto
180.53018 84.42908 lineto stroke
newpath 182.83142 84.28983 moveto
182.06502 85.4614 lineto stroke
newpath 184.35918 85.2592 moveto
183.62823 86.4532 lineto stroke
newpath 185.9272 86.16182 moveto
185.2683 87.39705 lineto stroke
newpath 187.58743 86.8753 moveto
187.1098 88.19128 lineto stroke
newpath 189.29135 87.4843 moveto
188.82594 88.80466 lineto stroke
newpath 191 88.08 moveto
190.54471 89.40381 lineto stroke
 0 0.35 dtransform truncate idtransform setlinewidth pop
newpath 181.33 83.28 moveto
181.33 83.28 185.26 86.02 187 86.66 curveto
188.73 87.3 191 88.08 191 88.08 curveto stroke
newpath 184.15 -88.51 moveto
188.97089 -85.6606 lineto stroke
newpath 220.17 -67.22 moveto
215.3491 -70.0694 lineto stroke
newpath 184.15 -88.51 moveto
189.64175 -89.60562 lineto stroke
newpath 256.43 -102.93 moveto
250.93823 -101.83437 lineto stroke
newpath 184.15 -88.51 moveto
178.61935 -89.38858 lineto stroke
newpath 123.78 -98.1 moveto
129.31064 -97.22142 lineto stroke
showpage
%%EOF
