%!PS
%%BoundingBox: -3 -2 3 1 
%%HiResBoundingBox: -2.25937 -1.18446 2.25937 0.77734 
%%Creator: MetaPost 1.209
%%CreationDate: 2018.11.10:1625
%%Pages: 1
%%BeginProlog
%%EndProlog
%%Page: 1 1
 0 0 0 setrgbcolor
newpath 2.25937 -0.61151 moveto
1.93108 -0.62474 1.78476 -0.71973 1.68155 -0.7904 curveto
1.5699 -0.72066 1.24637 -0.58096 1.01675 -0.88618 curveto
0.79588 -0.7091 0.45708 -0.76453 0.06602 -1.03458 curveto
0.07397 -1.09328 0.04204 -1.17375 -0.0277 -1.12767 curveto
0.01007 -1.0861 -0.01952 -1.07616 -0.03287 -1.12389 curveto
-0.04929 -1.11336 -0.05376 -1.09454 -0.02559 -1.06982 curveto
-0.29811 -1.04536 -0.44485 -1.0836 -0.68355 -1.18446 curveto
-0.62798 -1.02367 -0.63196 -0.88002 -0.75337 -0.80429 curveto
-0.79178 -0.78033 -0.82349 -0.87823 -0.84717 -0.8435 curveto
-0.81703 -0.79865 -0.83858 -0.81631 -0.85637 -0.8398 curveto
-0.92393 -0.78152 -0.8388 -0.74579 -0.8141 -0.74408 curveto
-0.7738 -0.63521 -1.02388 -0.36537 -1.30553 -0.2218 curveto
-1.36908 -0.09244 -1.42859 0.12234 -1.82698 0.18614 curveto
-1.85391 0.38095 -1.98065 0.62813 -2.25937 0.61151 curveto
-2.13522 0.66298 -1.9519 0.75568 -1.81483 0.74919 curveto
-1.65195 0.7849 -1.48035 0.8053 -1.27357 0.69194 curveto
-0.96037 0.52022 -0.86726 0.40819 -0.84389 0.3581 curveto
-0.80905 0.28337 -0.75336 0.34631 -0.78664 0.41516 curveto
-0.68878 0.3666 -0.82156 0.32742 -0.70412 0.2438 curveto
-0.58565 0.12337 -0.56569 0.0451 -0.49571 -0.08577 curveto
-0.38023 -0.14705 -0.28456 -0.2109 -0.20422 -0.26425 curveto
-0.11658 -0.25343 -0.05035 -0.23267 0.0333 -0.26317 curveto
0.09636 -0.18903 0.14513 -0.12482 0.17194 -0.06741 curveto
0.24126 -0.06422 0.27744 -0.23717 0.27725 -0.23854 curveto
0.39116 -0.2607 lineto
0.39116 -0.2607 0.43765 -0.1632 0.47847 -0.14691 curveto
0.52936 -0.209 0.55592 -0.29924 0.52754 -0.40971 curveto
0.63515 -0.40837 0.69298 -0.47203 0.83754 -0.35803 curveto
0.89005 -0.31664 1.03413 -0.24489 1.20619 -0.19736 curveto
1.29324 -0.17331 1.21725 -0.07475 1.3301 -0.0957 curveto
1.30672 -0.0978 1.28716 -0.11046 1.2813 -0.14401 curveto
1.27502 -0.17993 1.28041 -0.19806 1.31718 -0.19176 curveto
1.49783 -0.17831 1.7892 -0.23506 1.98111 -0.39255 curveto
2.00333 -0.40376 2.17664 -0.49774 2.25937 -0.61151 curveto closepath fill
showpage
%%EOF
