%!PS
%%BoundingBox: -95 -79 95 80 
%%HiResBoundingBox: -94.38858 -78.5806 94.71667 79.01668 
%%Creator: MetaPost 1.209
%%CreationDate: 2018.11.10:1625
%%Pages: 1
%%BeginProlog
%%EndProlog
%%Page: 1 1
 0 0 0 setrgbcolor 0 0.33333 dtransform truncate idtransform setlinewidth pop
 [] 0 setdash 1 setlinecap 1 setlinejoin 10 setmiterlimit
newpath 91.15 -48 moveto
89.01 -49.05 84.52 -51.58 81.9 -52.63 curveto
79.28 -53.68 72.65 -56.69 69.77 -57.95 curveto
66.89 -59.22 63.88 -60.87 63.18 -61.48 curveto
62.48 -62.09 57.38 -64.31 56.2 -64.96 curveto
55.02 -65.62 49.56 -67.72 48.56 -68.07 curveto
47.56 -68.42 46.03 -68.94 44.46 -67.8 curveto
42.89 -66.67 41.01 -65.79 40.05 -65.49 curveto
39.09 -65.19 38.18 -65.36 37.13 -64.71 curveto
36.08 -64.06 35.39 -63.88 34.78 -63.36 curveto
34.17 -62.83 33.16 -60.74 32.42 -59.61 curveto
31.68 -58.47 28.63 -53.94 28.28 -53.19 curveto
27.93 -52.45 26.93 -50.58 27.5 -48.26 curveto
28.06 -45.95 28.72 -42.01 28.59 -41.01 curveto
28.46 -40 27.67 -36.86 26.71 -35.59 curveto
25.75 -34.33 23.04 -30.19 22.64 -29.4 curveto
22.25 -28.62 19.93 -25.61 19.28 -24.91 curveto
18.63 -24.22 17.62 -22.65 17.05 -21.86 curveto
16.49 -21.08 14.88 -19.5 13.83 -18.59 curveto
12.78 -17.67 10.34 -15.79 9.6 -15.35 curveto
8.86 -14.92 5.37 -13.91 2.05 -14.91 curveto
-1.27 -15.92 -3.23 -16.4 -3.45 -16.71 curveto
-3.67 -17.01 -8.95 -19.55 -9.91 -20.29 curveto
-10.87 -21.03 -16.4 -24.31 -17.49 -24.92 curveto
-18.58 -25.53 -23.34 -27.23 -25.7 -27.14 curveto
-28.05 -27.05 -32.63 -28.23 -33.85 -28.53 curveto
-35.08 -28.84 -42.28 -32.41 -43.55 -32.89 curveto
-44.82 -33.37 -49.88 -35.95 -50.54 -36.34 curveto
-51.19 -36.73 -53.2 -38.57 -54.07 -39.61 curveto
-54.95 -40.66 -57 -42.01 -57.35 -42.23 curveto
-57.7 -42.45 -59.92 -43.02 -60.45 -43.24 curveto
-60.97 -43.45 -63.2 -44.28 -65.12 -43.67 curveto
-67.04 -43.06 -68.69 -41.32 -69.52 -40.22 curveto
-70.35 -39.13 -72.66 -37.04 -72.83 -36.25 curveto
-73.01 -35.47 -74.36 -32.54 -74.79 -31.36 curveto
-75.23 -30.19 -76.14 -27.79 -76.54 -27.22 curveto
-76.93 -26.65 -77.8 -25.78 -77.58 -24.77 curveto
-77.37 -23.77 -77.54 -20.32 -78.02 -19.63 curveto
-78.5 -18.93 -82.25 -16.66 -83.13 -15.96 curveto
-84 -15.27 -87.23 -13.26 -87.23 -13.26 curveto
-87.23 -13.26 -87.75 -13.04 -87.88 -11.34 curveto
-88.01 -9.64 -88.36 -9.03 -88.62 -7.81 curveto
-88.88 -6.59 -89.93 -2.18 -90.02 -1.35 curveto
-90.1 -0.52 -91.28 0.83 -89.58 1.7 curveto
-87.88 2.58 -86.01 3.1 -84.96 3.76 curveto
-83.91 4.41 -81.87 6.81 -81.13 7.81 curveto
-80.39 8.81 -78.82 11.3 -78.73 12.56 curveto
-78.64 13.83 -79.11 16.32 -79.5 17.19 curveto
-79.9 18.07 -80.64 19.2 -79.98 19.46 curveto
-79.33 19.72 -78.54 20.12 -77.97 20.86 curveto
-77.4 21.6 -75.48 21.43 -74.17 22.35 curveto
-72.87 23.26 -69.59 25.79 -68.59 26.06 curveto
-67.59 26.32 -64.88 27.45 -62.57 28.59 curveto
-60.26 29.72 -53.1 33.39 -52.4 33.78 curveto
-51.7 34.18 -49.61 36.62 -48.82 37.36 curveto
-48.04 38.1 -45.55 39.5 -43.94 39.93 curveto
-42.33 40.37 -39.1 41.19 -38.31 41.85 curveto
-37.53 42.5 -35.17 45.51 -34.95 46.91 curveto
-34.73 48.3 -33.91 52.71 -35.56 54.28 curveto stroke
 0 0 1 setrgbcolor 0 0.23332 dtransform truncate idtransform setlinewidth pop
newpath 91.15 -48 moveto
89.01 -49.05 84.52 -51.58 81.9 -52.63 curveto
79.28 -53.68 72.65 -56.69 69.77 -57.95 curveto
66.89 -59.21 63.88 -60.87 63.18 -61.48 curveto
62.48 -62.09 57.38 -64.31 56.2 -64.96 curveto
55.02 -65.62 49.56 -67.72 48.56 -68.07 curveto
47.56 -68.42 46.03 -68.94 44.46 -67.8 curveto
42.89 -66.67 41.01 -65.79 40.05 -65.49 curveto
39.09 -65.19 38.18 -65.36 37.13 -64.71 curveto
36.08 -64.06 35.39 -63.88 34.78 -63.36 curveto
34.17 -62.83 33.16 -60.74 32.42 -59.61 curveto
31.68 -58.47 28.63 -53.94 28.28 -53.19 curveto
27.93 -52.45 26.93 -50.58 27.5 -48.26 curveto
28.06 -45.95 28.72 -42.01 28.59 -41.01 curveto
28.46 -40 27.67 -36.86 26.71 -35.59 curveto
25.75 -34.33 23.04 -30.19 22.64 -29.4 curveto
22.25 -28.62 19.93 -25.61 19.28 -24.91 curveto
18.63 -24.22 17.62 -22.65 17.05 -21.86 curveto
16.49 -21.07 14.88 -19.5 13.83 -18.59 curveto
12.78 -17.67 10.34 -15.79 9.6 -15.35 curveto
8.86 -14.92 5.37 -13.91 2.05 -14.91 curveto
-1.27 -15.92 -3.23 -16.4 -3.45 -16.71 curveto
-3.67 -17.01 -8.95 -19.55 -9.91 -20.29 curveto
-10.87 -21.03 -16.4 -24.31 -17.49 -24.92 curveto
-18.58 -25.53 -23.34 -27.23 -25.7 -27.14 curveto
-28.05 -27.05 -32.63 -28.23 -33.85 -28.53 curveto
-35.08 -28.84 -42.28 -32.41 -43.55 -32.89 curveto
-44.82 -33.37 -49.88 -35.95 -50.54 -36.34 curveto
-51.19 -36.73 -53.2 -38.57 -54.07 -39.61 curveto
-54.95 -40.66 -57 -42.01 -57.35 -42.23 curveto
-57.7 -42.45 -59.92 -43.02 -60.45 -43.24 curveto
-60.97 -43.45 -63.2 -44.28 -65.12 -43.67 curveto
-67.04 -43.06 -68.69 -41.32 -69.52 -40.22 curveto
-70.35 -39.13 -72.66 -37.04 -72.83 -36.25 curveto
-73.01 -35.47 -74.36 -32.54 -74.79 -31.36 curveto
-75.23 -30.19 -76.14 -27.79 -76.54 -27.22 curveto
-76.93 -26.65 -77.8 -25.78 -77.58 -24.77 curveto
-77.37 -23.77 -77.54 -20.32 -78.02 -19.63 curveto
-78.5 -18.93 -82.25 -16.66 -83.13 -15.96 curveto
-84 -15.27 -87.23 -13.26 -87.23 -13.26 curveto
-87.23 -13.26 -87.75 -13.04 -87.88 -11.34 curveto
-88.01 -9.64 -88.36 -9.03 -88.62 -7.81 curveto
-88.88 -6.59 -89.93 -2.18 -90.02 -1.35 curveto
-90.1 -0.52 -91.28 0.83 -89.58 1.7 curveto
-87.88 2.58 -86.01 3.1 -84.96 3.76 curveto
-83.91 4.41 -81.87 6.81 -81.13 7.81 curveto
-80.39 8.81 -78.82 11.3 -78.73 12.56 curveto
-78.64 13.83 -79.11 16.32 -79.5 17.19 curveto
-79.9 18.07 -80.64 19.2 -79.98 19.46 curveto
-79.33 19.72 -78.54 20.12 -77.97 20.86 curveto
-77.4 21.6 -75.48 21.43 -74.17 22.35 curveto
-72.87 23.26 -69.59 25.79 -68.59 26.06 curveto
-67.59 26.32 -64.88 27.45 -62.57 28.59 curveto
-60.26 29.72 -53.1 33.39 -52.4 33.78 curveto
-51.7 34.18 -49.61 36.62 -48.82 37.36 curveto
-48.04 38.1 -45.55 39.5 -43.94 39.93 curveto
-42.33 40.37 -39.1 41.19 -38.31 41.85 curveto
-37.53 42.5 -35.17 45.51 -34.95 46.91 curveto
-34.73 48.3 -33.91 52.71 -35.56 54.28 curveto stroke
 1 0 0 setrgbcolor
newpath 91.15 -48 moveto
89.01 -49.05 84.52 -51.58 81.9 -52.62 curveto
79.28 -53.67 72.65 -56.68 69.77 -57.95 curveto
66.89 -59.21 63.88 -60.87 63.18 -61.48 curveto
62.48 -62.09 57.38 -64.32 56.2 -64.97 curveto
55.02 -65.63 49.57 -67.72 48.56 -68.07 curveto
47.56 -68.42 46.03 -68.94 44.46 -67.81 curveto
42.89 -66.67 41.01 -65.8 40.05 -65.5 curveto
39.09 -65.19 38.18 -65.36 37.13 -64.71 curveto
36.08 -64.06 35.39 -63.88 34.77 -63.36 curveto
34.16 -62.83 33.16 -60.74 32.42 -59.6 curveto
31.68 -58.47 28.62 -53.93 28.27 -53.19 curveto
27.92 -52.45 26.92 -50.57 27.49 -48.26 curveto
28.06 -45.95 28.71 -42.02 28.58 -41.02 curveto
28.45 -40.01 27.66 -36.87 26.7 -35.6 curveto
25.74 -34.34 23.04 -30.19 22.65 -29.41 curveto
22.25 -28.62 19.94 -25.61 19.29 -24.91 curveto
18.63 -24.22 17.63 -22.65 17.06 -21.86 curveto
16.49 -21.07 14.88 -19.5 13.83 -18.59 curveto
12.78 -17.67 10.34 -15.79 9.6 -15.36 curveto
8.86 -14.92 5.37 -13.92 2.05 -14.92 curveto
-1.27 -15.92 -3.23 -16.4 -3.45 -16.71 curveto
-3.67 -17.02 -8.95 -19.55 -9.91 -20.29 curveto
-10.87 -21.03 -16.41 -24.3 -17.5 -24.91 curveto
-18.59 -25.52 -23.35 -27.23 -25.7 -27.14 curveto
-28.06 -27.05 -32.64 -28.23 -33.86 -28.53 curveto
-35.08 -28.84 -42.28 -32.42 -43.55 -32.9 curveto
-44.82 -33.38 -49.88 -35.95 -50.53 -36.34 curveto
-51.19 -36.74 -53.19 -38.57 -54.07 -39.62 curveto
-54.94 -40.66 -56.99 -42.02 -57.34 -42.23 curveto
-57.69 -42.45 -59.91 -43.02 -60.44 -43.24 curveto
-60.96 -43.46 -63.19 -44.29 -65.11 -43.67 curveto
-67.03 -43.06 -68.68 -41.32 -69.51 -40.23 curveto
-70.34 -39.14 -72.65 -37.04 -72.83 -36.26 curveto
-73 -35.47 -74.36 -32.55 -74.79 -31.37 curveto
-75.23 -30.19 -76.15 -27.79 -76.54 -27.22 curveto
-76.93 -26.66 -77.8 -25.78 -77.59 -24.78 curveto
-77.37 -23.78 -77.54 -20.33 -78.02 -19.63 curveto
-78.5 -18.93 -82.25 -16.66 -83.13 -15.97 curveto
-84 -15.27 -87.23 -13.26 -87.23 -13.26 curveto
-87.23 -13.26 -87.75 -13.04 -87.88 -11.34 curveto
-88.01 -9.64 -88.36 -9.03 -88.62 -7.81 curveto
-88.89 -6.58 -89.93 -2.18 -90.02 -1.35 curveto
-90.11 -0.52 -91.29 0.83 -89.58 1.71 curveto
-87.88 2.58 -86.01 3.1 -84.96 3.76 curveto
-83.91 4.41 -81.86 6.81 -81.12 7.82 curveto
-80.38 8.82 -78.81 11.31 -78.72 12.57 curveto
-78.63 13.84 -79.11 16.32 -79.5 17.2 curveto
-79.9 18.07 -80.64 19.2 -79.98 19.47 curveto
-79.33 19.73 -78.54 20.12 -77.98 20.86 curveto
-77.41 21.6 -75.49 21.43 -74.18 22.35 curveto
-72.87 23.26 -69.6 25.79 -68.59 26.05 curveto
-67.59 26.32 -64.89 27.45 -62.57 28.59 curveto
-60.26 29.72 -53.1 33.39 -52.41 33.78 curveto
-51.71 34.17 -49.61 36.61 -48.83 37.36 curveto
-48.04 38.1 -45.55 39.49 -43.94 39.93 curveto
-42.33 40.37 -39.1 41.2 -38.31 41.85 curveto
-37.53 42.5 -35.17 45.52 -34.95 46.91 curveto
-34.73 48.31 -33.9 52.71 -35.56 54.29 curveto stroke
 0 0 0 setrgbcolor 0 0.33333 dtransform truncate idtransform setlinewidth pop
newpath -35.56 54.28 moveto
-35.56 54.28 -35.91 54.8 -36.7 55.32 curveto
-37.48 55.85 -37.48 56.46 -37.92 56.59 curveto
-38.35 56.72 -38.53 55.89 -38.83 56.37 curveto
-39.14 56.85 -40.62 58.69 -40.8 59.69 curveto
-40.97 60.7 -41.71 63.84 -41.58 64.67 curveto
-41.45 65.5 -41.1 68.03 -40.97 69.34 curveto
-40.84 70.65 -41.58 74.23 -42.06 74.97 curveto
-42.54 75.71 -44.03 77.33 -44.51 77.72 curveto
-44.99 78.11 -46.17 78.72 -46.56 78.85 curveto stroke
 0 0 1 setrgbcolor 0 0.23332 dtransform truncate idtransform setlinewidth pop
newpath -35.56 54.28 moveto
-35.56 54.28 -35.91 54.8 -36.7 55.32 curveto
-37.48 55.85 -37.48 56.46 -37.92 56.59 curveto
-38.35 56.72 -38.53 55.89 -38.83 56.37 curveto
-39.14 56.85 -40.62 58.69 -40.8 59.69 curveto
-40.97 60.7 -41.71 63.84 -41.58 64.67 curveto
-41.45 65.5 -41.1 68.03 -40.97 69.34 curveto
-40.84 70.65 -41.58 74.23 -42.06 74.97 curveto
-42.54 75.71 -44.03 77.33 -44.51 77.72 curveto
-44.99 78.11 -46.17 78.72 -46.56 78.85 curveto stroke
 1 0 0 setrgbcolor
newpath -35.56 54.29 moveto
-35.56 54.29 -35.91 54.81 -36.7 55.33 curveto
-37.48 55.86 -37.48 56.47 -37.92 56.6 curveto
-38.35 56.73 -38.53 55.9 -38.83 56.38 curveto
-39.14 56.86 -40.62 58.69 -40.8 59.7 curveto
-40.97 60.7 -41.71 63.84 -41.58 64.67 curveto
-41.45 65.5 -41.1 68.03 -40.97 69.34 curveto
-40.84 70.65 -41.58 74.23 -42.06 74.97 curveto
-42.54 75.71 -44.03 77.33 -44.51 77.72 curveto
-44.99 78.11 -46.16 78.72 -46.56 78.85 curveto stroke
 0 0 0 setrgbcolor 0 0.33333 dtransform truncate idtransform setlinewidth pop
newpath -48.44 71.21 moveto
-48.44 70.08 -48.7 67.85 -49.44 66.59 curveto
-50.18 65.32 -51.36 64.27 -50.92 62.26 curveto
-50.49 60.26 -50.14 59.43 -50.09 58.73 curveto
-50.05 58.03 -50.48 57.33 -50 56.11 curveto
-49.52 54.89 -48.78 54.1 -48.13 53.23 curveto
-47.47 52.36 -47.43 50.09 -47.95 49.52 curveto
-48.48 48.96 -48.39 48.17 -48.96 47.47 curveto
-49.52 46.78 -51.18 45.6 -52.09 44.81 curveto
-53.01 44.03 -55.63 41.29 -56.46 40.5 curveto
-57.29 39.72 -61.13 37.27 -62.13 36.49 curveto
-63.14 35.7 -65.01 33.91 -65.67 33.52 curveto
-66.32 33.13 -68.5 32.12 -69.94 31.55 curveto
-71.38 30.99 -73.13 29.72 -75.09 28.98 curveto
-77.05 28.24 -80.85 25.84 -81.98 25.01 curveto
-83.12 24.18 -86.13 23.05 -86.26 22.35 curveto
-86.39 21.65 -86.61 21.17 -85.96 19.95 curveto
-85.31 18.73 -84.22 16.54 -83.61 15.93 curveto
-83 15.32 -82.91 13.97 -83.39 13.53 curveto
-83.87 13.09 -84.31 12.39 -84.35 11.52 curveto
-84.4 10.65 -84.44 9.03 -85.44 8.12 curveto
-86.44 7.2 -87.53 6.02 -89.06 5.59 curveto
-90.59 5.15 -93.24 4.45 -93.9 2.93 curveto
-94.55 1.4 -94.07 -0.56 -93.73 -2.22 curveto
-93.38 -3.88 -92.42 -6.11 -92.24 -7.15 curveto
-92.07 -8.2 -92.59 -10.25 -92.46 -10.95 curveto
-92.33 -11.65 -92.64 -13.39 -91.15 -14.61 curveto
-89.67 -15.84 -88.19 -17.1 -87.01 -18.1 curveto
-85.83 -19.11 -85.09 -19.41 -84.61 -20.59 curveto
-84.13 -21.77 -83.47 -23.25 -82.64 -24.08 curveto
-81.82 -24.91 -80.46 -26.56 -80.46 -27.74 curveto
-80.46 -28.92 -79.72 -30.27 -79.72 -31.54 curveto
-79.72 -32.8 -79.95 -35.64 -78.94 -36.38 curveto
-77.94 -37.12 -75.89 -38.78 -74.93 -39.52 curveto
-73.97 -40.27 -72.18 -43.28 -71.31 -43.84 curveto
-70.44 -44.41 -70.66 -45.98 -67.47 -45.98 curveto
-64.29 -45.99 -61.93 -45.81 -60.14 -46.29 curveto
-58.35 -46.77 -54.29 -46.95 -53.86 -46.34 curveto
-53.42 -45.72 -51.54 -41.88 -50.8 -40.88 curveto
-50.06 -39.88 -45.52 -37.87 -44.69 -37.52 curveto
-43.86 -37.17 -37.92 -34.25 -37.17 -33.86 curveto
-36.43 -33.46 -30.71 -31.67 -29.84 -31.81 curveto
-28.97 -31.94 -26.87 -31.63 -25.65 -31.33 curveto
-24.43 -31.02 -22.95 -30.19 -21.77 -29.98 curveto
-20.59 -29.76 -17.1 -30.07 -15.83 -29.59 curveto
-14.57 -29.11 -11.34 -28.14 -9.34 -27.62 curveto
-7.33 -27.1 -3.36 -25.74 -2.53 -24.43 curveto
-1.7 -23.12 1.31 -20.85 1.84 -20.9 curveto
2.36 -20.94 2.62 -21.29 2.71 -21.55 curveto stroke
 0 0 1 setrgbcolor 0 0.23332 dtransform truncate idtransform setlinewidth pop
newpath -48.44 71.21 moveto
-48.44 70.08 -48.7 67.85 -49.44 66.59 curveto
-50.18 65.32 -51.36 64.27 -50.92 62.26 curveto
-50.49 60.26 -50.14 59.43 -50.09 58.73 curveto
-50.05 58.03 -50.48 57.33 -50 56.11 curveto
-49.52 54.89 -48.78 54.1 -48.13 53.23 curveto
-47.47 52.36 -47.43 50.09 -47.95 49.52 curveto
-48.48 48.96 -48.39 48.17 -48.96 47.47 curveto
-49.52 46.78 -51.18 45.6 -52.09 44.81 curveto
-53.01 44.03 -55.63 41.29 -56.46 40.5 curveto
-57.29 39.72 -61.13 37.27 -62.13 36.49 curveto
-63.14 35.7 -65.01 33.91 -65.67 33.52 curveto
-66.32 33.13 -68.5 32.12 -69.94 31.55 curveto
-71.38 30.99 -73.13 29.72 -75.09 28.98 curveto
-77.05 28.24 -80.85 25.84 -81.98 25.01 curveto
-83.12 24.18 -86.13 23.05 -86.26 22.35 curveto
-86.39 21.65 -86.61 21.17 -85.96 19.95 curveto
-85.31 18.73 -84.22 16.54 -83.61 15.93 curveto
-83 15.32 -82.91 13.97 -83.39 13.53 curveto
-83.87 13.09 -84.31 12.39 -84.35 11.52 curveto
-84.4 10.65 -84.44 9.03 -85.44 8.12 curveto
-86.44 7.2 -87.53 6.02 -89.06 5.59 curveto
-90.59 5.15 -93.24 4.45 -93.9 2.93 curveto
-94.55 1.4 -94.07 -0.56 -93.73 -2.22 curveto
-93.38 -3.88 -92.42 -6.11 -92.24 -7.15 curveto
-92.07 -8.2 -92.59 -10.25 -92.46 -10.95 curveto
-92.33 -11.65 -92.64 -13.39 -91.15 -14.61 curveto
-89.67 -15.84 -88.19 -17.1 -87.01 -18.1 curveto
-85.83 -19.11 -85.09 -19.41 -84.61 -20.59 curveto
-84.13 -21.77 -83.47 -23.25 -82.64 -24.08 curveto
-81.82 -24.91 -80.46 -26.56 -80.46 -27.74 curveto
-80.46 -28.92 -79.72 -30.27 -79.72 -31.54 curveto
-79.72 -32.8 -79.95 -35.64 -78.94 -36.38 curveto
-77.94 -37.12 -75.89 -38.78 -74.93 -39.52 curveto
-73.97 -40.27 -72.18 -43.28 -71.31 -43.84 curveto
-70.44 -44.41 -70.66 -45.98 -67.47 -45.98 curveto
-64.29 -45.98 -61.93 -45.81 -60.14 -46.29 curveto
-58.35 -46.77 -54.29 -46.95 -53.86 -46.34 curveto
-53.42 -45.72 -51.54 -41.88 -50.8 -40.88 curveto
-50.06 -39.88 -45.52 -37.87 -44.69 -37.52 curveto
-43.86 -37.17 -37.92 -34.25 -37.17 -33.86 curveto
-36.43 -33.46 -30.71 -31.67 -29.84 -31.81 curveto
-28.97 -31.94 -26.87 -31.63 -25.65 -31.33 curveto
-24.43 -31.02 -22.95 -30.19 -21.77 -29.98 curveto
-20.59 -29.76 -17.1 -30.06 -15.83 -29.59 curveto
-14.57 -29.11 -11.34 -28.14 -9.34 -27.62 curveto
-7.33 -27.1 -3.36 -25.74 -2.53 -24.43 curveto
-1.7 -23.12 1.31 -20.85 1.84 -20.9 curveto
2.36 -20.94 2.62 -21.29 2.71 -21.55 curveto stroke
 1 0 0 setrgbcolor
newpath -48.43 71.22 moveto
-48.43 70.08 -48.7 67.86 -49.44 66.59 curveto
-50.18 65.33 -51.36 64.28 -50.92 62.27 curveto
-50.48 60.26 -50.14 59.44 -50.09 58.74 curveto
-50.05 58.04 -50.48 57.34 -50 56.12 curveto
-49.52 54.9 -48.78 54.11 -48.13 53.24 curveto
-47.47 52.37 -47.43 50.1 -47.95 49.53 curveto
-48.48 48.96 -48.39 48.18 -48.96 47.48 curveto
-49.53 46.78 -51.18 45.6 -52.1 44.82 curveto
-53.02 44.03 -55.63 41.28 -56.46 40.5 curveto
-57.29 39.71 -61.13 37.27 -62.14 36.48 curveto
-63.14 35.7 -65.02 33.91 -65.67 33.52 curveto
-66.33 33.12 -68.51 32.12 -69.95 31.55 curveto
-71.39 30.99 -73.13 29.72 -75.1 28.98 curveto
-77.06 28.24 -80.86 25.84 -81.99 25.01 curveto
-83.13 24.18 -86.14 23.04 -86.27 22.35 curveto
-86.4 21.65 -86.62 21.17 -85.96 19.95 curveto
-85.31 18.72 -84.22 16.54 -83.61 15.93 curveto
-82.99 15.32 -82.91 13.97 -83.39 13.53 curveto
-83.87 13.1 -84.3 12.4 -84.35 11.52 curveto
-84.39 10.65 -84.43 9.04 -85.44 8.12 curveto
-86.44 7.21 -87.53 6.03 -89.06 5.59 curveto
-90.59 5.15 -93.25 4.46 -93.9 2.93 curveto
-94.56 1.4 -94.08 -0.56 -93.73 -2.22 curveto
-93.38 -3.88 -92.42 -6.1 -92.25 -7.15 curveto
-92.07 -8.2 -92.6 -10.25 -92.46 -10.95 curveto
-92.33 -11.65 -92.64 -13.39 -91.16 -14.61 curveto
-89.67 -15.83 -88.19 -17.1 -87.01 -18.1 curveto
-85.83 -19.11 -85.09 -19.41 -84.61 -20.59 curveto
-84.13 -21.77 -83.48 -23.25 -82.65 -24.08 curveto
-81.82 -24.91 -80.47 -26.57 -80.47 -27.75 curveto
-80.47 -28.93 -79.72 -30.28 -79.72 -31.54 curveto
-79.72 -32.81 -79.94 -35.65 -78.94 -36.39 curveto
-77.93 -37.13 -75.88 -38.79 -74.92 -39.53 curveto
-73.96 -40.27 -72.17 -43.28 -71.3 -43.85 curveto
-70.43 -44.42 -70.65 -45.99 -67.46 -45.99 curveto
-64.28 -45.99 -61.92 -45.81 -60.13 -46.29 curveto
-58.34 -46.77 -54.28 -46.95 -53.85 -46.34 curveto
-53.41 -45.73 -51.54 -41.89 -50.79 -40.88 curveto
-50.05 -39.88 -45.51 -37.87 -44.68 -37.52 curveto
-43.86 -37.17 -37.92 -34.25 -37.18 -33.86 curveto
-36.44 -33.46 -30.72 -31.68 -29.85 -31.81 curveto
-28.98 -31.94 -26.88 -31.63 -25.66 -31.33 curveto
-24.44 -31.02 -22.95 -30.19 -21.78 -29.97 curveto
-20.6 -29.76 -17.11 -30.06 -15.84 -29.58 curveto
-14.58 -29.1 -11.35 -28.14 -9.34 -27.62 curveto
-7.33 -27.09 -3.36 -25.74 -2.53 -24.43 curveto
-1.7 -23.12 1.31 -20.86 1.83 -20.9 curveto
2.35 -20.94 2.62 -21.29 2.7 -21.55 curveto stroke
 0 0 0 setrgbcolor 0 0.33333 dtransform truncate idtransform setlinewidth pop
newpath 4.67 -21.33 moveto
5.32 -20.85 5.02 -21.11 5.85 -21.2 curveto
6.67 -21.29 8.99 -22.07 9.55 -22.77 curveto
10.12 -23.47 11.95 -26.7 12.17 -27.18 curveto
12.39 -27.66 13.92 -29.5 13.79 -29.71 curveto
13.65 -29.93 13.09 -30.41 13.09 -30.41 curveto stroke
 0 0 1 setrgbcolor 0 0.23332 dtransform truncate idtransform setlinewidth pop
newpath 4.67 -21.33 moveto
5.32 -20.85 5.02 -21.11 5.85 -21.2 curveto
6.67 -21.29 8.99 -22.07 9.55 -22.77 curveto
10.12 -23.47 11.95 -26.7 12.17 -27.18 curveto
12.39 -27.66 13.92 -29.5 13.79 -29.71 curveto
13.65 -29.93 13.09 -30.41 13.09 -30.41 curveto stroke
 1 0 0 setrgbcolor
newpath 4.67 -21.34 moveto
5.32 -20.86 5.02 -21.12 5.85 -21.2 curveto
6.67 -21.29 8.99 -22.08 9.55 -22.78 curveto
10.12 -23.47 11.95 -26.7 12.17 -27.18 curveto
12.39 -27.66 13.92 -29.5 13.79 -29.71 curveto
13.66 -29.93 13.09 -30.41 13.09 -30.41 curveto stroke
 0 0 0 setrgbcolor 0 0.33333 dtransform truncate idtransform setlinewidth pop
newpath 14.92 -32.42 moveto
15.58 -32.07 15.36 -31.59 16.01 -32.5 curveto
16.67 -33.42 18.54 -34.38 19.07 -35.47 curveto
19.59 -36.56 21.64 -37.82 21.56 -39.39 curveto
21.47 -40.97 20.68 -43.32 21.6 -44.77 curveto
22.52 -46.21 24.92 -49.88 25.18 -51.41 curveto
25.45 -52.93 25.88 -58.86 26.58 -59.52 curveto
27.28 -60.17 29.81 -62.62 30.81 -63.49 curveto
31.81 -64.36 35.65 -67.37 36.52 -68.54 curveto
37.4 -69.72 39.58 -72.3 39.49 -73.79 curveto
39.41 -75.27 39.19 -78.85 42.07 -78.37 curveto
44.95 -77.89 49.22 -77.32 50.14 -77.01 curveto
51.05 -76.71 55.07 -74.31 57.33 -74.04 curveto
59.6 -73.78 64.7 -73.86 65.49 -73.47 curveto
66.27 -73.08 71.95 -70.7 73.69 -69.69 curveto
75.44 -68.69 80.24 -67.08 81.55 -66.46 curveto
82.86 -65.85 88.23 -63.67 89.49 -63.28 curveto
90.76 -62.88 94.2 -61.44 94.55 -61.31 curveto stroke
 0 0 1 setrgbcolor 0 0.23332 dtransform truncate idtransform setlinewidth pop
newpath 14.92 -32.42 moveto
15.58 -32.07 15.36 -31.59 16.01 -32.5 curveto
16.67 -33.42 18.54 -34.38 19.07 -35.47 curveto
19.59 -36.56 21.64 -37.82 21.56 -39.39 curveto
21.47 -40.97 20.68 -43.32 21.6 -44.77 curveto
22.52 -46.21 24.92 -49.88 25.18 -51.41 curveto
25.45 -52.93 25.88 -58.86 26.58 -59.52 curveto
27.28 -60.17 29.81 -62.62 30.81 -63.49 curveto
31.81 -64.36 35.65 -67.37 36.52 -68.54 curveto
37.4 -69.72 39.58 -72.3 39.49 -73.79 curveto
39.4 -75.27 39.19 -78.85 42.07 -78.37 curveto
44.95 -77.89 49.22 -77.32 50.14 -77.01 curveto
51.05 -76.71 55.07 -74.3 57.33 -74.04 curveto
59.6 -73.78 64.7 -73.87 65.49 -73.47 curveto
66.27 -73.08 71.95 -70.7 73.69 -69.69 curveto
75.44 -68.69 80.24 -67.08 81.55 -66.46 curveto
82.86 -65.85 88.23 -63.67 89.49 -63.28 curveto
90.76 -62.88 94.2 -61.44 94.55 -61.31 curveto stroke
 1 0 0 setrgbcolor
newpath 14.92 -32.42 moveto
15.58 -32.07 15.36 -31.59 16.01 -32.51 curveto
16.67 -33.42 18.54 -34.38 19.07 -35.47 curveto
19.59 -36.56 21.64 -37.83 21.55 -39.4 curveto
21.47 -40.97 20.68 -43.33 21.6 -44.77 curveto
22.51 -46.21 24.91 -49.87 25.18 -51.4 curveto
25.44 -52.93 25.87 -58.86 26.57 -59.52 curveto
27.27 -60.17 29.8 -62.62 30.8 -63.49 curveto
31.81 -64.36 35.65 -67.37 36.52 -68.55 curveto
37.39 -69.73 39.57 -72.3 39.49 -73.79 curveto
39.4 -75.27 39.18 -78.85 42.06 -78.37 curveto
44.94 -77.89 49.22 -77.32 50.13 -77.02 curveto
51.05 -76.71 55.06 -74.31 57.33 -74.05 curveto
59.6 -73.79 64.71 -73.87 65.49 -73.48 curveto
66.28 -73.09 71.95 -70.69 73.7 -69.69 curveto
75.44 -68.68 80.24 -67.07 81.55 -66.46 curveto
82.86 -65.85 88.23 -63.66 89.49 -63.27 curveto
90.76 -62.88 94.21 -61.44 94.55 -61.31 curveto stroke
 0 0 0 setrgbcolor 0 3.98505 dtransform truncate idtransform setlinewidth pop
newpath 39.49 -73.79 moveto 0 0 rlineto stroke
newpath 39.58 -72.3 moveto 0 0 rlineto stroke
 0.23332 0 dtransform exch truncate exch idtransform pop setlinewidth
newpath 39.49 -73.79 moveto
39.58 -72.3 lineto stroke
 1 0.85 0 setrgbcolor 0 3.98505
 dtransform truncate idtransform setlinewidth pop
newpath 39.49 -73.79 moveto 0 0 rlineto stroke
newpath 39.57 -72.3 moveto 0 0 rlineto stroke
 0.23332 0 dtransform exch truncate exch idtransform pop setlinewidth
newpath 39.49 -73.79 moveto
39.49 -73.79 lineto
39.57 -72.3 lineto
39.58 -72.3 lineto stroke
showpage
%%EOF
