%!PS
%%BoundingBox: -281 -396 284 393 
%%HiResBoundingBox: -280.71251 -395.96251 283.43134 392.34251 
%%Creator: MetaPost 1.209
%%CreationDate: 2019.09.26:1811
%%Pages: 1
%%BeginProlog
%%EndProlog
%%Page: 1 1
 0 0 0 setrgbcolor 0 0.24501 dtransform truncate idtransform setlinewidth pop
 [] 0 setdash 1 setlinecap 1 setlinejoin 10 setmiterlimit
newpath -60.82 -395.84 moveto
-59.37 -395.79 -51.31 -393.84 -50.1 -392.79 curveto
-48.9 -391.74 -40.67 -385.95 -39.33 -384.81 curveto
-37.98 -383.68 -28.89 -377.09 -27.9 -375.26 curveto
-26.9 -373.44 -24.63 -368.11 -25.16 -365.41 curveto
-25.69 -362.71 -26.39 -351.64 -25.29 -349.37 curveto
-24.2 -347.1 -22.39 -338.12 -21.63 -336.18 curveto
-20.86 -334.23 -18.08 -325.59 -17.65 -323.17 curveto
-17.21 -320.74 -17.89 -317.12 -17.76 -316.24 curveto
-17.62 -315.36 -16.59 -305.8 -15.53 -304.62 curveto
-14.48 -303.44 -9.72 -299.33 -8.46 -297.27 curveto
-7.2 -295.2 0.08 -286.89 1.03 -285.36 curveto
1.97 -283.84 6.11 -275.08 6.3 -272.39 curveto
6.5 -269.7 4.63 -256.85 3.91 -254.46 curveto
3.19 -252.06 0.84 -237.88 0.67 -235.08 curveto
0.49 -232.28 -1.05 -224.75 1.71 -222.41 curveto
4.46 -220.07 8.47 -219.57 10.51 -217.29 curveto
12.55 -215.02 16.47 -210.33 16.93 -207.32 curveto
17.38 -204.32 16.28 -193.64 16.67 -191.58 curveto
17.07 -189.52 18.88 -182.35 19.3 -181.37 curveto
19.71 -180.39 20.77 -178.42 21.51 -177.85 curveto
22.25 -177.28 24.89 -174.37 25.05 -172.91 curveto
25.21 -171.45 24.84 -168.96 26.91 -168.63 curveto
28.98 -168.3 34.44 -167.88 36.36 -165.83 curveto
38.27 -163.78 43.07 -159.95 43.2 -156.54 curveto
43.32 -153.12 41.78 -145.6 42.11 -144.49 curveto
42.45 -143.37 43.51 -142.34 43.92 -141.21 curveto
44.32 -140.09 44.62 -137.75 45.84 -136.85 curveto
47.06 -135.94 47.7 -134.3 48.26 -132.51 curveto
48.83 -130.73 51.7 -124.84 52.45 -124.34 curveto
53.2 -123.84 55.79 -120.57 57.03 -118.22 curveto
58.26 -115.87 60.8 -111.88 61.75 -111.15 curveto
62.69 -110.41 68.78 -108.21 69.98 -106.3 curveto
71.18 -104.38 73.44 -102.16 74.8 -100.37 curveto
76.16 -98.59 79.56 -96.19 81.61 -94.86 curveto
83.66 -93.52 87.76 -89.25 88.25 -87.4 curveto
88.74 -85.55 91.97 -79.63 92.3 -78.44 curveto
92.63 -77.26 95.74 -71.56 97.94 -69.48 curveto
100.14 -67.41 104.12 -63.44 106.09 -63.62 curveto
108.06 -63.81 115.05 -65.28 116.38 -64.8 curveto
117.71 -64.32 122.41 -63.47 124.07 -62.6 curveto
125.72 -61.73 134.09 -59.89 135.43 -59.56 curveto
136.78 -59.22 142.94 -60.26 143.72 -60.91 curveto
144.5 -61.56 149.31 -63.59 152.65 -61.34 curveto
155.99 -59.09 157.44 -59.97 159.15 -58.08 curveto
160.86 -56.19 163.63 -52.4 164.98 -50.48 curveto
166.33 -48.55 171.01 -45.97 172.61 -43.58 curveto
174.2 -41.2 174.84 -39.41 174.9 -37.67 curveto
174.96 -35.93 174.13 -31.12 175.63 -27.66 curveto
177.02 -24.44 183.63 -13.84 185.41 -11.08 curveto
187.19 -8.32 192.19 -3.61 194.88 -2.21 curveto
197.57 -0.81 203.49 2.46 210.15 2.41 curveto
216.8 2.35 225.45 5.8 229.35 7.45 curveto
233.25 9.1 244.3 15.72 245.87 16.73 curveto
247.45 17.74 251.98 21.25 252.01 22.55 curveto stroke
newpath 251.59 28.95 moveto
250.93 29.83 248.4 34.02 247.61 35.61 curveto
246.81 37.2 244.56 41.41 244.75 43.31 curveto
244.95 45.21 244.88 51.64 244.28 54.26 curveto
243.68 56.88 240.78 62.62 240.38 64.61 curveto
239.99 66.6 238.9 76.33 238.93 77.56 curveto
238.97 78.79 238.26 85.88 236.86 89.37 curveto
235.47 92.86 233.59 96.88 233.52 100.13 curveto
233.45 103.37 232.93 113.23 232.26 115.91 curveto
231.59 118.6 229.82 122.2 229.35 123.46 curveto
228.88 124.72 227.23 128.69 228.15 130.44 curveto
229.08 132.19 231.01 135.69 231.14 139.9 curveto
231.27 144.1 230.58 153.36 230.64 155.17 curveto
230.69 156.98 230.61 159.58 231.92 161.07 curveto
233.23 162.56 234.75 165.8 232.4 167.83 curveto
230.05 169.86 228.72 171.04 225.93 173.18 curveto
223.14 175.31 221.42 177.61 223.05 179.64 curveto
224.67 181.66 225.94 183.65 226.14 185.48 curveto
226.34 187.31 228.48 196.54 229.38 198.57 curveto
230.28 200.61 231.39 202.8 231.39 202.8 curveto
231.39 202.8 229 202.81 228.41 203.76 curveto
227.82 204.72 227.98 210.16 229.06 212.64 curveto
230.14 215.13 230.43 222.31 230.41 226.64 curveto
230.38 230.98 231.09 243.33 230.98 247.07 curveto
230.86 250.82 232.1 260.4 232.95 262.28 curveto
233.79 264.16 236.15 270.16 237.57 271.22 curveto
239 272.29 246.02 280.29 247.89 282.77 curveto
249.77 285.26 257.81 293.06 259.34 294.57 curveto
260.87 296.08 270.6 302.01 273.56 302.93 curveto
276.51 303.84 281.87 304.46 282.4 309.07 curveto
282.93 313.67 281.69 317.1 281.85 319.35 curveto
282.01 321.6 282.11 329.49 282.72 331.64 curveto
283.32 333.79 284.32 342.91 280.6 345.76 curveto
276.88 348.61 271.07 352.07 268.79 353.39 curveto
266.5 354.7 260.46 358.35 259.14 359.39 curveto
257.82 360.43 253.29 363.42 252.43 369.71 curveto
251.58 376 253.14 386.91 253.32 388.95 curveto stroke
newpath 237.27 392.22 moveto
236.7 388.84 234.21 373 236.8 369.9 curveto
239.39 366.81 241.79 357.77 247.51 355.24 curveto
253.23 352.72 255.73 350.63 257.91 348.94 curveto
260.08 347.26 263.53 345.83 264.65 343.04 curveto
265.77 340.25 265.45 329.1 263.76 323.74 curveto
262.06 318.39 259.59 308.76 258.36 306.34 curveto
257.13 303.92 248.1 299.78 245.59 297.24 curveto
243.07 294.7 225.41 280.4 224.17 278.12 curveto
222.92 275.84 219.68 271.65 219.06 267.26 curveto
218.44 262.87 219.73 258.07 219.9 256.21 curveto
220.07 254.34 219.64 244.48 220.14 240.47 curveto
220.64 236.47 220.32 223.86 219.77 220.34 curveto
219.21 216.82 217.21 210.14 216.58 205.89 curveto
215.95 201.63 212.7 191.08 212.43 189.32 curveto
212.15 187.56 210.89 177.47 212.47 174.29 curveto
214.05 171.11 218.33 166.87 218.45 163.84 curveto
218.58 160.82 219.47 152.37 218.48 148.95 curveto
217.48 145.54 214.77 138.65 212.03 135.37 curveto
209.29 132.09 204.5 127.47 205.6 121.64 curveto
206.7 115.81 209.8 113.35 212.52 112 curveto
215.24 110.65 221.74 109.05 222.02 105.9 curveto
222.3 102.74 222.33 97.54 221.8 95.47 curveto
221.26 93.4 222.7 85.29 224.21 81.38 curveto
225.71 77.46 226.54 71.46 227.75 67.67 curveto
228.96 63.87 230.53 54.47 230.58 52.31 curveto
230.62 50.15 230.91 42.08 232.66 38.62 curveto
234.41 35.16 235.73 31.66 234.21 29.21 curveto
232.69 26.77 230.55 26.43 226.35 23.3 curveto
222.14 20.18 217.16 16.12 214.34 15.29 curveto
211.53 14.46 205.52 12.18 201.38 11.52 curveto
197.25 10.87 182.82 7.41 179.5 2.48 curveto
176.18 -2.44 167.12 -11.05 166.04 -15.19 curveto
164.96 -19.33 160.75 -27.22 158.58 -30.45 curveto
156.4 -33.68 150.67 -40.84 146 -41.98 curveto
141.34 -43.12 127.63 -45.07 125.31 -44.99 curveto
122.99 -44.91 118.74 -44.28 116.7 -44.03 curveto
114.65 -43.78 107.45 -42.4 107.45 -42.4 curveto stroke
newpath 103.71 -41 moveto
101.87 -41.45 99.95 -42.63 97.75 -45.43 curveto
95.54 -48.23 88.53 -55.5 85.54 -57.65 curveto
82.55 -59.79 74.97 -62.35 71.84 -66.24 curveto
68.72 -70.13 64.08 -73.29 63.25 -78.57 curveto
62.42 -83.85 61.66 -85.07 60.43 -87.49 curveto
59.2 -89.91 57.4 -95.71 56.19 -96.69 curveto stroke
newpath 55.01 -102.86 moveto
54.04 -104.97 51.66 -109.09 50.16 -111.68 curveto
48.66 -114.27 45.52 -118.02 43.42 -120.37 curveto
41.32 -122.73 36.09 -127.24 34.94 -127.34 curveto stroke
newpath 31.28 -127.67 moveto
31.32 -128.1 29.98 -128.44 28.89 -129.19 curveto
27.8 -129.93 26.96 -130.23 26.96 -130.23 curveto stroke
newpath 28.91 -131.06 moveto
29.75 -130.77 31.18 -129.78 32.33 -129.67 curveto
33.48 -129.57 34.04 -128.58 34.71 -128.88 curveto
35.39 -129.18 35.47 -130.04 34.29 -131.38 curveto
33.11 -132.71 32.23 -132.57 32.35 -134.01 curveto
32.48 -135.44 33.22 -136.46 33.17 -138.27 curveto
33.11 -140.09 32.2 -142.05 31.45 -143.34 curveto
30.69 -144.64 29.22 -146.07 28.67 -146.34 curveto
28.11 -146.6 27.6 -145.71 27.17 -145.75 curveto stroke
newpath 26.42 -149.5 moveto
26.69 -150.06 26.69 -150.06 26.15 -151.34 curveto
25.61 -152.61 22.33 -156.31 20.7 -157.4 curveto
19.06 -158.48 17.12 -160.97 16.48 -161.9 curveto
15.84 -162.82 13.33 -165.43 12.24 -166.25 curveto
11.16 -167.07 6.07 -168.39 4.42 -167.74 curveto stroke
newpath 0.51 -170.83 moveto
0.5 -172.35 0.36 -173.23 0.22 -174.91 curveto
0.08 -176.58 0.75 -178.4 1.89 -179.09 curveto
3.04 -179.79 5.49 -181.3 5.89 -181.7 curveto
6.28 -182.1 7.71 -181.83 6.31 -184.77 curveto
4.91 -187.72 3.2 -192.06 2.77 -193.76 curveto
2.35 -195.46 0.74 -201.75 0.41 -202.87 curveto
0.07 -203.98 -3.86 -209.39 -6.05 -210.74 curveto
-8.24 -212.09 -15.64 -216 -17.06 -216.19 curveto
-18.49 -216.39 -20.6 -217.09 -21.56 -216.09 curveto stroke
newpath -26.37 -218.9 moveto
-26 -219.81 -24.64 -219.62 -24.98 -223.12 curveto
-25.32 -226.62 -24.95 -229.11 -24.58 -230.89 curveto
-24.2 -232.66 -21.53 -238.28 -20.88 -239.09 curveto
-20.23 -239.9 -16.98 -242.29 -15.31 -243.23 curveto
-13.64 -244.16 -10.78 -245.43 -10.68 -248.09 curveto
-10.59 -250.76 -10.96 -254.77 -10.07 -257.37 curveto
-9.19 -259.96 -9.65 -262.17 -9.79 -264.57 curveto
-9.94 -266.97 -11.87 -272.86 -12.84 -274.17 curveto
-13.8 -275.49 -18.49 -281.25 -20.35 -283.88 curveto
-22.21 -286.5 -28 -290.48 -26.39 -295.47 curveto
-24.79 -300.46 -22.27 -306.96 -22.49 -309.36 curveto
-22.71 -311.76 -23.46 -319.56 -23.77 -321.83 curveto
-24.07 -324.1 -25.39 -331.23 -26.82 -333.89 curveto
-28.25 -336.55 -31.56 -347.18 -31.85 -349.67 curveto
-32.13 -352.15 -32.73 -364.06 -32.72 -364.92 curveto
-32.72 -365.79 -32.75 -369.48 -34.78 -371.83 curveto
-36.81 -374.18 -41.46 -378.72 -42.59 -379.83 curveto
-43.72 -380.94 -50.24 -386.37 -51.47 -386.41 curveto
-52.69 -386.44 -55.53 -386.19 -55.84 -385.13 curveto stroke
newpath -61.47 -383.68 moveto
-63.23 -382.54 -69.85 -376.4 -71.21 -374.93 curveto
-72.57 -373.46 -79.36 -363.88 -80.33 -362.74 curveto
-81.29 -361.6 -84.05 -359.1 -84.92 -358.17 curveto
-85.8 -357.24 -86.89 -355.6 -87.38 -354.05 curveto
-87.89 -352.5 -89.59 -348.02 -91.6 -347.33 curveto
-93.62 -346.64 -96.21 -345.13 -99.11 -344.31 curveto
-102 -343.48 -106 -341.6 -106.91 -340.23 curveto
-107.83 -338.87 -110.16 -331.28 -110.87 -329.82 curveto
-111.58 -328.37 -115.16 -314.88 -115.35 -310.34 curveto
-115.54 -305.81 -116.81 -296.53 -116.65 -293.48 curveto
-116.49 -290.43 -113.82 -283.04 -113.79 -279.28 curveto
-113.76 -275.52 -115.16 -269.58 -115.86 -267.4 curveto
-116.56 -265.22 -120.14 -259.24 -121.17 -257.38 curveto
-122.2 -255.52 -125.47 -251.4 -126.98 -249.88 curveto
-128.49 -248.35 -132.32 -246.67 -132.9 -244.99 curveto
-133.49 -243.31 -132.51 -242.93 -131.8 -241.13 curveto
-131.09 -239.33 -128.7 -236.16 -129.71 -233.79 curveto
-130.71 -231.42 -131.77 -229.34 -131.94 -229 curveto stroke
newpath -130.81 -222.25 moveto
-131.94 -221.77 -135.4 -220.99 -137.15 -220.06 curveto
-138.9 -219.13 -142.36 -215.97 -143.63 -214.64 curveto
-144.9 -213.31 -148.79 -208.59 -150.19 -206.69 curveto
-151.58 -204.79 -153.27 -202.92 -154.23 -201.92 curveto
-155.19 -200.93 -156.12 -197.76 -155.46 -197.12 curveto
-154.79 -196.48 -154.15 -196.43 -154.15 -196.43 curveto stroke
newpath -154.94 -195.57 moveto
-154.94 -195.57 lineto stroke
newpath -155.78 -195.01 moveto
-155.85 -194.58 lineto
-156 -194.29 lineto
-156.67 -194.07 lineto
-157.01 -193.83 lineto stroke
newpath -154.46 -194.58 moveto
-155.34 -194.37 -156.59 -194.19 -157.3 -193.53 curveto
-158.01 -192.87 -158.87 -192.08 -158.84 -191.64 curveto stroke
newpath -158.84 -191.64 moveto
-158.84 -191.64 -159.9 -191.09 -161.53 -190.65 curveto
-163.16 -190.22 -164.95 -189.59 -165.84 -189.23 curveto
-166.74 -188.88 -168.54 -189.04 -168.53 -188.24 curveto
-168.53 -187.44 -167.75 -185.64 -167.27 -184.51 curveto
-166.79 -183.39 -166.26 -182.83 -165.91 -181.94 curveto
-165.55 -181.04 -165.06 -179.26 -165.06 -179.26 curveto stroke
newpath -168.38 -177.67 moveto
-168.82 -177.71 -169.56 -177.49 -170.42 -178.43 curveto
-171.27 -179.37 -172.75 -181.45 -174.35 -180.57 curveto
-175.95 -179.7 -176.37 -179.02 -176.12 -178.64 curveto
-175.86 -178.26 -175.18 -177.76 -176.57 -177.6 curveto
-177.96 -177.44 -178.59 -176.85 -179.43 -177.14 curveto
-180.27 -177.43 -181.82 -177.87 -181.47 -178.55 curveto
-181.12 -179.24 -180.77 -180 -180.77 -180.72 curveto
-180.78 -181.45 -180.41 -182.35 -181.7 -181.67 curveto
-182.98 -181 -183.75 -180.49 -183.8 -179.99 curveto stroke
newpath -184.96 -179.88 moveto
-185.23 -180.05 -187.42 -181.47 -187.98 -181.66 curveto
-188.54 -181.86 -191.64 -183.6 -193.49 -183.47 curveto
-195.35 -183.33 -198.71 -182.06 -199.86 -181.79 curveto
-201.02 -181.52 -205.02 -180.95 -205.58 -180.99 curveto
-206.19 -181.04 -206.27 -180.31 -206.77 -179.68 curveto
-207.26 -179.07 -207.15 -178.95 -208.3 -178.92 curveto
-209.49 -178.9 -209.87 -180.2 -210.35 -180.86 curveto
-210.8 -181.49 -212.13 -179.34 -212.89 -178.58 curveto
-213.65 -177.81 -215.35 -176.94 -217.06 -176.3 curveto
-218.76 -175.67 -222.37 -175.92 -223.82 -175.34 curveto
-225.26 -174.76 -227.66 -173.83 -228.73 -173.21 curveto
-229.8 -172.59 -229.61 -172.32 -231.23 -172.83 curveto
-232.83 -173.34 -233.03 -174.32 -233.76 -174.1 curveto
-234.47 -173.88 -234.9 -173.04 -234.9 -173.04 curveto stroke
newpath -238.34 -159.03 moveto
-238.34 -159.03 lineto stroke
newpath -234.86 -158.07 moveto
-235.52 -157.77 -240.72 -157.55 -241.89 -157.93 curveto
-243.07 -158.31 -244.91 -159.46 -246.07 -160.12 curveto
-247.24 -160.79 -248.06 -161.43 -248.58 -161.33 curveto stroke
newpath -248.58 -161.33 moveto
-249.59 -161.41 -248.53 -161.89 -251.31 -162.64 curveto
-254.08 -163.4 -255.62 -164.14 -257.13 -164.28 curveto
-258.64 -164.43 -258.87 -164.23 -260.33 -164.08 curveto
-261.79 -163.92 -269.16 -162.29 -271.21 -162.04 curveto
-273.25 -161.8 -278.01 -161.15 -278.01 -161.15 curveto
-280.59 -161.32 lineto stroke
newpath -277.87 -186.7 moveto
-277.02 -186.54 -273.45 -187.79 -270.04 -187.18 curveto
-266.64 -186.58 -259.01 -185.12 -257.63 -184.42 curveto
-256.26 -183.71 -249.83 -180.08 -248.72 -179.61 curveto
-247.62 -179.14 -243.38 -177.08 -242.06 -176.97 curveto
-240.75 -176.86 -237.1 -176.12 -236.71 -176.67 curveto stroke
newpath -236.71 -176.67 moveto
-235.84 -176.91 -232.77 -177.7 -231.64 -177.31 curveto
-230.49 -176.93 -229.39 -175.44 -228.76 -175.96 curveto
-228.13 -176.48 -226.36 -177.7 -225.84 -177.94 curveto
-225.31 -178.18 -223.97 -179.19 -222.99 -179.12 curveto
-221.18 -178.99 -218.52 -179.48 -217.29 -179.92 curveto
-215.3 -180.64 -213.34 -182.57 -212.37 -183.63 curveto
-211.17 -184.94 -206.7 -184.79 -204.74 -183.78 curveto
-202.92 -182.84 -201.19 -185.02 -200.11 -185.23 curveto
-199.03 -185.43 -193.65 -186.99 -192.34 -186.31 curveto
-191.03 -185.62 -185.81 -184.08 -184.3 -184.01 curveto
-182.79 -183.94 -179.63 -185.38 -178.71 -186.02 curveto
-177.78 -186.66 -176.74 -187.8 -176.39 -188.56 curveto
-176.03 -189.33 -175.73 -190.24 -175.73 -190.24 curveto stroke
newpath -171.88 -192.08 moveto
-171.4 -192.61 -171.27 -192.46 -170.7 -194 curveto
-170.13 -195.54 -169.82 -196.61 -169.6 -197.46 curveto
-169.38 -198.31 -169.08 -198.96 -168.36 -199.37 curveto stroke
newpath -170.47 -204.68 moveto
-169.55 -205.32 -168.21 -206.5 -167.59 -207.75 curveto
-166.98 -209 -165.76 -211.27 -165.54 -212.12 curveto
-165.32 -212.97 -164.18 -215.18 -163.77 -215.72 curveto
-163.36 -216.26 -158.11 -224.17 -157.11 -224.88 curveto
-156.1 -225.58 -151.58 -230.17 -150.84 -231.91 curveto
-150.11 -233.66 -147.57 -240.95 -147.55 -242.75 curveto
-147.53 -244.56 -146.21 -253.04 -145.83 -254.02 curveto
-145.45 -254.99 -142.88 -258.81 -140.5 -260.4 curveto
-138.11 -262 -135.28 -265.37 -134.94 -265.91 curveto
-134.61 -266.46 -130.06 -269.6 -129.38 -270.7 curveto
-128.7 -271.79 -127.54 -273.5 -127.45 -275.29 curveto
-127.36 -277.09 -127.47 -279.12 -128.06 -279.83 curveto stroke
newpath -127.49 -284.62 moveto
-127.27 -286.19 -128.22 -288.59 -128.41 -291.21 curveto
-128.61 -293.83 -130.56 -304.34 -130.37 -305.69 curveto
-130.17 -307.05 -130.08 -312.96 -130.08 -314.48 curveto
-130.09 -316 -130.14 -321.93 -129.7 -323.55 curveto
-129.27 -325.17 -129.51 -327.29 -129.44 -328.08 curveto stroke
newpath -124.22 -336.5 moveto
-123.68 -337.75 -121.57 -341.1 -120.29 -342.58 curveto
-119 -344.05 -115.19 -348.7 -113.47 -349.41 curveto
-111.74 -350.13 -107.64 -352.44 -105.82 -353.44 curveto
-103.99 -354.43 -103.25 -356.32 -101.41 -355.8 curveto
-99.58 -355.28 -98.13 -353.7 -97.03 -355.49 curveto
-95.93 -357.27 -94.44 -360.11 -94.24 -360.67 curveto
-94.05 -361.23 -92.28 -364.83 -91.45 -366.78 curveto
-90.63 -368.73 -89.6 -372.17 -88.39 -373.51 curveto
-87.19 -374.84 -85.67 -377.31 -84.41 -378.5 curveto
-83.14 -379.68 -77.26 -384.07 -76.66 -385.18 curveto
-76.05 -386.28 -67.88 -391.19 -66.89 -391.76 curveto
-65.9 -392.32 -64.77 -392.8 -64.3 -393.26 curveto stroke
newpath 39.59 -141.32 moveto
39.35 -141.32 lineto stroke
showpage
%%EOF
