%!PS
%%BoundingBox: -190 -490 189 490 
%%HiResBoundingBox: -189.51001 -489.20442 188.16704 489.15001 
%%Creator: MetaPost 1.209
%%CreationDate: 2019.09.26:1811
%%Pages: 1
%%BeginProlog
%%EndProlog
%%Page: 1 1
 0 0 0 setrgbcolor 0 0.7 dtransform truncate idtransform setlinewidth pop
 [] 0 setdash 1 setlinecap 1 setlinejoin 10 setmiterlimit
newpath -149.4 482.27 moveto
-150.61 479.71 lineto
-150.61 479.71 -150.68 477.25 -150.61 476.53 curveto
-150.55 475.82 -151.88 472.95 -151.88 472.95 curveto
-151.88 472.95 -152.23 472.06 -150.89 470.01 curveto
-149.55 467.96 -147.2 464.42 -147.2 464.42 curveto
-147.2 464.42 -144.87 459.43 -144.65 458.58 curveto
-144.43 457.74 -144 454.59 -143.65 453.9 curveto
-143.3 453.21 -142.12 452.88 -140.54 453.03 curveto
-138.96 453.17 -137.83 453.42 -136.55 453.67 curveto
-135.28 453.93 -133.14 454.27 -132.28 454.35 curveto
-131.42 454.42 -130.35 455.39 -129.29 454.9 curveto
-128.24 454.42 -127.47 453.91 -127.51 452.75 curveto
-127.55 451.59 -128.45 450.35 -128.98 449.86 curveto
-129.51 449.38 -130.83 449.55 -130.83 449.55 curveto stroke
newpath -132.37 447.39 moveto
-132.37 447.39 -131.1 446.2 -131.86 444.98 curveto
-132.62 443.75 -133.73 441.62 -133.73 441.62 curveto
-135.51 439 lineto
-135.51 439 -137.35 436.96 -138 436.17 curveto
-138.65 435.39 -140.31 434.59 -140.6 434.57 curveto
-140.89 434.54 -142.72 433.98 -142.89 433.89 curveto
-143.06 433.8 -145.43 432.76 -145.57 432.71 curveto
-145.71 432.66 -146.83 431.87 -147.01 431.13 curveto
-147.2 430.39 -147.67 429.95 -147.91 429.82 curveto
-148.15 429.69 -148.11 429.3 -148.12 429.01 curveto
-148.13 428.72 -150.18 428.57 -151.44 428.92 curveto
-152.7 429.28 -153.61 429.38 -153.98 429.42 curveto
-154.34 429.46 -154.87 429.66 -155.2 429.78 curveto
-155.54 429.89 -156.03 429.67 -156.38 429.63 curveto stroke
newpath -155.93 421.83 moveto
-155.93 421.83 -154.07 422.8 -153.65 422.98 curveto
-153.23 423.16 -151.73 423.37 -151.62 423.67 curveto
-151.5 423.97 -151.39 424.41 -150.91 424.67 curveto
-150.43 424.93 -149.95 424.4 -150.49 424.06 curveto
-151.04 423.72 -151.75 422.79 -152.3 422.45 curveto
-152.85 422.11 -153.61 421.68 -153.94 421.36 curveto
-154.27 421.04 -154.86 420.41 -155.2 420.16 curveto stroke
newpath -154.36 418.87 moveto
-154.36 418.87 -153.61 419.3 -153.21 419.69 curveto
-152.81 420.09 -152.15 420.8 -152.15 420.8 curveto
-152.15 420.8 -151.22 421.68 -150.96 422.06 curveto
-150.71 422.45 -149.61 423.05 -149.61 423.05 curveto
-149.61 423.05 -150.69 421.44 -150.8 421.07 curveto
-150.91 420.7 -152.02 419.29 -152.06 419 curveto
-152.11 418.71 -151.81 417.8 -152.53 416.94 curveto
-153.24 416.08 -154.18 412.81 -154.37 412.5 curveto
-154.56 412.2 -155.4 410.31 -155.34 409.67 curveto
-155.28 409.02 -155.57 407.4 -155.44 406.84 curveto
-155.32 406.27 -155.16 405.27 -154.85 405.08 curveto
-154.54 404.89 -153.76 405.04 -153.57 405.34 curveto
-153.38 405.65 -152.56 406.09 -152.45 406.46 curveto
-152.33 406.83 -151.8 407.31 -151.6 407.55 curveto
-151.41 407.78 -151.18 408.45 -150.87 408.19 curveto
-150.55 407.93 -150.42 407.29 -150.69 406.98 curveto
-150.95 406.67 -151.29 405.62 -151.29 405.62 curveto
-151.29 405.62 -152.57 404.64 -152.99 404.46 curveto
-153.4 404.27 -153.76 404.24 -154.12 404.21 curveto
-154.48 404.18 -153.2 403.64 -153.69 403.45 curveto
-154.18 403.26 -154.55 402.58 -154.91 402.55 curveto
-155.27 402.51 -155.14 402.67 -156.31 402.78 curveto
-157.47 402.89 -158.04 402.77 -158.85 402.98 curveto
-159.67 403.2 -161.01 403.66 -161.68 403.81 curveto
-162.34 403.97 -163.88 404.19 -164.41 404.43 curveto
-164.94 404.67 -165.61 404.97 -166.23 405.35 curveto
-166.84 405.73 -167.08 406.79 -167.48 407.19 curveto
-167.87 407.59 -167.94 408.31 -168.21 408.86 curveto stroke
newpath -175.05 403.03 moveto
-175.05 403.03 -173.27 401.67 -172.86 401.13 curveto
-172.45 400.59 -171.12 398.76 -170.8 398.36 curveto
-170.47 397.95 -170.35 396.66 -169.81 396.2 curveto
-169.26 395.75 -168.9 394.99 -168.41 394.31 curveto
-167.91 393.63 -168.89 394.05 -169.85 393.53 curveto
-170.82 393 -172.21 391.58 -172.3 391.06 curveto
-172.4 390.55 -173.84 388.83 -174.36 388.27 curveto
-174.89 387.72 -175.86 384.81 -176.01 384.14 curveto
-176.17 383.48 -177.58 380.68 -177.58 380.68 curveto
-177.58 380.68 -178.2 378.02 -178.07 376.51 curveto
-177.93 375.01 -177.8 371.98 -177.85 370.9 curveto
-177.89 369.81 -178.21 363.78 -178.57 363.68 curveto
-178.92 363.57 -179.06 359.51 -178.98 358.65 curveto
-178.9 357.79 -178.31 354.52 -178.52 353.56 curveto
-178.72 352.61 -178.34 349.17 -178.35 348.52 curveto
-178.36 347.87 -177.13 345.45 -178.05 345.22 curveto
-178.97 345 -180.84 344.9 -181.77 344.82 curveto
-182.7 344.73 -184.36 344.73 -185.26 344.21 curveto
-186.15 343.7 -187.88 343.61 -189 344.02 curveto stroke
newpath -189.16 336.27 moveto
-189.16 336.27 -187.69 336.69 -186.66 336.5 curveto
-185.63 336.3 -183.99 336.59 -183.57 336.78 curveto
-183.16 336.96 -181.85 337.66 -181.01 337.95 curveto
-180.16 338.24 -178.5 338.97 -177.62 338.91 curveto
-176.75 338.84 -176.03 338.9 -176.08 337.82 curveto
-176.12 336.73 -176.58 335.31 -176.43 334.53 curveto
-176.29 333.75 -175.59 331.65 -175.16 330.82 curveto
-174.72 329.99 -173.44 327.79 -172.93 326.97 curveto
-172.42 326.15 -170.96 323.61 -170.61 322.92 curveto
-170.26 322.23 -168.34 318.57 -168.07 318.01 curveto
-167.81 317.46 -166.72 315.03 -166.3 314.34 curveto
-165.87 313.66 -165.48 312.47 -165.17 312.28 curveto
-164.87 312.09 -164.12 312.66 -163.75 311.75 curveto
-163.38 310.85 -162.71 309.82 -162.65 309.11 curveto
-162.58 308.39 -161.24 305.55 -160.84 305.08 curveto
-160.43 304.61 -159.54 303.53 -159.27 302.91 curveto
-158.99 302.28 -157.95 301.15 -157.81 300.36 curveto
-157.67 299.58 -156.92 297.7 -156.91 296.83 curveto
-156.91 295.96 -156.28 293.78 -156.19 292.77 curveto
-156.09 291.77 -155.93 289.11 -155.37 288.58 curveto
-154.82 288.05 -154.16 286.37 -153.79 286.26 curveto
-153.42 286.15 -151.89 286.8 -151.08 286.65 curveto
-150.27 286.51 -148.44 286.24 -148.07 286.2 curveto
-147.71 286.16 -145.89 285.31 -145.43 284.92 curveto
-144.96 284.53 -143.77 283.41 -143.55 282.63 curveto
-143.34 281.86 -142.71 279.74 -142.23 279.21 curveto
-141.75 278.67 -140.25 275.7 -140.25 275.7 curveto
-140.25 275.7 -138.57 272.31 -138.53 271.88 curveto
-138.49 271.45 -137.65 269.28 -137.23 268.74 curveto
-136.82 268.2 -136.02 265.67 -135.96 265.09 curveto
-135.91 264.52 -135.48 261.38 -135.59 261 curveto
-135.7 260.63 -136.88 259.23 -136.91 258.72 curveto
-136.93 258.21 -136.89 255.39 -136.93 255.03 curveto
-136.97 254.66 -137.18 252.18 -137.38 251.95 curveto
-137.57 251.71 -138.41 251.35 -138.64 250.75 curveto
-138.88 250.15 -139.95 247.67 -140.13 247.22 curveto
-140.3 246.77 -140.96 244.47 -141.32 243.64 curveto
-141.68 242.81 -142.74 240.98 -142.89 240.24 curveto
-143.04 239.5 -144.47 236.12 -144.57 235.61 curveto
-144.67 235.09 -144.83 232.11 -145.33 231.2 curveto
-145.82 230.29 -146.29 227.5 -146.27 226.49 curveto stroke
newpath -129.71 137.99 moveto
-129.71 137.99 -128.46 135.29 -128.81 134.46 curveto
-129.17 133.63 -129.8 131.84 -129.39 131.23 curveto
-128.97 130.61 -129.26 129.79 -129.6 129.54 curveto
-129.93 129.3 -132.24 126.78 -133.19 126.11 curveto
-134.14 125.45 -136.07 124.41 -136.08 123.68 curveto
-136.08 122.96 -135.53 121.64 -135.2 121.23 curveto
-134.88 120.83 -134.09 120.1 -133.42 119.88 curveto
-132.75 119.65 -131.02 118.87 -130.55 118.47 curveto
-130.08 118.08 -128.66 117.56 -128.1 117.03 curveto
-127.55 116.51 -125.12 115.14 -124.58 114.75 curveto
-124.04 114.37 -122.92 114.04 -122.31 112.86 curveto
-121.7 111.69 -122.27 111.57 -120.19 110.16 curveto
-118.11 108.76 -116.52 107.1 -115.79 106.23 curveto
-115.06 105.35 -112.45 102.04 -112.1 101.42 curveto
-111.76 100.8 -108.62 98.91 -107.87 98.62 curveto
-107.12 98.32 -104.11 97.87 -103.3 97.72 curveto
-102.49 97.58 -99.62 97.76 -97.82 97.93 curveto
-96.03 98.09 -93.77 97.93 -92.42 97.4 curveto
-91.07 96.88 -89.43 97.1 -88.05 94.62 curveto
-86.66 92.14 -86.06 90.25 -85.77 89.48 curveto
-85.48 88.71 -85.36 86.55 -85.32 86.05 curveto stroke
newpath -72.63 88 moveto
-72.63 88 -74.52 89.78 -75.58 90.26 curveto
-76.63 90.75 -77.95 92.51 -78.59 93.24 curveto
-79.24 93.98 -80.32 96.27 -80.72 96.74 curveto
-81.12 97.21 -82.17 99.93 -82.17 99.93 curveto
-82.17 99.93 -81.73 100.69 -79.85 100.72 curveto
-77.98 100.75 -75.43 100.62 -74.81 100.89 curveto
-74.18 101.16 -70.95 100.59 -70.05 100.31 curveto
-69.16 100.03 -67.65 100.1 -66.09 100.45 curveto
-64.53 100.81 -64.66 99.79 -64.18 99.33 curveto
-63.71 98.86 -63.28 98.11 -62.88 98.5 curveto
-62.48 98.9 -62.65 99.97 -61.77 99.83 curveto
-60.89 99.7 -60.26 97.51 -59.93 97.11 curveto
-59.61 96.7 -58.07 94.89 -57.75 94.48 curveto
-57.42 94.08 -54.61 90.14 -54.43 89.79 curveto
-54.26 89.45 -52.11 85.74 -51.79 85.4 curveto
-51.47 85.07 -48.88 81.98 -48.42 81.66 curveto
-47.96 81.34 -46.93 79.55 -46.58 78.93 curveto
-46.24 78.31 -43.24 74.75 -43.19 74.25 curveto
-43.15 73.75 -40.88 70.34 -40.55 69.79 curveto
-40.21 69.24 -37.27 64.81 -37.01 64.26 curveto
-36.74 63.7 -34.89 60.91 -34.74 60.06 curveto
-34.59 59.2 -32.7 55.83 -32.41 55.06 curveto
-32.12 54.3 -30.71 52.26 -30.22 51.65 curveto
-29.73 51.04 -27.19 47.66 -26.77 47.05 curveto
-26.35 46.44 -25.06 44.17 -24.09 42.96 curveto
-23.11 41.75 -20 36.17 -19.75 35.76 curveto
-19.5 35.35 -16.79 31.03 -16.37 30.35 curveto
-15.95 29.66 -14.26 26.99 -14.24 25.98 curveto
-14.22 24.97 -15.3 24.15 -15.81 24.1 curveto
-16.31 24.06 -17.82 23.2 -18.55 23.28 curveto
-19.28 23.36 -19.98 24.67 -20.02 25.1 curveto
-20.06 25.53 -21.03 27.54 -21.42 27.79 curveto
-21.8 28.05 -24.15 30.8 -24.47 31.2 curveto
-24.8 31.61 -27.4 34.05 -28.02 34.5 curveto
-28.64 34.95 -31.21 36.96 -32.17 37.16 curveto
-33.13 37.37 -34.36 37.47 -35.09 36.75 curveto
-35.83 36.04 -36.02 34.93 -36.25 34.33 curveto
-36.49 33.73 -36.58 33.22 -37.16 33.17 curveto
-37.73 33.12 -38.94 33.73 -39.48 34.11 curveto stroke
newpath -46.17 28.88 moveto
-46.17 28.88 -42.51 28.35 -41.39 27.22 curveto
-40.28 26.09 -38.79 25.57 -37.88 25.15 curveto
-36.97 24.72 -36.08 22.78 -35.95 22.14 curveto
-35.82 21.5 -35.09 19.83 -35.11 19.33 curveto
-35.14 18.82 -35.78 17.89 -35.78 17.89 curveto
-35.78 17.89 -35.32 15.26 -35.26 14.61 curveto
-35.21 13.97 -35.01 11.02 -34.95 10.37 curveto
-34.9 9.73 -34.92 4.38 -35.1 4 curveto
-35.28 3.62 -35.64 -1.25 -35.8 -1.85 curveto
-35.96 -2.44 -36.28 -5.36 -36.11 -6.36 curveto
-35.95 -7.36 -36.25 -9.62 -36.48 -10.37 curveto
-36.7 -11.11 -37.48 -15.23 -37.41 -16.02 curveto
-37.34 -16.81 -37.38 -20.35 -37.49 -20.73 curveto
-37.6 -21.1 -38.03 -25.18 -38.22 -25.42 curveto
-38.42 -25.65 -38.13 -26.42 -37.62 -27.24 curveto
-37.11 -28.07 -35.93 -29.98 -35.53 -30.38 curveto
-35.13 -30.78 -34.14 -32.13 -34.04 -32.49 curveto
-33.93 -32.84 -32.98 -34.63 -32.79 -35.12 curveto
-32.6 -35.61 -31.52 -37.1 -31.05 -37.49 curveto
-30.58 -37.88 -29.22 -39.35 -28.95 -39.9 curveto
-28.69 -40.46 -27.27 -42.5 -27.01 -42.98 curveto
-26.75 -43.46 -25.32 -44.92 -25.07 -45.26 curveto
-24.82 -45.6 -23.39 -47.85 -23.06 -48.33 curveto
-22.72 -48.8 -21.15 -51.05 -20.75 -51.37 curveto
-20.36 -51.7 -18.84 -53.37 -18.5 -53.91 curveto
-18.16 -54.46 -16.22 -58.33 -16.22 -58.33 curveto
-16.22 -58.33 -14.55 -60.86 -14.01 -61.17 curveto
-13.48 -61.48 -10.95 -63.06 -10.31 -63 curveto
-9.66 -62.94 -7.1 -62.5 -6.25 -62.28 curveto
-5.41 -62.06 -4.16 -61.51 -3.77 -60.97 curveto
-3.39 -60.43 -3.5 -59.21 -3.56 -58.56 curveto
-3.61 -57.92 -2.81 -57.27 -2.5 -56.66 curveto
-2.19 -56.05 -1.35 -54.97 -1.35 -54.97 curveto
-1.35 -54.97 -0.19 -53.49 0.6 -53.42 curveto
1.39 -53.35 2.05 -53.43 2.17 -54 curveto
2.3 -54.57 3.08 -56.81 3.5 -57.43 curveto
3.91 -58.04 3.97 -60.28 4.1 -60.92 curveto
4.23 -61.56 4.92 -65.11 4.97 -65.68 curveto
5.02 -66.26 5.39 -70.35 5.95 -71.67 curveto
6.5 -73 7.13 -75.9 7.53 -76.37 curveto
7.93 -76.84 8.36 -79.19 8.55 -79.61 curveto
8.73 -80.03 10.7 -84.98 11.74 -86.12 curveto
12.79 -87.25 15.25 -91.36 16.03 -91.94 curveto
16.81 -92.52 19.88 -95.35 20.61 -96.23 curveto
21.34 -97.1 23.24 -98.95 23.99 -100.04 curveto
24.74 -101.13 27.31 -104 27.73 -104.62 curveto
28.15 -105.23 29.59 -107.63 30.03 -108.46 curveto
30.47 -109.28 33.91 -114.61 34.37 -114.86 curveto
34.83 -115.11 37.74 -118.53 37.89 -119.45 curveto
38.05 -120.38 38.37 -122.37 37.78 -123.08 curveto
37.2 -123.78 35.59 -126.02 34.51 -126.91 curveto
33.44 -127.81 31.26 -130.1 30.84 -131.08 curveto
30.42 -132.06 29.9 -133.48 29.01 -134.06 curveto
28.12 -134.65 26.1 -137.15 25.99 -138.32 curveto
25.88 -139.48 26.48 -142.11 26.91 -142.93 curveto
27.35 -143.76 28.6 -147.19 29.04 -147.3 curveto
29.48 -147.4 31.49 -150.4 31.83 -150.95 curveto
32.17 -151.5 32.71 -153.48 32.89 -153.97 curveto
33.08 -154.45 34.95 -159.06 35.12 -159.33 curveto
35.29 -159.61 35.85 -162.66 36.07 -163.44 curveto
36.28 -164.22 37.87 -166.53 38.18 -166.79 curveto
38.49 -167.05 40.13 -168.35 40.66 -168.59 curveto
41.19 -168.83 45.16 -173.46 45.88 -174.26 curveto
46.6 -175.06 47.39 -176.58 47.58 -177 curveto
47.76 -177.41 48.58 -178.42 48.26 -178.96 curveto
47.95 -179.49 47.71 -180.02 47.14 -180.07 curveto
46.56 -180.13 45.52 -179.86 44.97 -180.13 curveto
44.42 -180.4 43.46 -180.99 43.59 -181.63 curveto
43.72 -182.27 44.39 -184.08 44.73 -184.63 curveto
45.07 -185.18 45.61 -187.15 45.87 -187.56 curveto
46.12 -187.97 46.51 -189.1 46.76 -189.43 curveto
47.01 -189.77 48.6 -192.16 48.38 -192.9 curveto
48.16 -193.64 47.53 -196.23 47.34 -196.54 curveto
47.15 -196.85 45.2 -201.58 45.8 -203.47 curveto
46.41 -205.37 46.14 -207.2 45.97 -207.72 curveto
45.8 -208.24 46.62 -210.12 47.06 -210.95 curveto
47.5 -211.78 48.46 -213.57 48.46 -213.57 curveto stroke
newpath 175.18 -382.18 moveto
175.13 -381.68 175.94 -380.23 175.94 -380.23 curveto
176.99 -377.46 lineto
176.99 -377.46 178.68 -375.35 179.17 -375.17 curveto
179.66 -374.98 181.18 -373.39 181.28 -372.95 curveto
181.38 -372.5 182.96 -369.97 183.54 -369.2 curveto
184.12 -368.42 185.9 -366.45 186.37 -365.25 curveto
186.84 -364.05 188.71 -358.38 187.3 -354.03 curveto
185.89 -349.67 183.66 -348.94 183.05 -347.83 curveto
182.45 -346.73 179.97 -344.14 179.61 -343.38 curveto
179.25 -342.61 176.87 -339.43 176.08 -338.71 curveto
175.29 -337.98 174.84 -336.29 171.23 -334.74 curveto
167.62 -333.18 163.1 -331.07 162.41 -330.63 curveto
161.72 -330.18 158.01 -329.94 157.9 -326.34 curveto
157.79 -322.73 158.86 -318.58 159.31 -317.89 curveto
159.75 -317.2 160.83 -313.92 160.99 -313.33 curveto
161.16 -312.74 163.79 -298.69 161.77 -291.5 curveto
159.74 -284.3 159.05 -279.81 158.99 -279.17 curveto
158.93 -278.52 155.22 -267.14 151.04 -261.74 curveto
146.87 -256.33 145.76 -254.48 145.48 -253.85 curveto
145.21 -253.23 141.31 -246.86 140.97 -246.31 curveto
140.63 -245.76 138.36 -243.01 137.91 -242.04 curveto
137.46 -241.07 136.33 -237.34 135.79 -237.02 curveto
135.26 -236.71 134.58 -236.41 134.26 -236.8 curveto
133.93 -237.19 133.47 -238.46 133.47 -238.46 curveto
133.47 -238.46 133.07 -239.65 132.8 -239.1 curveto
132.53 -238.55 132.11 -237.07 132.11 -237.07 curveto
132.11 -237.07 131.81 -236.08 131.72 -235.15 curveto
131.64 -234.22 131.04 -233.19 130.54 -232.51 curveto
130.05 -231.83 128.54 -230.31 128.41 -229.74 curveto
128.29 -229.17 127.97 -228.05 126.3 -226.39 curveto
124.63 -224.73 122.45 -223.77 121.56 -223.57 curveto
120.67 -223.36 118.63 -223.18 117.73 -222.83 curveto
116.83 -222.48 115.03 -220.98 114.7 -220.43 curveto
114.36 -219.88 111.01 -217.29 110.24 -216.71 curveto
109.46 -216.13 107.29 -213.65 106.49 -211.99 curveto
105.69 -210.33 103.35 -208.44 102.54 -207.5 curveto
101.73 -206.56 98.74 -202.21 98.33 -201.66 curveto
97.92 -201.12 94.14 -195.39 93.71 -194.56 curveto
93.27 -193.73 87.54 -186.3 86.43 -185.24 curveto
85.32 -184.19 84.78 -182.21 84.43 -181.52 curveto
84.07 -180.83 83.01 -179.48 81.83 -179.15 curveto
80.64 -178.83 78.2 -179.05 76.75 -178.96 curveto
75.3 -178.88 73.21 -178.2 72.27 -178.21 curveto
71.33 -178.23 70.47 -179.03 69.32 -179.13 curveto
68.17 -179.24 65.92 -179.08 65.02 -179.6 curveto
64.13 -180.11 62.85 -181.17 62.2 -180.36 curveto
61.55 -179.55 60.54 -177.19 60.4 -176.48 curveto
60.26 -175.77 60.25 -174.03 59.73 -173.07 curveto
59.2 -172.1 57.93 -170.77 57.49 -170.02 curveto
57.06 -169.26 55.98 -166.11 55.69 -165.34 curveto
55.41 -164.57 55.1 -162.79 54.8 -161.88 curveto
54.5 -160.97 53.38 -157.39 53.47 -156 curveto
53.56 -154.62 53.01 -150.92 52.81 -150.28 curveto
52.61 -149.65 51.66 -147.13 51.53 -146.49 curveto
51.4 -145.86 51.01 -143.14 50.87 -142.36 curveto
50.73 -141.58 50.62 -140.43 50.56 -139.71 curveto
50.49 -139 50.89 -136.94 50.82 -136.15 curveto
50.75 -135.36 50.56 -134.07 50.44 -132.78 curveto
50.32 -131.49 50.33 -129.1 50.53 -128.15 curveto
50.73 -127.19 51.27 -125.12 50.98 -124.27 curveto
50.68 -123.43 51.05 -118.63 51.16 -118.26 curveto
51.27 -117.88 51.69 -115.39 50.76 -114.6 curveto
49.82 -113.82 48.59 -111.4 47.58 -110.7 curveto
46.58 -109.99 45.32 -108.08 44.68 -107.35 curveto
44.03 -106.61 41.71 -104.87 41.09 -103.7 curveto
40.48 -102.52 39.48 -100.23 39.14 -99.68 curveto
38.8 -99.13 35.82 -96.58 35.35 -96.12 curveto
34.87 -95.66 31.25 -92.44 30.71 -91.99 curveto
30.16 -91.53 26.92 -88.43 26.53 -88.17 curveto
26.15 -87.92 23.14 -85.01 23.14 -85.01 curveto
23.14 -85.01 19.85 -82.27 19.08 -77.71 curveto
18.3 -73.15 17.9 -69.5 17.51 -68.38 curveto
17.12 -67.26 16.12 -63.37 15.89 -62.45 curveto
15.66 -61.53 14.09 -55.38 13.48 -54.21 curveto
12.86 -53.03 11.2 -50.65 10.44 -49.42 curveto
9.67 -48.19 9.88 -46.43 9.28 -45.47 curveto
8.69 -44.52 8.21 -41.67 6.75 -41.51 curveto
5.29 -41.35 4.04 -41.9 3.46 -42.6 curveto
2.87 -43.31 2.34 -43.86 1.17 -43.68 curveto
0 -43.49 -1.47 -44.06 -0.91 -43.07 curveto
-0.35 -42.08 0.22 -41.23 0.63 -40.18 curveto
1.04 -39.14 2.22 -37.73 2.6 -37.19 curveto
2.99 -36.65 3.39 -35.45 3.73 -34.41 curveto
4.06 -33.37 4.34 -31.61 4.25 -30.67 curveto
4.17 -29.74 3.39 -27.5 2.58 -26.56 curveto stroke
newpath 143.99 -486.65 moveto
144.53 -486.17 146.43 -484.04 146.74 -483.44 curveto
147.05 -482.83 147.18 -481.88 147.19 -481.23 curveto
147.2 -480.58 147.19 -479.57 147.63 -478.87 curveto
148.07 -478.18 148.24 -476.07 148.42 -475.62 curveto
148.6 -475.17 150.03 -472.59 150.33 -471.98 curveto
150.64 -471.37 151.41 -467.11 151.59 -466.73 curveto
151.78 -466.36 154.11 -457.76 154.11 -456.96 curveto
154.11 -456.17 154.81 -453.5 154.9 -452.92 curveto
154.99 -452.33 156.15 -449.12 156.31 -448.45 curveto
156.46 -447.79 157.36 -444.96 157.46 -444.44 curveto
157.56 -443.93 158.38 -442.62 158.88 -441.78 curveto
159.39 -440.94 159.21 -439.8 159.14 -439.01 curveto
159.07 -438.22 160.26 -436.24 160.41 -435.5 curveto
160.56 -434.76 161.73 -431.62 162.44 -430.69 curveto
163.15 -429.76 163.56 -426.32 164.08 -425.7 curveto
164.6 -425.07 165.33 -421.1 165.3 -420.74 curveto
165.26 -420.38 167.14 -417.97 167.42 -417.08 curveto
167.7 -416.19 168.76 -412.69 168.87 -412.32 curveto
168.98 -411.95 170.19 -407.65 170.23 -407.35 curveto
170.28 -407.06 170.78 -404.63 170.75 -404.27 curveto
170.71 -403.91 171.39 -401.03 171.58 -400.65 curveto
171.76 -400.27 173.42 -397.81 173.3 -396.52 curveto
173.18 -395.23 172.57 -394.05 172.67 -393.54 curveto
172.76 -393.02 173.34 -391.38 173.38 -391.02 curveto
173.42 -390.65 173.93 -388.36 173.93 -388.36 curveto
173.93 -388.36 175.05 -385.59 174.93 -385.02 curveto
174.8 -384.45 175.22 -382.68 175.18 -382.18 curveto stroke
newpath 163.28 -380.86 moveto
162.55 -380.79 162.37 -380.37 161.82 -379.91 curveto
161.27 -379.46 160.56 -378.87 160.03 -378.63 curveto
159.5 -378.39 158.39 -378.13 157.94 -377.96 curveto
157.49 -377.78 157.14 -377.17 156.87 -376.61 curveto
156.6 -376.06 156.14 -375.02 155.82 -374.69 curveto
155.49 -374.35 154.7 -373.56 154.46 -373.3 curveto
154.21 -373.03 153.77 -372.13 153.36 -372.46 curveto
152.96 -372.79 153.05 -372.92 153.04 -373.57 curveto
153.02 -374.23 153.09 -374.95 153.44 -375.56 curveto
153.79 -376.18 153.92 -376.82 153.91 -377.47 curveto
153.9 -378.13 153.4 -378.97 153.23 -379.42 curveto
153.06 -379.87 152.86 -380.82 152.91 -381.32 curveto
152.95 -381.83 153.32 -382.59 153.65 -383.06 curveto
153.98 -383.54 155.44 -385.21 155.49 -385.78 curveto
155.54 -386.35 156.36 -387.36 156.61 -387.7 curveto
156.85 -388.04 156.94 -389.04 156.93 -389.69 curveto
156.91 -390.34 157.18 -391.69 156.57 -392.18 curveto
155.97 -392.67 155.14 -393.11 154.77 -393.86 curveto
154.41 -394.62 153.02 -395.25 152.66 -396.01 curveto
152.29 -396.76 151.32 -398.08 151.19 -398.96 curveto
151.05 -399.84 150.04 -401.45 150.06 -402.46 curveto
150.07 -403.47 150.06 -405.71 150.02 -406.87 curveto
149.98 -408.03 149.2 -409.04 149.06 -409.92 curveto
148.93 -410.8 149.04 -412.89 149.09 -413.39 curveto
149.13 -413.89 148.71 -415.66 148.5 -416.48 curveto
148.28 -417.29 147.19 -419.56 146.86 -420.75 curveto
146.53 -421.93 145.82 -426.05 145.89 -426.84 curveto
145.96 -427.62 145.34 -431.87 145.11 -432.62 curveto
144.89 -433.36 144.74 -437.28 144.51 -437.95 curveto
144.28 -438.62 143.94 -440.46 143.98 -440.89 curveto
144.02 -441.32 143.03 -447.19 142.62 -448.17 curveto
142.2 -449.15 141.82 -452.14 141.68 -453.02 curveto
141.54 -453.9 141.51 -456.73 141.13 -457.34 curveto
140.75 -457.95 140.11 -459.67 139.91 -460.63 curveto
139.71 -461.59 140.33 -464.5 140.02 -465.1 curveto
139.72 -465.71 138.54 -467.12 137.71 -467.55 curveto
136.89 -467.99 134.79 -468.83 133.74 -469.14 curveto
132.68 -469.45 130.66 -470.29 130.02 -470.42 curveto
129.38 -470.55 128.23 -471.37 127.89 -472.42 curveto
127.55 -473.46 127.42 -475.28 127.42 -476.07 curveto
127.42 -476.87 127.26 -479.92 127.56 -480.83 curveto
127.86 -481.74 128.62 -484.49 129.01 -484.89 curveto
129.41 -485.29 130.95 -487.1 131.78 -487.46 curveto
132.6 -487.82 134.43 -488.81 135.66 -488.85 curveto
136.89 -488.88 138.98 -488.76 139.81 -488.4 curveto
140.65 -488.04 143.46 -487.13 143.99 -486.65 curveto stroke
newpath 52.07 -213.6 moveto
52.07 -213.6 51.09 -210.72 51.35 -209.62 curveto
51.61 -208.51 51.82 -206.83 52.1 -205.93 curveto
52.38 -205.04 53.37 -203.22 53.89 -202.52 curveto
54.4 -201.82 55.53 -199.91 55.53 -199.91 curveto
55.53 -199.91 57.18 -199.83 57.88 -198.76 curveto
58.58 -197.68 58.72 -196.87 59.03 -196.34 curveto
59.35 -195.8 60.92 -194.86 61.34 -194.68 curveto
61.76 -194.5 62.73 -194.05 63.63 -193.61 curveto
64.53 -193.16 65.02 -193.04 65.69 -192.48 curveto
66.37 -191.91 66.72 -191.8 66.24 -191.34 curveto
65.76 -190.88 65.6 -190.68 65.41 -190.12 curveto
65.21 -189.56 65.39 -189.18 66.08 -188.76 curveto
66.76 -188.33 67.83 -188.16 68.5 -188.32 curveto
69.16 -188.47 69.84 -188.84 70.42 -188.79 curveto
70.99 -188.74 73.54 -187.35 74.11 -187.3 curveto
74.69 -187.25 76.25 -186.96 76.52 -186.79 curveto
76.8 -186.62 78.38 -186.62 78.63 -186.89 curveto
78.87 -187.16 80.19 -187.47 81.16 -189.33 curveto
82.12 -191.2 84.31 -194.54 84.31 -194.54 curveto
84.31 -194.54 85.65 -197.39 85.87 -198.23 curveto
86.09 -199.08 87.29 -201.14 87.54 -201.55 curveto
87.8 -201.96 90.11 -205.15 90.28 -205.5 curveto
90.46 -205.84 92.19 -208.22 92.52 -208.7 curveto
92.86 -209.17 94.5 -212.13 95.12 -212.58 curveto
95.74 -213.03 97.09 -214.43 97.45 -214.4 curveto
97.81 -214.37 99.05 -215.34 99.32 -215.89 curveto
99.59 -216.45 100.3 -217.9 100.64 -218.52 curveto
100.99 -219.14 101.91 -220.58 102.21 -220.69 curveto
102.51 -220.81 104.1 -222.4 104.43 -222.88 curveto
104.76 -223.36 105.67 -224.58 106.13 -224.89 curveto
106.6 -225.21 108.72 -227.12 108.72 -227.12 curveto
111.65 -229.09 lineto
111.65 -229.09 115.8 -231.03 116.06 -231.51 curveto
116.32 -232 118.52 -233.03 119.27 -233.32 curveto
120.02 -233.61 121.65 -234.11 122.04 -234.44 curveto
122.43 -234.77 123.27 -235.2 123.62 -235.89 curveto
123.97 -236.58 124.1 -237.14 122.91 -236.82 curveto
121.72 -236.49 119.94 -235.93 119.56 -235.75 curveto
119.18 -235.57 117.39 -235.01 116.54 -235.16 curveto
115.69 -235.31 114.39 -236.22 114.66 -236.77 curveto
114.93 -237.33 115.54 -239.29 115.81 -239.85 curveto
116.08 -240.4 117.36 -242.6 117.53 -242.94 curveto
117.71 -243.29 119.93 -246.26 120.1 -246.54 curveto
120.27 -246.81 122.57 -249.93 122.87 -250.04 curveto
123.17 -250.16 125.8 -252.89 126.15 -253.58 curveto
126.51 -254.27 129.69 -259.91 130.74 -261.12 curveto
131.79 -262.32 134.29 -266 134.73 -266.03 curveto
135.17 -266.07 137.98 -269.14 138.39 -269.68 curveto
138.8 -270.22 141.63 -274.3 141.89 -274.86 curveto
142.16 -275.41 144.14 -278.92 144.32 -279.34 curveto
144.51 -279.75 146.63 -283.25 147.04 -283.72 curveto
147.44 -284.19 148.35 -286.28 148.46 -287.42 curveto
148.56 -288.57 149.72 -290.99 149.98 -291.48 curveto
150.24 -291.96 151.19 -294.48 151.29 -294.76 curveto
151.39 -295.04 152.16 -298.8 152.02 -299.68 curveto
151.89 -300.56 151.8 -305.19 151.51 -305.94 curveto
151.21 -306.69 151.34 -309.72 151.46 -310.21 curveto
151.57 -310.71 150.94 -314.89 150.77 -315.41 curveto
150.6 -315.93 150.17 -321.61 149.81 -322.37 curveto
149.44 -323.12 148.92 -327 148.78 -327.81 curveto
148.64 -328.62 148.37 -331.32 148.22 -331.98 curveto
148.06 -332.64 147.27 -335.1 147.21 -335.98 curveto
147.14 -336.85 146.81 -338.76 146.63 -339.21 curveto
146.46 -339.66 146.15 -341.06 146.6 -342.11 curveto
147.06 -343.15 147.07 -344.02 147.3 -344.94 curveto
147.52 -345.86 147.48 -346.94 148.45 -347.36 curveto
149.43 -347.78 150.78 -348.23 151.37 -348.47 curveto
151.97 -348.7 153.47 -349.29 154.13 -349.3 curveto
154.78 -349.32 155.95 -349.5 156.38 -349.46 curveto
156.81 -349.42 157.41 -348.86 157.41 -348.86 curveto
157.41 -348.86 158.72 -347.29 158.94 -346.55 curveto
159.16 -345.81 158.73 -344.19 158.66 -343.47 curveto
158.6 -342.75 158.86 -340.85 159.02 -340.26 curveto
159.18 -339.66 159.38 -338.64 159.78 -338.31 curveto
160.19 -337.98 160.38 -336.95 161.18 -337.82 curveto
161.98 -338.69 162.97 -339.97 163.57 -340.2 curveto
164.17 -340.44 165.75 -341.23 166.15 -341.63 curveto
166.55 -342.03 167.36 -343.04 167.73 -343.87 curveto
168.09 -344.71 169.16 -346.13 169.74 -346.95 curveto
170.32 -347.76 171.45 -349.1 172.05 -349.34 curveto
172.65 -349.57 174.48 -351.43 174.82 -351.91 curveto
175.15 -352.38 177.55 -354.12 177.95 -354.59 curveto
178.36 -355.06 180.37 -356.54 180 -357.29 curveto
179.64 -358.05 178.38 -360.91 177.58 -361.71 curveto
176.79 -362.51 175.13 -364.18 174.99 -365.06 curveto
174.86 -365.94 173.21 -367.75 172.59 -368.1 curveto
171.98 -368.44 170.97 -369.33 170.85 -369.63 curveto
170.74 -369.93 170.24 -370.05 169.42 -369.76 curveto
168.6 -369.47 168.11 -368.93 167.7 -369.91 curveto
167.28 -370.89 166.66 -372.82 166.66 -373.62 curveto
166.66 -374.41 166.44 -376.75 166.41 -377.19 curveto
166.38 -377.62 166.27 -377.27 165.67 -377.76 curveto
165.06 -378.24 164.25 -378.89 164.09 -379.42 curveto
163.92 -379.94 164.01 -380.94 163.28 -380.86 curveto stroke
newpath -3.85 -29.82 moveto
-3.85 -29.82 -1.96 -31.46 -2.13 -32.05 curveto
-2.29 -32.64 -3.69 -35.59 -3.69 -35.59 curveto
-3.69 -35.59 -5.5 -38.72 -6.04 -39.05 curveto
-6.59 -39.39 -9.28 -41.66 -9.68 -41.98 curveto
-10.08 -42.31 -11.58 -44.11 -12.18 -43.94 curveto
-12.77 -43.78 -12.97 -41.56 -13.27 -40.65 curveto
-13.57 -39.73 -14.66 -36.51 -15.37 -35.85 curveto
-16.08 -35.19 -18.1 -32.12 -18.77 -31.03 curveto
-19.45 -29.93 -20.81 -27.67 -21.22 -26.33 curveto
-21.63 -25 -21.98 -23.58 -22.32 -22.17 curveto
-22.67 -20.76 -22.18 -19.77 -23.42 -18.8 curveto
-24.67 -17.83 -25.78 -18.29 -25.85 -16.71 curveto
-25.92 -15.12 -25.83 -13.02 -25.87 -11.72 curveto
-25.92 -10.42 -26.08 -8.63 -25.89 -7.46 curveto
-25.71 -6.29 -25.15 -0.52 -25.16 0.42 curveto
-25.17 1.35 -25.98 7.93 -25.04 8.67 curveto
-24.09 9.4 -21.93 12.71 -21.47 13.11 curveto
-21 13.52 -18.73 14.01 -17.68 14.46 curveto
-16.64 14.92 -14.8 16.97 -14.8 16.97 curveto
-14.8 16.97 -14.22 18.54 -12.13 18.58 curveto
-10.03 18.62 -8.48 19.05 -7.92 19.25 curveto
-7.36 19.44 -6.76 18.41 -6.5 17.93 curveto
-6.24 17.45 -5.94 15.67 -5.54 15.27 curveto
-5.14 14.87 -3.97 13.89 -3.21 12.73 curveto
-2.46 11.57 -1.85 10.47 -1.85 10.47 curveto stroke
newpath 4 17 moveto
4 17 -2.81 23.54 -3.19 23.72 curveto
-3.57 23.91 -6.15 26.86 -6.49 27.48 curveto
-6.84 28.1 -9.56 33.42 -9.56 33.42 curveto
-9.56 33.42 -11.87 39 -12.21 39.55 curveto
-12.55 40.09 -14.63 43.16 -14.79 44.09 curveto
-14.94 45.01 -16.32 48.22 -16.83 49.04 curveto
-17.34 49.86 -26.08 63.37 -26.82 64.32 curveto
-27.56 65.26 -34.38 73.53 -35.53 76.61 curveto
-36.67 79.68 -46.65 89.27 -47.01 90.1 curveto
-47.38 90.94 -53.28 98.65 -53.97 99.16 curveto
-54.67 99.68 -61.45 106.73 -61.94 107.27 curveto
-62.42 107.8 -62.52 108.88 -63.04 109.05 curveto
-63.56 109.22 -64.35 109.15 -64.94 109.24 curveto
-65.52 109.33 -66.16 109.92 -66.77 110.3 curveto
-67.38 110.68 -68.61 110.71 -69.22 111.02 curveto
-69.83 111.32 -70.77 111.38 -71.43 112.26 curveto
-72.09 113.14 -74.52 115.23 -75.33 116.1 curveto
-76.13 116.97 -77.89 118.83 -78.77 119.76 curveto
-79.65 120.7 -81.37 121.26 -81.85 121.8 curveto stroke
 [6 6 ] 0 setdash
newpath 48.46 -213.57 moveto
48.46 -213.57 50.45 -217.22 50.72 -218.64 curveto
51 -220.06 52.17 -225.01 52.11 -226.03 curveto stroke
newpath 52.07 -213.6 moveto
52.07 -213.6 53.42 -216.51 53.51 -217.51 curveto
53.6 -218.52 55.1 -225.47 55.1 -225.47 curveto stroke
newpath -1.85 10.47 moveto
-1.85 10.47 -1.13 7.28 -1.05 4.83 curveto
-0.98 2.38 -1.84 -2.47 -2.09 -4.51 curveto
-2.34 -6.56 -3.28 -10.54 -3.93 -12.92 curveto
-4.59 -15.29 -6.91 -19.98 -6.58 -21.97 curveto
-6.26 -23.97 -5.82 -27.25 -5.45 -28.08 curveto
-5.09 -28.92 -3.85 -29.82 -3.85 -29.82 curveto stroke
newpath 4 17 moveto
4 17 5.33 15.82 4.74 11.14 curveto
4.15 6.46 3.51 0.76 3.1 -1.15 curveto
2.7 -3.07 0.75 -10.32 0.73 -11.77 curveto
0.72 -13.22 0.16 -19.77 0.55 -20.89 curveto
0.94 -22.01 2.58 -26.56 2.58 -26.56 curveto stroke
newpath -72.63 88 moveto
-72.63 88 -70.37 83.87 -69.41 81.21 curveto
-68.45 78.55 -66.75 72.63 -65.75 71.13 curveto
-64.75 69.63 -60.32 62.22 -59.37 61.29 curveto
-58.42 60.37 -51.18 49.17 -50.53 48.36 curveto
-49.88 47.56 -45.88 40.11 -44.64 39.21 curveto
-43.41 38.31 -39.48 34.11 -39.48 34.11 curveto stroke
newpath -46.17 28.88 moveto
-46.17 28.88 -59.92 40.29 -61.21 41.76 curveto
-62.5 43.23 -68.66 53.8 -70.83 56.93 curveto
-72.99 60.06 -79.88 67.53 -80.05 69.4 curveto
-80.22 71.26 -84.53 77.38 -84.7 79.24 curveto
-84.87 81.1 -85.32 86.05 -85.32 86.05 curveto stroke
newpath -129.71 137.99 moveto
-129.71 137.99 -134.09 139.26 -136.32 141.51 curveto
-138.55 143.77 -141.24 148.01 -141.48 150.59 curveto
-141.71 153.17 -141.56 156.22 -141.51 158.83 curveto
-141.45 161.43 -142.9 169.4 -143.06 171.12 curveto
-143.22 172.84 -144.14 183.03 -144.07 185.49 curveto
-144.01 187.96 -146.05 196.15 -145.82 198.34 curveto
-145.58 200.53 -147.25 210.93 -147.78 213.63 curveto
-148.32 216.33 -148.26 222.11 -147.41 223.93 curveto
-146.56 225.74 -146.27 226.49 -146.27 226.49 curveto stroke
newpath -155.2 420.16 moveto
-155.2 420.16 -157.11 418.83 -157.93 418.33 curveto
-158.75 417.82 -160.38 416.66 -160.38 416.66 curveto stroke
 [] 0 setdash
newpath -168.21 408.86 moveto
-168.21 408.86 -167.88 410.05 -169.47 410.05 curveto
-171.06 410.05 -171.74 409.55 -173.12 408.85 curveto
-174.5 408.14 -175.69 406.88 -175.77 406.15 curveto
-175.85 405.42 -176.19 404.37 -175.72 403.98 curveto
-175.25 403.59 -175.05 403.03 -175.05 403.03 curveto stroke
 [6 6 ] 0 setdash
newpath -156.38 429.63 moveto
-156.38 429.63 -158.24 429.72 -159.79 429.29 curveto
-161.34 428.86 -164.56 427.7 -164.56 427.7 curveto stroke
newpath -155.93 421.83 moveto
-155.93 421.83 -159.41 420.36 -160.11 420.01 curveto
-160.8 419.66 -163.9 418.8 -163.9 418.8 curveto stroke
newpath -160.17 414.36 moveto
-157.32 416.36 lineto
-154.36 418.87 lineto stroke
 [] 0 setdash
newpath -84.48 118.88 moveto
-84.48 118.88 -83.32 118.05 -82.46 117.41 curveto
-81.61 116.76 -80.54 116.21 -80 115.82 curveto
-79.46 115.44 -79.01 114.46 -78.68 113.99 curveto
-78.34 113.51 -79.78 113.38 -80.67 113.59 curveto
-81.55 113.8 -82.95 114.11 -83.72 114.54 curveto
-84.48 114.98 -84.94 115.3 -85.58 115.96 curveto
-86.22 116.63 -88.22 118.69 -88.34 119.18 curveto
-88.45 119.68 -88.87 121.09 -89.58 121.67 curveto
-90.28 122.26 -91.44 123.82 -92.35 124.31 curveto
-93.26 124.81 -94.2 125.59 -95.58 125.68 curveto
-96.96 125.77 -98.54 125.63 -99.71 125.02 curveto
-100.88 124.41 -103.47 123.45 -104.82 123.26 curveto
-106.18 123.06 -108.18 122.81 -109.54 122.69 curveto
-110.9 122.56 -112.79 122.61 -113.46 122.91 curveto
-114.14 123.21 -115.86 124.64 -116.53 125.67 curveto
-117.2 126.69 -118.87 128.42 -119.34 129.61 curveto
-119.81 130.79 -119.32 132.64 -119.41 133.58 curveto
-119.49 134.51 -118.43 142.7 -118.1 143.82 curveto
-117.76 144.93 -117.5 149.15 -117.43 150.03 curveto
-117.37 150.9 -117.28 154.67 -116.37 155.83 curveto
-115.47 157 -112.4 160.6 -112.23 161.2 curveto
-112.07 161.79 -109.74 166.33 -109.34 168.25 curveto
-108.93 170.16 -108.02 173.64 -108.07 174.22 curveto
-108.12 174.79 -108.17 179.26 -110.29 181.96 curveto
-112.41 184.66 -115.46 185.54 -116.79 185.93 curveto
-118.13 186.32 -121.41 187.54 -122.75 187.93 curveto
-124.09 188.32 -124.64 189.64 -124.73 190.65 curveto
-124.83 191.65 -124.41 192.63 -124.02 193.1 curveto
-123.63 193.57 -124.1 193.17 -124.63 194.28 curveto
-125.17 195.39 -127.1 201.42 -127.09 202.93 curveto
-127.08 204.45 -127.89 210.23 -127.54 211.13 curveto
-127.19 212.03 -128.16 215.62 -128.07 217 curveto
-127.98 218.38 -128.04 222.28 -127.58 223.62 curveto
-127.12 224.97 -127.12 228.08 -126.52 228.71 curveto
-125.93 229.34 -125.34 232.43 -125.35 233.3 curveto
-125.35 234.17 -125.57 234.22 -124.64 234.3 curveto
-123.71 234.39 -123.47 234.92 -122.88 235.55 curveto
-122.28 236.18 -121.69 236.88 -121.46 237.48 curveto
-121.23 238.08 -120.16 239.91 -121.22 239.6 curveto
-122.27 239.29 -122.53 238.11 -123.13 237.62 curveto
-123.74 237.13 -125.09 236.07 -124.75 237.11 curveto
-124.41 238.16 -124.35 238.23 -123.93 239.21 curveto
-123.51 240.19 -122.44 241.88 -122.42 242.53 curveto
-122.41 243.18 -122.19 244.72 -122.18 245.44 curveto
-122.17 246.17 -121.4 248.05 -122.23 247.61 curveto
-123.06 247.17 -123.48 246.2 -123.95 245.86 curveto
-124.43 245.53 -124.42 247.05 -124.52 248.13 curveto
-124.62 249.2 -124.75 250.64 -124.9 251.56 curveto
-125.06 252.49 -124.88 255.25 -124.73 256.06 curveto
-124.59 256.87 -124.28 259.86 -124.25 260.3 curveto
-124.22 260.73 -123.75 262.73 -123.25 263.64 curveto
-122.75 264.55 -121.69 264.72 -121.55 265.6 curveto
-121.41 266.48 -121.63 267.26 -122.4 266.97 curveto
-123.16 266.69 -123.11 266.91 -123.09 268.21 curveto
-123.06 269.52 -122.53 270.87 -122.26 271.9 curveto
-121.99 272.94 -122.26 273.49 -122.45 274.78 curveto
-122.64 276.06 -122.01 277.93 -123.23 277.75 curveto
-124.44 277.56 -124.52 277.63 -124.97 276.21 curveto
-125.42 274.8 -124.77 274.06 -126.12 273.8 curveto
-127.47 273.53 -127.84 272.77 -128.08 274.63 curveto
-128.32 276.49 -129.11 278.08 -129.19 278.94 curveto
-129.27 279.8 -129.8 282.43 -129.87 283.29 curveto
-129.95 284.15 -130.65 287.13 -130.85 287.69 curveto
-131.05 288.25 -131.67 290.36 -131.52 291.1 curveto
-131.37 291.83 -132.35 297.1 -132.4 297.6 curveto
-132.45 298.1 -132.43 300.27 -132.51 301.2 curveto
-132.59 302.14 -132.09 302.98 -131.63 303.45 curveto
-131.17 303.93 -129.01 304.85 -129.16 305.7 curveto
-129.31 306.55 -130.83 306.56 -131.58 306.86 curveto
-132.33 307.15 -133.23 306.78 -133.25 307.79 curveto
-133.27 308.8 -134.11 308.51 -132.87 309.12 curveto
-131.62 309.74 -131.35 310.78 -131.53 311.2 curveto
-131.72 311.61 -132.58 311.61 -133.61 311.73 curveto
-134.63 311.86 -135.25 312.31 -135.21 312.67 curveto
-135.17 313.04 -134.4 313.25 -133.7 313.53 curveto
-133 313.81 -132.68 314.27 -133.57 314.56 curveto
-134.47 314.84 -134.92 315.08 -135.99 314.84 curveto
-137.05 314.6 -137.38 314.28 -138.78 314.59 curveto
-140.18 314.9 -142.16 315.15 -142.84 315.45 curveto
-143.51 315.75 -144.79 317.08 -145.07 317.78 curveto
-145.35 318.48 -146.61 321.18 -147.14 321.49 curveto
-147.67 321.81 -148.96 324 -149.28 324.34 curveto
-149.59 324.67 -152.45 328.24 -152.86 328.86 curveto
-153.28 329.47 -154.93 333.37 -155.66 334.17 curveto
-156.38 334.97 -158.22 337.7 -158.5 338.47 curveto
-158.79 339.24 -159.39 342.72 -159.45 343.37 curveto
-159.51 344.01 -159.76 345.94 -159.84 346.8 curveto
-159.91 347.66 -159.73 350.35 -159.58 351.16 curveto
-159.44 351.97 -159.14 355.1 -159.45 356.09 curveto
-159.76 357.07 -159.61 359.47 -159.35 360.58 curveto
-159.09 361.68 -158.35 363.92 -158.35 363.92 curveto
-158.35 363.92 -158.02 366.69 -157.59 367.46 curveto
-157.15 368.22 -156.59 371.67 -156.66 372.38 curveto
-156.72 373.1 -156.51 375.51 -156.67 376.57 curveto
-156.84 377.64 -157.14 378.56 -156.48 379.27 curveto
-155.83 379.98 -155.54 381.59 -155.25 382.34 curveto
-154.95 383.09 -154.78 384.41 -154.7 385.07 curveto
-154.61 385.73 -155.36 386.82 -153.82 386.52 curveto
-152.27 386.23 -150.4 386.33 -150.22 386.78 curveto
-150.05 387.23 -150.32 388.58 -150.73 389.19 curveto
-151.15 389.8 -152.41 390.19 -152.6 390.68 curveto
-152.79 391.17 -152.19 392.53 -151.89 393.13 curveto
-151.58 393.74 -151.3 395.43 -150 396.27 curveto
-148.7 397.11 -148.22 398.96 -147.62 399.45 curveto
-147.01 399.94 -146.8 401.62 -146.48 402.08 curveto
-146.16 402.55 -144.33 403.87 -144.33 403.87 curveto
-144.33 403.87 -142.35 405.13 -142.41 405.78 curveto
-142.47 406.43 -142.73 406.98 -142.86 407.55 curveto
-142.98 408.11 -142.35 408.32 -142.08 407.76 curveto
-141.81 407.21 -141.72 406.2 -141.42 406.01 curveto stroke
 [6 6 ] 0 setdash
newpath -102.89 115.48 moveto
-101.71 116.75 lineto
-101.71 116.75 -99.93 117.92 -98.8 118.17 curveto
-97.67 118.41 -97.08 118.32 -96.56 117.36 curveto
-96.04 116.39 -97.26 115.56 -97.26 115.56 curveto
-100.8 111.48 lineto
-100.8 111.48 -104.36 109.28 -105.05 108.93 curveto
-105.74 108.58 -106.91 110.35 -107.13 111.2 curveto
-107.35 112.05 -102.89 115.48 -102.89 115.48 curveto closepath stroke
newpath -26.9 25.2 moveto
-26.9 25.2 -28 29.44 -28.52 30.4 curveto
-29.04 31.37 -29.51 33.35 -30.81 33.38 curveto
-32.12 33.41 -32.91 32.61 -32.54 31.63 curveto
-32.16 30.65 -31.46 27.68 -31.22 26.69 curveto
-30.99 25.7 -31.13 24.09 -30.35 23.44 curveto
-29.57 22.79 -29.17 21.53 -28.16 21.62 curveto
-27.16 21.71 -25.89 22.11 -25.97 22.97 curveto
-26.05 23.83 -26.9 25.2 -26.9 25.2 curveto closepath stroke
newpath 44.04 -132.35 moveto
44.04 -132.35 43.33 -138.92 42.79 -139.4 curveto
42.26 -139.88 42.43 -141.75 41.58 -141.97 curveto
40.73 -142.19 39.41 -142.02 39.28 -140.58 curveto
39.16 -139.15 39.63 -136.36 39.52 -135.21 curveto
39.42 -134.06 39.21 -131.77 39.96 -130.4 curveto
40.7 -129.03 40.56 -127.45 41.96 -126.89 curveto
43.35 -126.33 44 -127.14 44.36 -127.83 curveto
44.71 -128.53 43.94 -131.2 43.94 -131.2 curveto
 closepath stroke
 [] 0 setdash
newpath -140.07 407.94 moveto
-140.07 407.94 -141.18 408.2 -141.25 408.92 curveto
-141.31 409.64 -140.72 410.27 -140.39 410.66 curveto
-140.07 411.05 -138.99 411.94 -138.66 412.26 curveto
-138.32 412.58 -137.33 413.54 -136.94 414.01 curveto
-136.54 414.48 -135.88 415.91 -135.21 415.76 curveto
-134.55 415.6 -134.03 415.5 -133.78 415.09 curveto stroke
newpath -131.62 416.73 moveto
-131.62 416.73 -132.93 416.9 -133.27 417.45 curveto
-133.61 418 -133.62 418.86 -133.3 419.4 curveto
-132.99 419.93 -133.41 421.41 -133.25 422 curveto
-133.09 422.6 -132.19 423.91 -132.01 425.15 curveto
-131.84 426.4 -131.47 427.95 -131.03 428.71 curveto
-130.6 429.47 -128.67 431.38 -128.59 432.04 curveto
-128.5 432.7 -127.86 435.22 -127.85 435.87 curveto
-127.84 436.52 -127.36 437.58 -126.8 437.77 curveto
-126.23 437.97 -125.66 438.81 -125.7 439.25 curveto
-125.74 439.68 -125.43 441.01 -125.4 441.51 curveto
-125.37 442.02 -124.81 443.01 -124.81 443.01 curveto
-124.81 443.01 -124.21 443.57 -123.59 443.12 curveto
-122.98 442.67 -122.34 442.01 -122.34 442.01 curveto stroke
newpath -120.23 445.02 moveto
-120.23 445.02 -121.99 446.16 -122.03 446.59 curveto
-122.07 447.02 -122.13 447.67 -121.59 448.08 curveto
-121.05 448.49 -119.79 449.76 -119.48 450.37 curveto
-119.18 450.97 -119.27 453.57 -119.12 454.3 curveto
-118.97 455.04 -119.95 457.2 -119.34 458.01 curveto
-118.73 458.82 -117.99 460.99 -117.75 461.51 curveto
-117.51 462.04 -117.23 463.01 -116.86 463.69 curveto
-116.49 464.37 -116.18 464.98 -117.43 465.95 curveto
-118.67 466.92 -120.41 467.78 -120.48 468.5 curveto
-120.54 469.21 -121.41 470.07 -122.12 470.66 curveto
-122.82 471.25 -124.63 472.82 -124.97 473.3 curveto
-125.3 473.77 -126.61 476.18 -127.36 476.47 curveto
-128.11 476.77 -129.52 479.6 -129.7 480.01 curveto
-129.89 480.43 -131.25 481.9 -131.58 482.37 curveto
-131.91 482.85 -132.49 484.45 -132.57 485.31 curveto
-132.65 486.17 -133.14 488.44 -133.1 488.8 curveto stroke
 0 0.24501 dtransform truncate idtransform setlinewidth pop
newpath -138.07997 476.26 moveto
-135.28001 476.26 lineto stroke
 0.24501 0 dtransform exch truncate exch idtransform pop setlinewidth
newpath -136.68 474.86002 moveto
-136.68 477.65997 lineto stroke
 0.00002 0.00018 0.00116 setrgbcolor
newpath -136.11998 476.26 moveto
-136.11998 476.40852 -136.17899 476.55095 -136.28401 476.65598 curveto
-136.38904 476.761 -136.53146 476.82 -136.68 476.82 curveto
-136.82852 476.82 -136.97095 476.761 -137.07597 476.65598 curveto
-137.181 476.55095 -137.24 476.40852 -137.24 476.26 curveto
-137.24 476.11147 -137.181 475.96904 -137.07597 475.86401 curveto
-136.97095 475.75899 -136.82852 475.69998 -136.68 475.69998 curveto
-136.53146 475.69998 -136.38904 475.75899 -136.28401 475.86401 curveto
-136.17899 475.96904 -136.11998 476.11147 -136.11998 476.26 curveto closepath
 fill
 0 0 0 setrgbcolor 0 0.35 dtransform truncate idtransform setlinewidth pop
newpath -136.68 476.26 moveto 0 0 rlineto stroke
 0 0.24501 dtransform truncate idtransform setlinewidth pop
newpath -120.73997 458.01 moveto
-117.94002 458.01 lineto stroke
 0.24501 0 dtransform exch truncate exch idtransform pop setlinewidth
newpath -119.34 456.61002 moveto
-119.34 459.40997 lineto stroke
 0.00002 0.00018 0.00116 setrgbcolor
newpath -118.77998 458.01 moveto
-118.77998 458.15852 -118.83899 458.30095 -118.94402 458.40598 curveto
-119.04904 458.511 -119.19147 458.57 -119.34 458.57 curveto
-119.48853 458.57 -119.63095 458.511 -119.73598 458.40598 curveto
-119.841 458.30095 -119.90001 458.15852 -119.90001 458.01 curveto
-119.90001 457.86147 -119.841 457.71904 -119.73598 457.61401 curveto
-119.63095 457.50899 -119.48853 457.44998 -119.34 457.44998 curveto
-119.19147 457.44998 -119.04904 457.50899 -118.94402 457.61401 curveto
-118.83899 457.71904 -118.77998 457.86147 -118.77998 458.01 curveto closepath
 fill
 0 0 0 setrgbcolor 0 0.35 dtransform truncate idtransform setlinewidth pop
newpath -119.34 458.01 moveto 0 0 rlineto stroke
 0 0.24501 dtransform truncate idtransform setlinewidth pop
newpath -136.77998 433.42 moveto
-133.98003 433.42 lineto stroke
 0.24501 0 dtransform exch truncate exch idtransform pop setlinewidth
newpath -135.38 432.02002 moveto
-135.38 434.81998 lineto stroke
 0.00002 0.00018 0.00116 setrgbcolor
newpath -134.81999 433.42 moveto
-134.81999 433.56853 -134.879 433.71095 -134.98402 433.81598 curveto
-135.08905 433.921 -135.23148 433.98001 -135.38 433.98001 curveto
-135.52853 433.98001 -135.67096 433.921 -135.77599 433.81598 curveto
-135.88101 433.71095 -135.94002 433.56853 -135.94002 433.42 curveto
-135.94002 433.27147 -135.88101 433.12904 -135.77599 433.02402 curveto
-135.67096 432.91899 -135.52853 432.85999 -135.38 432.85999 curveto
-135.23148 432.85999 -135.08905 432.91899 -134.98402 433.02402 curveto
-134.879 433.12904 -134.81999 433.27147 -134.81999 433.42 curveto closepath
 fill
 0 0 0 setrgbcolor 0 0.35 dtransform truncate idtransform setlinewidth pop
newpath -135.38 433.42 moveto 0 0 rlineto stroke
 0 0.24501 dtransform truncate idtransform setlinewidth pop
newpath -143.88998 408.87 moveto
-141.09003 408.87 lineto stroke
 0.24501 0 dtransform exch truncate exch idtransform pop setlinewidth
newpath -142.49 407.47002 moveto
-142.49 410.26997 lineto stroke
 0.00002 0.00018 0.00116 setrgbcolor
newpath -141.93 408.87 moveto
-141.93 409.01852 -141.989 409.16095 -142.09402 409.26598 curveto
-142.19905 409.371 -142.34148 409.43001 -142.49 409.43001 curveto
-142.63853 409.43001 -142.78096 409.371 -142.88599 409.26598 curveto
-142.99101 409.16095 -143.05002 409.01852 -143.05002 408.87 curveto
-143.05002 408.72147 -142.99101 408.57904 -142.88599 408.47401 curveto
-142.78096 408.36899 -142.63853 408.30998 -142.49 408.30998 curveto
-142.34148 408.30998 -142.19905 408.36899 -142.09402 408.47401 curveto
-141.989 408.57904 -141.93 408.72147 -141.93 408.87 curveto closepath fill
 0 0 0 setrgbcolor 0 0.35 dtransform truncate idtransform setlinewidth pop
newpath -142.49 408.87 moveto 0 0 rlineto stroke
 0 0.24501 dtransform truncate idtransform setlinewidth pop
newpath -176.81998 376.74 moveto
-174.02002 376.74 lineto stroke
 0.24501 0 dtransform exch truncate exch idtransform pop setlinewidth
newpath -175.42 375.34003 moveto
-175.42 378.13998 lineto stroke
 0.00002 0.00018 0.00116 setrgbcolor
newpath -174.85999 376.74 moveto
-174.85999 376.88853 -174.91899 377.03096 -175.02402 377.13599 curveto
-175.12904 377.24101 -175.27147 377.30002 -175.42 377.30002 curveto
-175.56853 377.30002 -175.71095 377.24101 -175.81598 377.13599 curveto
-175.921 377.03096 -175.98001 376.88853 -175.98001 376.74 curveto
-175.98001 376.59148 -175.921 376.44905 -175.81598 376.34402 curveto
-175.71095 376.239 -175.56853 376.18 -175.42 376.18 curveto
-175.27147 376.18 -175.12904 376.239 -175.02402 376.34402 curveto
-174.91899 376.44905 -174.85999 376.59148 -174.85999 376.74 curveto closepath
 fill
 0 0 0 setrgbcolor 0 0.35 dtransform truncate idtransform setlinewidth pop
newpath -175.42 376.74 moveto 0 0 rlineto stroke
 0 0.24501 dtransform truncate idtransform setlinewidth pop
newpath -170.72998 336.44 moveto
-167.93002 336.44 lineto stroke
 0.24501 0 dtransform exch truncate exch idtransform pop setlinewidth
newpath -169.33 335.04002 moveto
-169.33 337.83998 lineto stroke
 0.00002 0.00018 0.00116 setrgbcolor
newpath -168.76999 336.44 moveto
-168.76999 336.58853 -168.829 336.73096 -168.93402 336.83598 curveto
-169.03905 336.94101 -169.18147 337.00002 -169.33 337.00002 curveto
-169.47853 337.00002 -169.62096 336.94101 -169.72598 336.83598 curveto
-169.83101 336.73096 -169.89001 336.58853 -169.89001 336.44 curveto
-169.89001 336.29147 -169.83101 336.14905 -169.72598 336.04402 curveto
-169.62096 335.939 -169.47853 335.87999 -169.33 335.87999 curveto
-169.18147 335.87999 -169.03905 335.939 -168.93402 336.04402 curveto
-168.829 336.14905 -168.76999 336.29147 -168.76999 336.44 curveto closepath
 fill
 0 0 0 setrgbcolor 0 0.35 dtransform truncate idtransform setlinewidth pop
newpath -169.33 336.44 moveto 0 0 rlineto stroke
 0 0.24501 dtransform truncate idtransform setlinewidth pop
newpath -144.35999 301.96 moveto
-141.56003 301.96 lineto stroke
 0.24501 0 dtransform exch truncate exch idtransform pop setlinewidth
newpath -142.96 300.56003 moveto
-142.96 303.35999 lineto stroke
 0.00002 0.00018 0.00116 setrgbcolor
newpath -142.4 301.96 moveto
-142.4 302.10854 -142.459 302.25096 -142.56403 302.35599 curveto
-142.66905 302.46101 -142.81148 302.52002 -142.96 302.52002 curveto
-143.10854 302.52002 -143.25096 302.46101 -143.35599 302.35599 curveto
-143.46101 302.25096 -143.52002 302.10854 -143.52002 301.96 curveto
-143.52002 301.81148 -143.46101 301.66905 -143.35599 301.56403 curveto
-143.25096 301.459 -143.10854 301.4 -142.96 301.4 curveto
-142.81148 301.4 -142.66905 301.459 -142.56403 301.56403 curveto
-142.459 301.66905 -142.4 301.81148 -142.4 301.96 curveto closepath fill
 0 0 0 setrgbcolor 0 0.35 dtransform truncate idtransform setlinewidth pop
newpath -142.96 301.96 moveto 0 0 rlineto stroke
 0 0.24501 dtransform truncate idtransform setlinewidth pop
newpath -129.96999 261.46 moveto
-127.17003 261.46 lineto stroke
 0.24501 0 dtransform exch truncate exch idtransform pop setlinewidth
newpath -128.57 260.06003 moveto
-128.57 262.85999 lineto stroke
 0.00002 0.00018 0.00116 setrgbcolor
newpath -128.01 261.46 moveto
-128.01 261.60854 -128.069 261.75096 -128.17403 261.85599 curveto
-128.27905 261.96101 -128.42148 262.02002 -128.57 262.02002 curveto
-128.71854 262.02002 -128.86096 261.96101 -128.96599 261.85599 curveto
-129.07101 261.75096 -129.13002 261.60854 -129.13002 261.46 curveto
-129.13002 261.31148 -129.07101 261.16905 -128.96599 261.06403 curveto
-128.86096 260.959 -128.71854 260.9 -128.57 260.9 curveto
-128.42148 260.9 -128.27905 260.959 -128.17403 261.06403 curveto
-128.069 261.16905 -128.01 261.31148 -128.01 261.46 curveto closepath fill
 0 0 0 setrgbcolor 0 0.35 dtransform truncate idtransform setlinewidth pop
newpath -128.57 261.46 moveto 0 0 rlineto stroke
 0 0.24501 dtransform truncate idtransform setlinewidth pop
newpath -138.24998 221.32 moveto
-135.45003 221.32 lineto stroke
 0.24501 0 dtransform exch truncate exch idtransform pop setlinewidth
newpath -136.85 219.92003 moveto
-136.85 222.71999 lineto stroke
 0.00002 0.00018 0.00116 setrgbcolor
newpath -136.29 221.32 moveto
-136.29 221.46854 -136.349 221.61096 -136.45403 221.71599 curveto
-136.55905 221.82101 -136.70148 221.88002 -136.85 221.88002 curveto
-136.99854 221.88002 -137.14096 221.82101 -137.24599 221.71599 curveto
-137.35101 221.61096 -137.41002 221.46854 -137.41002 221.32 curveto
-137.41002 221.17148 -137.35101 221.02905 -137.24599 220.92403 curveto
-137.14096 220.819 -136.99854 220.76 -136.85 220.76 curveto
-136.70148 220.76 -136.55905 220.819 -136.45403 220.92403 curveto
-136.349 221.02905 -136.29 221.17148 -136.29 221.32 curveto closepath fill
 0 0 0 setrgbcolor 0 0.35 dtransform truncate idtransform setlinewidth pop
newpath -136.85 221.32 moveto 0 0 rlineto stroke
 0 0.24501 dtransform truncate idtransform setlinewidth pop
newpath -131.96999 203.84 moveto
-129.17003 203.84 lineto stroke
 0.24501 0 dtransform exch truncate exch idtransform pop setlinewidth
newpath -130.57 202.44002 moveto
-130.57 205.23997 lineto stroke
 0.00002 0.00018 0.00116 setrgbcolor
newpath -130.01 203.84 moveto
-130.01 203.98853 -130.069 204.13095 -130.17403 204.23598 curveto
-130.27905 204.341 -130.42148 204.40001 -130.57 204.40001 curveto
-130.71854 204.40001 -130.86096 204.341 -130.96599 204.23598 curveto
-131.07101 204.13095 -131.13002 203.98853 -131.13002 203.84 curveto
-131.13002 203.69147 -131.07101 203.54904 -130.96599 203.44402 curveto
-130.86096 203.33899 -130.71854 203.27998 -130.57 203.27998 curveto
-130.42148 203.27998 -130.27905 203.33899 -130.17403 203.44402 curveto
-130.069 203.54904 -130.01 203.69147 -130.01 203.84 curveto closepath fill
 0 0 0 setrgbcolor 0 0.35 dtransform truncate idtransform setlinewidth pop
newpath -130.57 203.84 moveto 0 0 rlineto stroke
 0 0.24501 dtransform truncate idtransform setlinewidth pop
newpath -129.09998 194.87 moveto
-126.30002 194.87 lineto stroke
 0.24501 0 dtransform exch truncate exch idtransform pop setlinewidth
newpath -127.7 193.47002 moveto
-127.7 196.26997 lineto stroke
 0.00002 0.00018 0.00116 setrgbcolor
newpath -127.13998 194.87 moveto
-127.13998 195.01852 -127.19899 195.16095 -127.30402 195.26598 curveto
-127.40904 195.371 -127.55147 195.43001 -127.7 195.43001 curveto
-127.84853 195.43001 -127.99095 195.371 -128.09598 195.26598 curveto
-128.201 195.16095 -128.26001 195.01852 -128.26001 194.87 curveto
-128.26001 194.72147 -128.201 194.57904 -128.09598 194.47401 curveto
-127.99095 194.36899 -127.84853 194.30998 -127.7 194.30998 curveto
-127.55147 194.30998 -127.40904 194.36899 -127.30402 194.47401 curveto
-127.19899 194.57904 -127.13998 194.72147 -127.13998 194.87 curveto closepath
 fill
 0 0 0 setrgbcolor 0 0.35 dtransform truncate idtransform setlinewidth pop
newpath -127.7 194.87 moveto 0 0 rlineto stroke
 0 0.24501 dtransform truncate idtransform setlinewidth pop
newpath -128.39998 184.45 moveto
-125.60002 184.45 lineto stroke
 0.24501 0 dtransform exch truncate exch idtransform pop setlinewidth
newpath -127 183.05002 moveto
-127 185.84998 lineto stroke
 0.00002 0.00018 0.00116 setrgbcolor
newpath -126.43999 184.45 moveto
-126.43999 184.59853 -126.499 184.74095 -126.60402 184.84598 curveto
-126.70905 184.951 -126.85147 185.01001 -127 185.01001 curveto
-127.14853 185.01001 -127.29095 184.951 -127.39598 184.84598 curveto
-127.501 184.74095 -127.56001 184.59853 -127.56001 184.45 curveto
-127.56001 184.30147 -127.501 184.15904 -127.39598 184.05402 curveto
-127.29095 183.94899 -127.14853 183.88998 -127 183.88998 curveto
-126.85147 183.88998 -126.70905 183.94899 -126.60402 184.05402 curveto
-126.499 184.15904 -126.43999 184.30147 -126.43999 184.45 curveto closepath
 fill
 0 0 0 setrgbcolor 0 0.35 dtransform truncate idtransform setlinewidth pop
newpath -127 184.45 moveto 0 0 rlineto stroke
 0 0.24501 dtransform truncate idtransform setlinewidth pop
newpath -112.37997 181.63 moveto
-109.58002 181.63 lineto stroke
 0.24501 0 dtransform exch truncate exch idtransform pop setlinewidth
newpath -110.98 180.23003 moveto
-110.98 183.02998 lineto stroke
 0.00002 0.00018 0.00116 setrgbcolor
newpath -110.41998 181.63 moveto
-110.41998 181.77853 -110.47899 181.92096 -110.58401 182.02599 curveto
-110.68904 182.13101 -110.83147 182.19002 -110.98 182.19002 curveto
-111.12852 182.19002 -111.27095 182.13101 -111.37598 182.02599 curveto
-111.481 181.92096 -111.54001 181.77853 -111.54001 181.63 curveto
-111.54001 181.48148 -111.481 181.33905 -111.37598 181.23402 curveto
-111.27095 181.129 -111.12852 181.06999 -110.98 181.06999 curveto
-110.83147 181.06999 -110.68904 181.129 -110.58401 181.23402 curveto
-110.47899 181.33905 -110.41998 181.48148 -110.41998 181.63 curveto closepath
 fill
 0 0 0 setrgbcolor 0 0.35 dtransform truncate idtransform setlinewidth pop
newpath -110.98 181.63 moveto 0 0 rlineto stroke
 0 0.24501 dtransform truncate idtransform setlinewidth pop
newpath -122.19998 155.07 moveto
-119.40002 155.07 lineto stroke
 0.24501 0 dtransform exch truncate exch idtransform pop setlinewidth
newpath -120.8 153.67003 moveto
-120.8 156.46999 lineto stroke
 0.00002 0.00018 0.00116 setrgbcolor
newpath -120.23999 155.07 moveto
-120.23999 155.21854 -120.299 155.36096 -120.40402 155.46599 curveto
-120.50905 155.57101 -120.65147 155.63002 -120.8 155.63002 curveto
-120.94853 155.63002 -121.09096 155.57101 -121.19598 155.46599 curveto
-121.30101 155.36096 -121.36002 155.21854 -121.36002 155.07 curveto
-121.36002 154.92148 -121.30101 154.77905 -121.19598 154.67403 curveto
-121.09096 154.569 -120.94853 154.51 -120.8 154.51 curveto
-120.65147 154.51 -120.50905 154.569 -120.40402 154.67403 curveto
-120.299 154.77905 -120.23999 154.92148 -120.23999 155.07 curveto closepath
 fill
 0 0 0 setrgbcolor 0 0.35 dtransform truncate idtransform setlinewidth pop
newpath -120.8 155.07 moveto 0 0 rlineto stroke
 0 0.24501 dtransform truncate idtransform setlinewidth pop
newpath -123.02998 128.63 moveto
-120.23003 128.63 lineto stroke
 0.24501 0 dtransform exch truncate exch idtransform pop setlinewidth
newpath -121.63 127.23003 moveto
-121.63 130.02998 lineto stroke
 0.00002 0.00018 0.00116 setrgbcolor
newpath -121.06999 128.63 moveto
-121.06999 128.77853 -121.129 128.92096 -121.23402 129.02599 curveto
-121.33905 129.13101 -121.48148 129.19002 -121.63 129.19002 curveto
-121.77853 129.19002 -121.92096 129.13101 -122.02599 129.02599 curveto
-122.13101 128.92096 -122.19002 128.77853 -122.19002 128.63 curveto
-122.19002 128.48148 -122.13101 128.33905 -122.02599 128.23402 curveto
-121.92096 128.129 -121.77853 128.06999 -121.63 128.06999 curveto
-121.48148 128.06999 -121.33905 128.129 -121.23402 128.23402 curveto
-121.129 128.33905 -121.06999 128.48148 -121.06999 128.63 curveto closepath
 fill
 0 0 0 setrgbcolor 0 0.35 dtransform truncate idtransform setlinewidth pop
newpath -121.63 128.63 moveto 0 0 rlineto stroke
 0 0.24501 dtransform truncate idtransform setlinewidth pop
newpath -116.25998 117.27 moveto
-113.46002 117.27 lineto stroke
 0.24501 0 dtransform exch truncate exch idtransform pop setlinewidth
newpath -114.86 115.87003 moveto
-114.86 118.66998 lineto stroke
 0.00002 0.00018 0.00116 setrgbcolor
newpath -114.29999 117.27 moveto
-114.29999 117.41853 -114.359 117.56096 -114.46402 117.66599 curveto
-114.56905 117.77101 -114.71147 117.83002 -114.86 117.83002 curveto
-115.00853 117.83002 -115.15096 117.77101 -115.25598 117.66599 curveto
-115.36101 117.56096 -115.42001 117.41853 -115.42001 117.27 curveto
-115.42001 117.12148 -115.36101 116.97905 -115.25598 116.87402 curveto
-115.15096 116.769 -115.00853 116.70999 -114.86 116.70999 curveto
-114.71147 116.70999 -114.56905 116.769 -114.46402 116.87402 curveto
-114.359 116.97905 -114.29999 117.12148 -114.29999 117.27 curveto closepath
 fill
 0 0 0 setrgbcolor 0 0.35 dtransform truncate idtransform setlinewidth pop
newpath -114.86 117.27 moveto 0 0 rlineto stroke
 0 0.24501 dtransform truncate idtransform setlinewidth pop
newpath -92.28998 121.9 moveto
-89.49002 121.9 lineto stroke
 0.24501 0 dtransform exch truncate exch idtransform pop setlinewidth
newpath -90.89 120.50002 moveto
-90.89 123.29997 lineto stroke
 0.00002 0.00018 0.00116 setrgbcolor
newpath -90.32999 121.9 moveto
-90.32999 122.04852 -90.38899 122.19095 -90.49402 122.29597 curveto
-90.59904 122.401 -90.74147 122.46 -90.89 122.46 curveto
-91.03853 122.46 -91.18095 122.401 -91.28598 122.29597 curveto
-91.391 122.19095 -91.45001 122.04852 -91.45001 121.9 curveto
-91.45001 121.75146 -91.391 121.60904 -91.28598 121.50401 curveto
-91.18095 121.39899 -91.03853 121.33998 -90.89 121.33998 curveto
-90.74147 121.33998 -90.59904 121.39899 -90.49402 121.50401 curveto
-90.38899 121.60904 -90.32999 121.75146 -90.32999 121.9 curveto closepath fill
 0 0 0 setrgbcolor 0 0.35 dtransform truncate idtransform setlinewidth pop
newpath -90.89 121.9 moveto 0 0 rlineto stroke
 0 0.24501 dtransform truncate idtransform setlinewidth pop
newpath -89.32997 106.08 moveto
-86.53001 106.08 lineto stroke
 0.24501 0 dtransform exch truncate exch idtransform pop setlinewidth
newpath -87.93 104.68002 moveto
-87.93 107.47998 lineto stroke
 0.00002 0.00018 0.00116 setrgbcolor
newpath -87.36998 106.08 moveto
-87.36998 106.22853 -87.42899 106.37096 -87.53401 106.47598 curveto
-87.63904 106.58101 -87.78146 106.64001 -87.93 106.64001 curveto
-88.07852 106.64001 -88.22095 106.58101 -88.32597 106.47598 curveto
-88.431 106.37096 -88.49 106.22853 -88.49 106.08 curveto
-88.49 105.93147 -88.431 105.78905 -88.32597 105.68402 curveto
-88.22095 105.579 -88.07852 105.51999 -87.93 105.51999 curveto
-87.78146 105.51999 -87.63904 105.579 -87.53401 105.68402 curveto
-87.42899 105.78905 -87.36998 105.93147 -87.36998 106.08 curveto closepath fill
 0 0 0 setrgbcolor 0 0.35 dtransform truncate idtransform setlinewidth pop
newpath -87.93 106.08 moveto 0 0 rlineto stroke
 0 0.24501 dtransform truncate idtransform setlinewidth pop
newpath -63.96999 105.19 moveto
-61.17003 105.19 lineto stroke
 0.24501 0 dtransform exch truncate exch idtransform pop setlinewidth
newpath -62.57 103.79002 moveto
-62.57 106.58998 lineto stroke
 0.00002 0.00018 0.00116 setrgbcolor
newpath -62.01 105.19 moveto
-62.01 105.33853 -62.069 105.48096 -62.17403 105.58598 curveto
-62.27905 105.69101 -62.42148 105.75002 -62.57 105.75002 curveto
-62.71854 105.75002 -62.86096 105.69101 -62.96599 105.58598 curveto
-63.07101 105.48096 -63.13002 105.33853 -63.13002 105.19 curveto
-63.13002 105.04147 -63.07101 104.89905 -62.96599 104.79402 curveto
-62.86096 104.689 -62.71854 104.62999 -62.57 104.62999 curveto
-62.42148 104.62999 -62.27905 104.689 -62.17403 104.79402 curveto
-62.069 104.89905 -62.01 105.04147 -62.01 105.19 curveto closepath fill
 0 0 0 setrgbcolor 0 0.35 dtransform truncate idtransform setlinewidth pop
newpath -62.57 105.19 moveto 0 0 rlineto stroke
 0 0.24501 dtransform truncate idtransform setlinewidth pop
newpath -40.51997 77.89 moveto
-37.72002 77.89 lineto stroke
 0.24501 0 dtransform exch truncate exch idtransform pop setlinewidth
newpath -39.12 76.49002 moveto
-39.12 79.28998 lineto stroke
 0.00002 0.00018 0.00116 setrgbcolor
newpath -38.55998 77.89 moveto
-38.55998 78.03853 -38.61899 78.18095 -38.72401 78.28598 curveto
-38.82904 78.391 -38.97147 78.45001 -39.12 78.45001 curveto
-39.26852 78.45001 -39.41095 78.391 -39.51598 78.28598 curveto
-39.621 78.18095 -39.68001 78.03853 -39.68001 77.89 curveto
-39.68001 77.74147 -39.621 77.59904 -39.51598 77.49402 curveto
-39.41095 77.38899 -39.26852 77.32999 -39.12 77.32999 curveto
-38.97147 77.32999 -38.82904 77.38899 -38.72401 77.49402 curveto
-38.61899 77.59904 -38.55998 77.74147 -38.55998 77.89 curveto closepath fill
 0 0 0 setrgbcolor 0 0.35 dtransform truncate idtransform setlinewidth pop
newpath -39.12 77.89 moveto 0 0 rlineto stroke
 0 0.24501 dtransform truncate idtransform setlinewidth pop
newpath -19.45998 45.56 moveto
-16.66002 45.56 lineto stroke
 0.24501 0 dtransform exch truncate exch idtransform pop setlinewidth
newpath -18.06 44.16002 moveto
-18.06 46.95998 lineto stroke
 0.00002 0.00018 0.00116 setrgbcolor
newpath -17.49998 45.56 moveto
-17.49998 45.70853 -17.55899 45.85095 -17.66402 45.95598 curveto
-17.76904 46.061 -17.91147 46.12001 -18.06 46.12001 curveto
-18.20853 46.12001 -18.35095 46.061 -18.45598 45.95598 curveto
-18.561 45.85095 -18.62001 45.70853 -18.62001 45.56 curveto
-18.62001 45.41147 -18.561 45.26904 -18.45598 45.16402 curveto
-18.35095 45.05899 -18.20853 44.99998 -18.06 44.99998 curveto
-17.91147 44.99998 -17.76904 45.05899 -17.66402 45.16402 curveto
-17.55899 45.26904 -17.49998 45.41147 -17.49998 45.56 curveto closepath fill
 0 0 0 setrgbcolor 0 0.35 dtransform truncate idtransform setlinewidth pop
newpath -18.06 45.56 moveto 0 0 rlineto stroke
 0 0.24501 dtransform truncate idtransform setlinewidth pop
newpath -8.57997 24.75 moveto
-5.78001 24.75 lineto stroke
 0.24501 0 dtransform exch truncate exch idtransform pop setlinewidth
newpath -7.18 23.35002 moveto
-7.18 26.14998 lineto stroke
 0.00002 0.00018 0.00116 setrgbcolor
newpath -6.61998 24.75 moveto
-6.61998 24.89853 -6.67899 25.04095 -6.78401 25.14598 curveto
-6.88904 25.251 -7.03146 25.31001 -7.18 25.31001 curveto
-7.32852 25.31001 -7.47095 25.251 -7.57597 25.14598 curveto
-7.681 25.04095 -7.74 24.89853 -7.74 24.75 curveto
-7.74 24.60147 -7.681 24.45905 -7.57597 24.35402 curveto
-7.47095 24.249 -7.32852 24.18999 -7.18 24.18999 curveto
-7.03146 24.18999 -6.88904 24.249 -6.78401 24.35402 curveto
-6.67899 24.45905 -6.61998 24.60147 -6.61998 24.75 curveto closepath fill
 0 0 0 setrgbcolor 0 0.35 dtransform truncate idtransform setlinewidth pop
newpath -7.18 24.75 moveto 0 0 rlineto stroke
 0 0.24501 dtransform truncate idtransform setlinewidth pop
newpath -28.01997 20.78 moveto
-25.22002 20.78 lineto stroke
 0.24501 0 dtransform exch truncate exch idtransform pop setlinewidth
newpath -26.62 19.38002 moveto
-26.62 22.17998 lineto stroke
 0.00002 0.00018 0.00116 setrgbcolor
newpath -26.05998 20.78 moveto
-26.05998 20.92853 -26.11899 21.07095 -26.22401 21.17598 curveto
-26.32904 21.281 -26.47147 21.34001 -26.62 21.34001 curveto
-26.76852 21.34001 -26.91095 21.281 -27.01598 21.17598 curveto
-27.121 21.07095 -27.18001 20.92853 -27.18001 20.78 curveto
-27.18001 20.63147 -27.121 20.48904 -27.01598 20.38402 curveto
-26.91095 20.27899 -26.76852 20.21999 -26.62 20.21999 curveto
-26.47147 20.21999 -26.32904 20.27899 -26.22401 20.38402 curveto
-26.11899 20.48904 -26.05998 20.63147 -26.05998 20.78 curveto closepath fill
 0 0 0 setrgbcolor 0 0.35 dtransform truncate idtransform setlinewidth pop
newpath -26.62 20.78 moveto 0 0 rlineto stroke
 0 0.24501 dtransform truncate idtransform setlinewidth pop
newpath -33.34998 -23.34 moveto
-30.55002 -23.34 lineto stroke
 0.24501 0 dtransform exch truncate exch idtransform pop setlinewidth
newpath -31.95 -24.73997 moveto
-31.95 -21.94002 lineto stroke
 0.00002 0.00018 0.00116 setrgbcolor
newpath -31.38998 -23.34 moveto
-31.38998 -23.19147 -31.44899 -23.04904 -31.55402 -22.94402 curveto
-31.65904 -22.83899 -31.80147 -22.77998 -31.95 -22.77998 curveto
-32.09853 -22.77998 -32.24095 -22.83899 -32.34598 -22.94402 curveto
-32.451 -23.04904 -32.51001 -23.19147 -32.51001 -23.34 curveto
-32.51001 -23.48853 -32.451 -23.63095 -32.34598 -23.73598 curveto
-32.24095 -23.841 -32.09853 -23.90001 -31.95 -23.90001 curveto
-31.80147 -23.90001 -31.65904 -23.841 -31.55402 -23.73598 curveto
-31.44899 -23.63095 -31.38998 -23.48853 -31.38998 -23.34 curveto closepath fill
 0 0 0 setrgbcolor 0 0.35 dtransform truncate idtransform setlinewidth pop
newpath -31.95 -23.34 moveto 0 0 rlineto stroke
 0 0.24501 dtransform truncate idtransform setlinewidth pop
newpath -14.27998 -50.04 moveto
-11.48003 -50.04 lineto stroke
 0.24501 0 dtransform exch truncate exch idtransform pop setlinewidth
newpath -12.88 -51.43997 moveto
-12.88 -48.64001 lineto stroke
 0.00002 0.00018 0.00116 setrgbcolor
newpath -12.31999 -50.04 moveto
-12.31999 -49.89146 -12.379 -49.74904 -12.48402 -49.64401 curveto
-12.58905 -49.53899 -12.73148 -49.47998 -12.88 -49.47998 curveto
-13.02853 -49.47998 -13.17096 -49.53899 -13.27599 -49.64401 curveto
-13.38101 -49.74904 -13.44002 -49.89146 -13.44002 -50.04 curveto
-13.44002 -50.18852 -13.38101 -50.33095 -13.27599 -50.43597 curveto
-13.17096 -50.541 -13.02853 -50.6 -12.88 -50.6 curveto
-12.73148 -50.6 -12.58905 -50.541 -12.48402 -50.43597 curveto
-12.379 -50.33095 -12.31999 -50.18852 -12.31999 -50.04 curveto closepath fill
 0 0 0 setrgbcolor 0 0.35 dtransform truncate idtransform setlinewidth pop
newpath -12.88 -50.04 moveto 0 0 rlineto stroke
 0 0.24501 dtransform truncate idtransform setlinewidth pop
newpath 4.20003 -43.28 moveto
6.99998 -43.28 lineto stroke
 0.24501 0 dtransform exch truncate exch idtransform pop setlinewidth
newpath 5.6 -44.67998 moveto
5.6 -41.88002 lineto stroke
 0.00002 0.00018 0.00116 setrgbcolor
newpath 6.16002 -43.28 moveto
6.16002 -43.13147 6.10101 -42.98904 5.99599 -42.88402 curveto
5.89096 -42.77899 5.74854 -42.71999 5.6 -42.71999 curveto
5.45148 -42.71999 5.30905 -42.77899 5.20403 -42.88402 curveto
5.099 -42.98904 5.04 -43.13147 5.04 -43.28 curveto
5.04 -43.42853 5.099 -43.57095 5.20403 -43.67598 curveto
5.30905 -43.781 5.45148 -43.84001 5.6 -43.84001 curveto
5.74854 -43.84001 5.89096 -43.781 5.99599 -43.67598 curveto
6.10101 -43.57095 6.16002 -43.42853 6.16002 -43.28 curveto closepath fill
 0 0 0 setrgbcolor 0 0.35 dtransform truncate idtransform setlinewidth pop
newpath 5.6 -43.28 moveto 0 0 rlineto stroke
 0 0.24501 dtransform truncate idtransform setlinewidth pop
newpath 13.02002 -84.77 moveto
15.81998 -84.77 lineto stroke
 0.24501 0 dtransform exch truncate exch idtransform pop setlinewidth
newpath 14.42 -86.16998 moveto
14.42 -83.37003 lineto stroke
 0.00002 0.00018 0.00116 setrgbcolor
newpath 14.98001 -84.77 moveto
14.98001 -84.62148 14.921 -84.47905 14.81598 -84.37402 curveto
14.71095 -84.269 14.56853 -84.20999 14.42 -84.20999 curveto
14.27147 -84.20999 14.12904 -84.269 14.02402 -84.37402 curveto
13.91899 -84.47905 13.85999 -84.62148 13.85999 -84.77 curveto
13.85999 -84.91853 13.91899 -85.06096 14.02402 -85.16599 curveto
14.12904 -85.27101 14.27147 -85.33002 14.42 -85.33002 curveto
14.56853 -85.33002 14.71095 -85.27101 14.81598 -85.16599 curveto
14.921 -85.06096 14.98001 -84.91853 14.98001 -84.77 curveto closepath fill
 0 0 0 setrgbcolor 0 0.35 dtransform truncate idtransform setlinewidth pop
newpath 14.42 -84.77 moveto 0 0 rlineto stroke
 0 0.24501 dtransform truncate idtransform setlinewidth pop
newpath 45.63002 -114.64 moveto
48.42998 -114.64 lineto stroke
 0.24501 0 dtransform exch truncate exch idtransform pop setlinewidth
newpath 47.03 -116.03998 moveto
47.03 -113.24002 lineto stroke
 0.00002 0.00018 0.00116 setrgbcolor
newpath 47.59001 -114.64 moveto
47.59001 -114.49147 47.531 -114.34904 47.42598 -114.24402 curveto
47.32095 -114.13899 47.17853 -114.07999 47.03 -114.07999 curveto
46.88147 -114.07999 46.73904 -114.13899 46.63402 -114.24402 curveto
46.52899 -114.34904 46.46999 -114.49147 46.46999 -114.64 curveto
46.46999 -114.78853 46.52899 -114.93095 46.63402 -115.03598 curveto
46.73904 -115.141 46.88147 -115.20001 47.03 -115.20001 curveto
47.17853 -115.20001 47.32095 -115.141 47.42598 -115.03598 curveto
47.531 -114.93095 47.59001 -114.78853 47.59001 -114.64 curveto closepath fill
 0 0 0 setrgbcolor 0 0.35 dtransform truncate idtransform setlinewidth pop
newpath 47.03 -114.64 moveto 0 0 rlineto stroke
 0 0.24501 dtransform truncate idtransform setlinewidth pop
newpath 43.46002 -159.45 moveto
46.25998 -159.45 lineto stroke
 0.24501 0 dtransform exch truncate exch idtransform pop setlinewidth
newpath 44.86 -160.84998 moveto
44.86 -158.05002 lineto stroke
 0.00002 0.00018 0.00116 setrgbcolor
newpath 45.42001 -159.45 moveto
45.42001 -159.30147 45.36101 -159.15904 45.25598 -159.05402 curveto
45.15096 -158.94899 45.00853 -158.88998 44.86 -158.88998 curveto
44.71147 -158.88998 44.56905 -158.94899 44.46402 -159.05402 curveto
44.359 -159.15904 44.29999 -159.30147 44.29999 -159.45 curveto
44.29999 -159.59853 44.359 -159.74095 44.46402 -159.84598 curveto
44.56905 -159.951 44.71147 -160.01001 44.86 -160.01001 curveto
45.00853 -160.01001 45.15096 -159.951 45.25598 -159.84598 curveto
45.36101 -159.74095 45.42001 -159.59853 45.42001 -159.45 curveto closepath fill
 0 0 0 setrgbcolor 0 0.35 dtransform truncate idtransform setlinewidth pop
newpath 44.86 -159.45 moveto 0 0 rlineto stroke
 0 0.24501 dtransform truncate idtransform setlinewidth pop
newpath 58.01003 -186.97 moveto
60.80998 -186.97 lineto stroke
 0.24501 0 dtransform exch truncate exch idtransform pop setlinewidth
newpath 59.41 -188.36998 moveto
59.41 -185.57002 lineto stroke
 0.00002 0.00018 0.00116 setrgbcolor
newpath 59.97002 -186.97 moveto
59.97002 -186.82147 59.91101 -186.67905 59.80598 -186.57402 curveto
59.70096 -186.469 59.55853 -186.40999 59.41 -186.40999 curveto
59.26147 -186.40999 59.11905 -186.469 59.01402 -186.57402 curveto
58.909 -186.67905 58.84999 -186.82147 58.84999 -186.97 curveto
58.84999 -187.11853 58.909 -187.26096 59.01402 -187.36598 curveto
59.11905 -187.47101 59.26147 -187.53001 59.41 -187.53001 curveto
59.55853 -187.53001 59.70096 -187.47101 59.80598 -187.36598 curveto
59.91101 -187.26096 59.97002 -187.11853 59.97002 -186.97 curveto closepath fill
 0 0 0 setrgbcolor 0 0.35 dtransform truncate idtransform setlinewidth pop
newpath 59.41 -186.97 moveto 0 0 rlineto stroke
 0 0.24501 dtransform truncate idtransform setlinewidth pop
newpath 70.00002 -185.74 moveto
72.79997 -185.74 lineto stroke
 0.24501 0 dtransform exch truncate exch idtransform pop setlinewidth
newpath 71.4 -187.13998 moveto
71.4 -184.34003 lineto stroke
 0.00002 0.00018 0.00116 setrgbcolor
newpath 71.96 -185.74 moveto
71.96 -185.59148 71.901 -185.44905 71.79597 -185.34402 curveto
71.69095 -185.239 71.54852 -185.18 71.4 -185.18 curveto
71.25146 -185.18 71.10904 -185.239 71.00401 -185.34402 curveto
70.89899 -185.44905 70.83998 -185.59148 70.83998 -185.74 curveto
70.83998 -185.88853 70.89899 -186.03096 71.00401 -186.13599 curveto
71.10904 -186.24101 71.25146 -186.30002 71.4 -186.30002 curveto
71.54852 -186.30002 71.69095 -186.24101 71.79597 -186.13599 curveto
71.901 -186.03096 71.96 -185.88853 71.96 -185.74 curveto closepath fill
 0 0 0 setrgbcolor 0 0.35 dtransform truncate idtransform setlinewidth pop
newpath 71.4 -185.74 moveto 0 0 rlineto stroke
 0 0.24501 dtransform truncate idtransform setlinewidth pop
newpath 78.09003 -182.22 moveto
80.88998 -182.22 lineto stroke
 0.24501 0 dtransform exch truncate exch idtransform pop setlinewidth
newpath 79.49 -183.61998 moveto
79.49 -180.82002 lineto stroke
 0.00002 0.00018 0.00116 setrgbcolor
newpath 80.05002 -182.22 moveto
80.05002 -182.07147 79.99101 -181.92905 79.88599 -181.82402 curveto
79.78096 -181.719 79.63853 -181.65999 79.49 -181.65999 curveto
79.34148 -181.65999 79.19905 -181.719 79.09402 -181.82402 curveto
78.989 -181.92905 78.93 -182.07147 78.93 -182.22 curveto
78.93 -182.36853 78.989 -182.51096 79.09402 -182.61598 curveto
79.19905 -182.72101 79.34148 -182.78001 79.49 -182.78001 curveto
79.63853 -182.78001 79.78096 -182.72101 79.88599 -182.61598 curveto
79.99101 -182.51096 80.05002 -182.36853 80.05002 -182.22 curveto closepath fill
 0 0 0 setrgbcolor 0 0.35 dtransform truncate idtransform setlinewidth pop
newpath 79.49 -182.22 moveto 0 0 rlineto stroke
 0 0.24501 dtransform truncate idtransform setlinewidth pop
newpath 88.96002 -196.84 moveto
91.75998 -196.84 lineto stroke
 0.24501 0 dtransform exch truncate exch idtransform pop setlinewidth
newpath 90.36 -198.23997 moveto
90.36 -195.44002 lineto stroke
 0.00002 0.00018 0.00116 setrgbcolor
newpath 90.92001 -196.84 moveto
90.92001 -196.69147 90.86101 -196.54904 90.75598 -196.44402 curveto
90.65096 -196.33899 90.50853 -196.27998 90.36 -196.27998 curveto
90.21147 -196.27998 90.06905 -196.33899 89.96402 -196.44402 curveto
89.859 -196.54904 89.79999 -196.69147 89.79999 -196.84 curveto
89.79999 -196.98853 89.859 -197.13095 89.96402 -197.23598 curveto
90.06905 -197.341 90.21147 -197.40001 90.36 -197.40001 curveto
90.50853 -197.40001 90.65096 -197.341 90.75598 -197.23598 curveto
90.86101 -197.13095 90.92001 -196.98853 90.92001 -196.84 curveto closepath fill
 0 0 0 setrgbcolor 0 0.35 dtransform truncate idtransform setlinewidth pop
newpath 90.36 -196.84 moveto 0 0 rlineto stroke
 0 0.24501 dtransform truncate idtransform setlinewidth pop
newpath 107.04002 -221.17 moveto
109.83998 -221.17 lineto stroke
 0.24501 0 dtransform exch truncate exch idtransform pop setlinewidth
newpath 108.44 -222.56998 moveto
108.44 -219.77002 lineto stroke
 0.00002 0.00018 0.00116 setrgbcolor
newpath 109.00002 -221.17 moveto
109.00002 -221.02147 108.94101 -220.87904 108.83598 -220.77402 curveto
108.73096 -220.66899 108.58853 -220.60999 108.44 -220.60999 curveto
108.29147 -220.60999 108.14905 -220.66899 108.04402 -220.77402 curveto
107.939 -220.87904 107.87999 -221.02147 107.87999 -221.17 curveto
107.87999 -221.31853 107.939 -221.46095 108.04402 -221.56598 curveto
108.14905 -221.671 108.29147 -221.73001 108.44 -221.73001 curveto
108.58853 -221.73001 108.73096 -221.671 108.83598 -221.56598 curveto
108.94101 -221.46095 109.00002 -221.31853 109.00002 -221.17 curveto closepath
 fill
 0 0 0 setrgbcolor 0 0.35 dtransform truncate idtransform setlinewidth pop
newpath 108.44 -221.17 moveto 0 0 rlineto stroke
 0 0.24501 dtransform truncate idtransform setlinewidth pop
newpath 129.47002 -233.17 moveto
132.26997 -233.17 lineto stroke
 0.24501 0 dtransform exch truncate exch idtransform pop setlinewidth
newpath 130.87 -234.56998 moveto
130.87 -231.77002 lineto stroke
 0.00002 0.00018 0.00116 setrgbcolor
newpath 131.43001 -233.17 moveto
131.43001 -233.02147 131.371 -232.87904 131.26598 -232.77402 curveto
131.16095 -232.66899 131.01852 -232.60999 130.87 -232.60999 curveto
130.72147 -232.60999 130.57904 -232.66899 130.47401 -232.77402 curveto
130.36899 -232.87904 130.30998 -233.02147 130.30998 -233.17 curveto
130.30998 -233.31853 130.36899 -233.46095 130.47401 -233.56598 curveto
130.57904 -233.671 130.72147 -233.73001 130.87 -233.73001 curveto
131.01852 -233.73001 131.16095 -233.671 131.26598 -233.56598 curveto
131.371 -233.46095 131.43001 -233.31853 131.43001 -233.17 curveto closepath
 fill
 0 0 0 setrgbcolor 0 0.35 dtransform truncate idtransform setlinewidth pop
newpath 130.87 -233.17 moveto 0 0 rlineto stroke
 0 0.24501 dtransform truncate idtransform setlinewidth pop
newpath 132.69002 -251.5 moveto
135.48997 -251.5 lineto stroke
 0.24501 0 dtransform exch truncate exch idtransform pop setlinewidth
newpath 134.09 -252.89998 moveto
134.09 -250.10002 lineto stroke
 0.00002 0.00018 0.00116 setrgbcolor
newpath 134.65001 -251.5 moveto
134.65001 -251.35147 134.591 -251.20905 134.48598 -251.10402 curveto
134.38095 -250.999 134.23853 -250.93999 134.09 -250.93999 curveto
133.94147 -250.93999 133.79904 -250.999 133.69402 -251.10402 curveto
133.58899 -251.20905 133.52998 -251.35147 133.52998 -251.5 curveto
133.52998 -251.64853 133.58899 -251.79095 133.69402 -251.89598 curveto
133.79904 -252.001 133.94147 -252.06001 134.09 -252.06001 curveto
134.23853 -252.06001 134.38095 -252.001 134.48598 -251.89598 curveto
134.591 -251.79095 134.65001 -251.64853 134.65001 -251.5 curveto closepath fill
 0 0 0 setrgbcolor 0 0.35 dtransform truncate idtransform setlinewidth pop
newpath 134.09 -251.5 moveto 0 0 rlineto stroke
 0 0.24501 dtransform truncate idtransform setlinewidth pop
newpath 157.65002 -288.67 moveto
160.44998 -288.67 lineto stroke
 0.24501 0 dtransform exch truncate exch idtransform pop setlinewidth
newpath 159.05 -290.06998 moveto
159.05 -287.27002 lineto stroke
 0.00002 0.00018 0.00116 setrgbcolor
newpath 159.61002 -288.67 moveto
159.61002 -288.52147 159.55101 -288.37904 159.44598 -288.27402 curveto
159.34096 -288.16899 159.19853 -288.10999 159.05 -288.10999 curveto
158.90147 -288.10999 158.75905 -288.16899 158.65402 -288.27402 curveto
158.549 -288.37904 158.48999 -288.52147 158.48999 -288.67 curveto
158.48999 -288.81853 158.549 -288.96095 158.65402 -289.06598 curveto
158.75905 -289.171 158.90147 -289.23001 159.05 -289.23001 curveto
159.19853 -289.23001 159.34096 -289.171 159.44598 -289.06598 curveto
159.55101 -288.96095 159.61002 -288.81853 159.61002 -288.67 curveto closepath
 fill
 0 0 0 setrgbcolor 0 0.35 dtransform truncate idtransform setlinewidth pop
newpath 159.05 -288.67 moveto 0 0 rlineto stroke
 0 0.24501 dtransform truncate idtransform setlinewidth pop
newpath 148.48003 -329.06 moveto
151.27998 -329.06 lineto stroke
 0.24501 0 dtransform exch truncate exch idtransform pop setlinewidth
newpath 149.88 -330.45998 moveto
149.88 -327.66002 lineto stroke
 0.00002 0.00018 0.00116 setrgbcolor
newpath 150.44002 -329.06 moveto
150.44002 -328.91147 150.38101 -328.76904 150.27599 -328.66402 curveto
150.17096 -328.55899 150.02853 -328.49998 149.88 -328.49998 curveto
149.73148 -328.49998 149.58905 -328.55899 149.48402 -328.66402 curveto
149.379 -328.76904 149.31999 -328.91147 149.31999 -329.06 curveto
149.31999 -329.20853 149.379 -329.35095 149.48402 -329.45598 curveto
149.58905 -329.561 149.73148 -329.62001 149.88 -329.62001 curveto
150.02853 -329.62001 150.17096 -329.561 150.27599 -329.45598 curveto
150.38101 -329.35095 150.44002 -329.20853 150.44002 -329.06 curveto closepath
 fill
 0 0 0 setrgbcolor 0 0.35 dtransform truncate idtransform setlinewidth pop
newpath 149.88 -329.06 moveto 0 0 rlineto stroke
 0 0.24501 dtransform truncate idtransform setlinewidth pop
newpath 161.41002 -334.79 moveto
164.20998 -334.79 lineto stroke
 0.24501 0 dtransform exch truncate exch idtransform pop setlinewidth
newpath 162.81 -336.18997 moveto
162.81 -333.39001 lineto stroke
 0.00002 0.00018 0.00116 setrgbcolor
newpath 163.37001 -334.79 moveto
163.37001 -334.64146 163.311 -334.49904 163.20598 -334.39401 curveto
163.10095 -334.28899 162.95853 -334.22998 162.81 -334.22998 curveto
162.66147 -334.22998 162.51904 -334.28899 162.41402 -334.39401 curveto
162.30899 -334.49904 162.24998 -334.64146 162.24998 -334.79 curveto
162.24998 -334.93852 162.30899 -335.08095 162.41402 -335.18597 curveto
162.51904 -335.291 162.66147 -335.35 162.81 -335.35 curveto
162.95853 -335.35 163.10095 -335.291 163.20598 -335.18597 curveto
163.311 -335.08095 163.37001 -334.93852 163.37001 -334.79 curveto closepath
 fill
 0 0 0 setrgbcolor 0 0.35 dtransform truncate idtransform setlinewidth pop
newpath 162.81 -334.79 moveto 0 0 rlineto stroke
 0 0.24501 dtransform truncate idtransform setlinewidth pop
newpath 165.53001 -334.11 moveto
168.32997 -334.11 lineto stroke
 0.24501 0 dtransform exch truncate exch idtransform pop setlinewidth
newpath 166.93 -335.50998 moveto
166.93 -332.71002 lineto stroke
 0.00002 0.00018 0.00116 setrgbcolor
newpath 167.49 -334.11 moveto
167.49 -333.96147 167.431 -333.81905 167.32597 -333.71402 curveto
167.22095 -333.609 167.07852 -333.54999 166.93 -333.54999 curveto
166.78146 -333.54999 166.63904 -333.609 166.53401 -333.71402 curveto
166.42899 -333.81905 166.36998 -333.96147 166.36998 -334.11 curveto
166.36998 -334.25853 166.42899 -334.40096 166.53401 -334.50598 curveto
166.63904 -334.61101 166.78146 -334.67001 166.93 -334.67001 curveto
167.07852 -334.67001 167.22095 -334.61101 167.32597 -334.50598 curveto
167.431 -334.40096 167.49 -334.25853 167.49 -334.11 curveto closepath fill
 0 0 0 setrgbcolor 0 0.35 dtransform truncate idtransform setlinewidth pop
newpath 166.93 -334.11 moveto 0 0 rlineto stroke
 0 0.24501 dtransform truncate idtransform setlinewidth pop
newpath 184.77002 -356.51 moveto
187.56998 -356.51 lineto stroke
 0.24501 0 dtransform exch truncate exch idtransform pop setlinewidth
newpath 186.17 -357.90997 moveto
186.17 -355.11002 lineto stroke
 0.00002 0.00018 0.00116 setrgbcolor
newpath 186.73001 -356.51 moveto
186.73001 -356.36147 186.671 -356.21904 186.56598 -356.11401 curveto
186.46095 -356.00899 186.31853 -355.94998 186.17 -355.94998 curveto
186.02147 -355.94998 185.87904 -356.00899 185.77402 -356.11401 curveto
185.66899 -356.21904 185.60999 -356.36147 185.60999 -356.51 curveto
185.60999 -356.65852 185.66899 -356.80095 185.77402 -356.90598 curveto
185.87904 -357.011 186.02147 -357.07 186.17 -357.07 curveto
186.31853 -357.07 186.46095 -357.011 186.56598 -356.90598 curveto
186.671 -356.80095 186.73001 -356.65852 186.73001 -356.51 curveto closepath
 fill
 0 0 0 setrgbcolor 0 0.35 dtransform truncate idtransform setlinewidth pop
newpath 186.17 -356.51 moveto 0 0 rlineto stroke
 0 0.24501 dtransform truncate idtransform setlinewidth pop
newpath 174.53001 -373.59 moveto
177.32997 -373.59 lineto stroke
 0.24501 0 dtransform exch truncate exch idtransform pop setlinewidth
newpath 175.93 -374.98997 moveto
175.93 -372.19002 lineto stroke
 0.00002 0.00018 0.00116 setrgbcolor
newpath 176.49 -373.59 moveto
176.49 -373.44147 176.431 -373.29904 176.32597 -373.19402 curveto
176.22095 -373.08899 176.07852 -373.02998 175.93 -373.02998 curveto
175.78146 -373.02998 175.63904 -373.08899 175.53401 -373.19402 curveto
175.42899 -373.29904 175.36998 -373.44147 175.36998 -373.59 curveto
175.36998 -373.73853 175.42899 -373.88095 175.53401 -373.98598 curveto
175.63904 -374.091 175.78146 -374.15001 175.93 -374.15001 curveto
176.07852 -374.15001 176.22095 -374.091 176.32597 -373.98598 curveto
176.431 -373.88095 176.49 -373.73853 176.49 -373.59 curveto closepath fill
 0 0 0 setrgbcolor 0 0.35 dtransform truncate idtransform setlinewidth pop
newpath 175.93 -373.59 moveto 0 0 rlineto stroke
 0 0.24501 dtransform truncate idtransform setlinewidth pop
newpath 163.07002 -390.6 moveto
165.86998 -390.6 lineto stroke
 0.24501 0 dtransform exch truncate exch idtransform pop setlinewidth
newpath 164.47 -391.99998 moveto
164.47 -389.20003 lineto stroke
 0.00002 0.00018 0.00116 setrgbcolor
newpath 165.03001 -390.6 moveto
165.03001 -390.45148 164.97101 -390.30905 164.86598 -390.20403 curveto
164.76096 -390.099 164.61853 -390.04 164.47 -390.04 curveto
164.32147 -390.04 164.17905 -390.099 164.07402 -390.20403 curveto
163.969 -390.30905 163.90999 -390.45148 163.90999 -390.6 curveto
163.90999 -390.74854 163.969 -390.89096 164.07402 -390.99599 curveto
164.17905 -391.10101 164.32147 -391.16002 164.47 -391.16002 curveto
164.61853 -391.16002 164.76096 -391.10101 164.86598 -390.99599 curveto
164.97101 -390.89096 165.03001 -390.74854 165.03001 -390.6 curveto closepath
 fill
 0 0 0 setrgbcolor 0 0.35 dtransform truncate idtransform setlinewidth pop
newpath 164.47 -390.6 moveto 0 0 rlineto stroke
 0 0.24501 dtransform truncate idtransform setlinewidth pop
newpath 151.60002 -440.91 moveto
154.39998 -440.91 lineto stroke
 0.24501 0 dtransform exch truncate exch idtransform pop setlinewidth
newpath 153 -442.30998 moveto
153 -439.51003 lineto stroke
 0.00002 0.00018 0.00116 setrgbcolor
newpath 153.56001 -440.91 moveto
153.56001 -440.76147 153.501 -440.61905 153.39598 -440.51402 curveto
153.29095 -440.409 153.14853 -440.34999 153 -440.34999 curveto
152.85147 -440.34999 152.70905 -440.409 152.60402 -440.51402 curveto
152.499 -440.61905 152.43999 -440.76147 152.43999 -440.91 curveto
152.43999 -441.05853 152.499 -441.20096 152.60402 -441.30598 curveto
152.70905 -441.41101 152.85147 -441.47002 153 -441.47002 curveto
153.14853 -441.47002 153.29095 -441.41101 153.39598 -441.30598 curveto
153.501 -441.20096 153.56001 -441.05853 153.56001 -440.91 curveto closepath
 fill
 0 0 0 setrgbcolor 0 0.35 dtransform truncate idtransform setlinewidth pop
newpath 153 -440.91 moveto 0 0 rlineto stroke
 0 0.24501 dtransform truncate idtransform setlinewidth pop
newpath 141.95003 -478.31 moveto
144.74998 -478.31 lineto stroke
 0.24501 0 dtransform exch truncate exch idtransform pop setlinewidth
newpath 143.35 -479.70998 moveto
143.35 -476.91002 lineto stroke
 0.00002 0.00018 0.00116 setrgbcolor
newpath 143.91002 -478.31 moveto
143.91002 -478.16147 143.85101 -478.01904 143.74599 -477.91402 curveto
143.64096 -477.80899 143.49854 -477.74998 143.35 -477.74998 curveto
143.20148 -477.74998 143.05905 -477.80899 142.95403 -477.91402 curveto
142.849 -478.01904 142.79 -478.16147 142.79 -478.31 curveto
142.79 -478.45853 142.849 -478.60095 142.95403 -478.70598 curveto
143.05905 -478.811 143.20148 -478.87001 143.35 -478.87001 curveto
143.49854 -478.87001 143.64096 -478.811 143.74599 -478.70598 curveto
143.85101 -478.60095 143.91002 -478.45853 143.91002 -478.31 curveto closepath
 fill
 0 0 0 setrgbcolor 0 0.35 dtransform truncate idtransform setlinewidth pop
newpath 143.35 -478.31 moveto 0 0 rlineto stroke
 0 0.24501 dtransform truncate idtransform setlinewidth pop
newpath 157.40002 -381.86 moveto
160.19998 -381.86 lineto stroke
 0.24501 0 dtransform exch truncate exch idtransform pop setlinewidth
newpath 158.8 -383.25998 moveto
158.8 -380.46002 lineto stroke
 0.00002 0.00018 0.00116 setrgbcolor
newpath 159.36002 -381.86 moveto
159.36002 -381.71147 159.30101 -381.56905 159.19598 -381.46402 curveto
159.09096 -381.359 158.94853 -381.29999 158.8 -381.29999 curveto
158.65147 -381.29999 158.50905 -381.359 158.40402 -381.46402 curveto
158.299 -381.56905 158.23999 -381.71147 158.23999 -381.86 curveto
158.23999 -382.00853 158.299 -382.15096 158.40402 -382.25598 curveto
158.50905 -382.36101 158.65147 -382.42001 158.8 -382.42001 curveto
158.94853 -382.42001 159.09096 -382.36101 159.19598 -382.25598 curveto
159.30101 -382.15096 159.36002 -382.00853 159.36002 -381.86 curveto closepath
 fill
 0 0 0 setrgbcolor 0 0.35 dtransform truncate idtransform setlinewidth pop
newpath 158.8 -381.86 moveto 0 0 rlineto stroke
 0 0.24501 dtransform truncate idtransform setlinewidth pop
newpath 156.09003 -378.15 moveto
158.88998 -378.15 lineto stroke
 0.24501 0 dtransform exch truncate exch idtransform pop setlinewidth
newpath 157.49 -379.54997 moveto
157.49 -376.75002 lineto stroke
 0.00002 0.00018 0.00116 setrgbcolor
newpath 158.05002 -378.15 moveto
158.05002 -378.00146 157.99101 -377.85904 157.88599 -377.75401 curveto
157.78096 -377.64899 157.63853 -377.58998 157.49 -377.58998 curveto
157.34148 -377.58998 157.19905 -377.64899 157.09402 -377.75401 curveto
156.989 -377.85904 156.93 -378.00146 156.93 -378.15 curveto
156.93 -378.29852 156.989 -378.44095 157.09402 -378.54597 curveto
157.19905 -378.651 157.34148 -378.71 157.49 -378.71 curveto
157.63853 -378.71 157.78096 -378.651 157.88599 -378.54597 curveto
157.99101 -378.44095 158.05002 -378.29852 158.05002 -378.15 curveto closepath
 fill
 0 0 0 setrgbcolor 0 0.35 dtransform truncate idtransform setlinewidth pop
newpath 157.49 -378.15 moveto 0 0 rlineto stroke
 0 0.24501 dtransform truncate idtransform setlinewidth pop
newpath -140.68997 465.14 moveto
-137.89001 465.14 lineto stroke
 0.24501 0 dtransform exch truncate exch idtransform pop setlinewidth
newpath -139.29 463.74002 moveto
-139.29 466.53998 lineto stroke
 0.00002 0.00018 0.00116 setrgbcolor
newpath -138.72998 465.14 moveto
-138.72998 465.28853 -138.78899 465.43095 -138.89401 465.53598 curveto
-138.99904 465.641 -139.14146 465.70001 -139.29 465.70001 curveto
-139.43852 465.70001 -139.58095 465.641 -139.68597 465.53598 curveto
-139.791 465.43095 -139.85 465.28853 -139.85 465.14 curveto
-139.85 464.99147 -139.791 464.84904 -139.68597 464.74402 curveto
-139.58095 464.63899 -139.43852 464.57999 -139.29 464.57999 curveto
-139.14146 464.57999 -138.99904 464.63899 -138.89401 464.74402 curveto
-138.78899 464.84904 -138.72998 464.99147 -138.72998 465.14 curveto closepath
 fill
 0 0 0 setrgbcolor 0 0.35 dtransform truncate idtransform setlinewidth pop
newpath -139.29 465.14 moveto 0 0 rlineto stroke
showpage
%%EOF
