%!PS
%%BoundingBox: -203 -253 202 254 
%%HiResBoundingBox: -202.77667 -252.96886 201.83543 253.01668 
%%Creator: MetaPost 1.209
%%CreationDate: 2018.11.10:1625
%%Pages: 1
%%BeginProlog
%%EndProlog
%%Page: 1 1
 0 0 0 setrgbcolor 0 0.33333 dtransform truncate idtransform setlinewidth pop
 [] 0 setdash 1 setlinecap 1 setlinejoin 10 setmiterlimit
newpath 59.95 -26.92 moveto
58.7 -27.11 57.36 -27.78 55.73 -29.51 curveto
54.1 -31.24 49.01 -35.65 46.9 -36.9 curveto
44.79 -38.14 39.61 -39.39 37.3 -41.78 curveto
35 -44.18 31.73 -46 30.87 -49.46 curveto
30 -52.91 29.43 -53.68 28.47 -55.22 curveto
27.5 -56.76 25.97 -60.51 25.11 -61.08 curveto stroke
 0 0 1 setrgbcolor 0 0.23332 dtransform truncate idtransform setlinewidth pop
newpath 59.95 -26.92 moveto
58.7 -27.11 57.36 -27.78 55.73 -29.51 curveto
54.1 -31.24 49.01 -35.65 46.9 -36.9 curveto
44.79 -38.14 39.61 -39.39 37.3 -41.78 curveto
35 -44.18 31.73 -46 30.87 -49.46 curveto
30 -52.91 29.43 -53.68 28.47 -55.22 curveto
27.5 -56.76 25.97 -60.51 25.11 -61.08 curveto stroke
 1 0 0 setrgbcolor
newpath 59.95 -26.91 moveto
58.7 -27.1 57.36 -27.77 55.73 -29.5 curveto
54.1 -31.23 49.01 -35.64 46.9 -36.89 curveto
44.78 -38.14 39.6 -39.39 37.3 -41.79 curveto
34.99 -44.19 31.73 -46.01 30.86 -49.47 curveto
30 -52.92 29.42 -53.69 28.46 -55.23 curveto
27.5 -56.76 25.97 -60.51 25.1 -61.08 curveto stroke
 0 0 0 setrgbcolor 0 0.33333 dtransform truncate idtransform setlinewidth pop
newpath 23.96 -65.12 moveto
23.19 -66.46 21.37 -69.05 20.21 -70.68 curveto
19.06 -72.31 16.76 -74.62 15.22 -76.06 curveto
13.69 -77.5 9.94 -80.18 9.18 -80.18 curveto stroke
 0 0 1 setrgbcolor 0 0.23332 dtransform truncate idtransform setlinewidth pop
newpath 23.96 -65.12 moveto
23.19 -66.46 21.37 -69.05 20.21 -70.68 curveto
19.06 -72.31 16.76 -74.62 15.22 -76.06 curveto
13.69 -77.5 9.94 -80.18 9.18 -80.18 curveto stroke
 1 0 0 setrgbcolor
newpath 23.95 -65.11 moveto
23.18 -66.46 21.36 -69.05 20.21 -70.68 curveto
19.06 -72.31 16.75 -74.62 15.22 -76.06 curveto
13.68 -77.5 9.94 -80.19 9.17 -80.19 curveto stroke
 0 0 0 setrgbcolor 0 0.33333 dtransform truncate idtransform setlinewidth pop
newpath 6.73 -80.18 moveto
6.73 -80.47 5.82 -80.61 5.05 -81.04 curveto
4.28 -81.48 3.7 -81.62 3.7 -81.62 curveto stroke
 0 0 1 setrgbcolor 0 0.23332 dtransform truncate idtransform setlinewidth pop
newpath 6.73 -80.18 moveto
6.73 -80.47 5.82 -80.61 5.05 -81.04 curveto
4.28 -81.48 3.7 -81.62 3.7 -81.62 curveto stroke
 1 0 0 setrgbcolor
newpath 6.72 -80.19 moveto
6.72 -80.47 5.81 -80.62 5.04 -81.05 curveto
4.27 -81.48 3.7 -81.63 3.7 -81.63 curveto stroke
 0 0 0 setrgbcolor 0 0.33333 dtransform truncate idtransform setlinewidth pop
newpath 4.95 -82.29 moveto
5.53 -82.15 6.54 -81.57 7.3 -81.57 curveto
8.07 -81.57 8.5 -80.95 8.94 -81.19 curveto
9.37 -81.43 9.37 -82.01 8.5 -82.82 curveto
7.64 -83.64 7.06 -83.49 7.06 -84.45 curveto
7.06 -85.41 7.49 -86.13 7.35 -87.33 curveto
7.2 -88.53 6.48 -89.78 5.91 -90.6 curveto
5.33 -91.42 4.28 -92.29 3.89 -92.43 curveto
3.51 -92.58 3.22 -91.96 2.93 -91.96 curveto stroke
 0 0 1 setrgbcolor 0 0.23332 dtransform truncate idtransform setlinewidth pop
newpath 4.95 -82.29 moveto
5.53 -82.15 6.54 -81.57 7.3 -81.57 curveto
8.07 -81.57 8.5 -80.95 8.94 -81.19 curveto
9.37 -81.43 9.37 -82.01 8.5 -82.82 curveto
7.64 -83.64 7.06 -83.49 7.06 -84.45 curveto
7.06 -85.41 7.49 -86.13 7.35 -87.33 curveto
7.2 -88.53 6.48 -89.78 5.91 -90.6 curveto
5.33 -91.42 4.28 -92.29 3.89 -92.43 curveto
3.51 -92.58 3.22 -91.96 2.93 -91.96 curveto stroke
 1 0 0 setrgbcolor
newpath 4.95 -82.3 moveto
5.52 -82.15 6.53 -81.58 7.3 -81.58 curveto
8.07 -81.58 8.5 -80.95 8.93 -81.19 curveto
9.36 -81.43 9.36 -82.01 8.5 -82.83 curveto
7.63 -83.64 7.06 -83.5 7.06 -84.46 curveto
7.06 -85.42 7.49 -86.14 7.35 -87.34 curveto
7.2 -88.54 6.48 -89.79 5.91 -90.6 curveto
5.33 -91.42 4.27 -92.28 3.89 -92.43 curveto
3.51 -92.57 3.22 -91.95 2.93 -91.95 curveto stroke
 0 0 0 setrgbcolor 0 0.33333 dtransform truncate idtransform setlinewidth pop
newpath 2.21 -94.4 moveto
2.36 -94.79 2.36 -94.79 1.93 -95.6 curveto
1.5 -96.41 -0.9 -98.67 -2.06 -99.29 curveto
-3.21 -99.91 -4.65 -101.44 -5.13 -102.02 curveto
-5.61 -102.59 -7.44 -104.17 -8.2 -104.65 curveto
-8.97 -105.13 -12.43 -105.71 -13.49 -105.18 curveto stroke
 0 0 1 setrgbcolor 0 0.23332 dtransform truncate idtransform setlinewidth pop
newpath 2.21 -94.4 moveto
2.36 -94.79 2.36 -94.79 1.93 -95.6 curveto
1.49 -96.41 -0.9 -98.67 -2.06 -99.29 curveto
-3.21 -99.91 -4.65 -101.44 -5.13 -102.02 curveto
-5.61 -102.59 -7.44 -104.17 -8.2 -104.65 curveto
-8.97 -105.13 -12.43 -105.71 -13.49 -105.18 curveto stroke
 1 0 0 setrgbcolor
newpath 2.21 -94.39 moveto
2.35 -94.78 2.35 -94.78 1.92 -95.59 curveto
1.49 -96.41 -0.91 -98.67 -2.06 -99.29 curveto
-3.21 -99.92 -4.65 -101.45 -5.13 -102.03 curveto
-5.61 -102.6 -7.44 -104.19 -8.21 -104.67 curveto
-8.97 -105.15 -12.43 -105.72 -13.49 -105.2 curveto stroke
 0 0 0 setrgbcolor 0 0.33333 dtransform truncate idtransform setlinewidth pop
newpath -16.27 -107 moveto
-16.37 -108.01 -16.51 -108.59 -16.7 -109.7 curveto
-16.89 -110.8 -16.56 -112.05 -15.84 -112.58 curveto
-15.12 -113.11 -13.58 -114.26 -13.34 -114.55 curveto
-13.1 -114.83 -12.14 -114.74 -13.24 -116.61 curveto
-14.35 -118.48 -15.74 -121.27 -16.12 -122.37 curveto
-16.51 -123.48 -17.95 -127.56 -18.24 -128.28 curveto
-18.52 -129 -21.45 -132.36 -22.99 -133.13 curveto
-24.52 -133.9 -29.66 -136.06 -30.62 -136.1 curveto
-31.58 -136.15 -33.02 -136.49 -33.6 -135.77 curveto stroke
 0 0 1 setrgbcolor 0 0.23332 dtransform truncate idtransform setlinewidth pop
newpath -16.27 -107 moveto
-16.37 -108.01 -16.51 -108.59 -16.7 -109.7 curveto
-16.89 -110.8 -16.56 -112.05 -15.84 -112.58 curveto
-15.12 -113.11 -13.58 -114.26 -13.34 -114.55 curveto
-13.1 -114.83 -12.14 -114.74 -13.24 -116.61 curveto
-14.35 -118.48 -15.74 -121.27 -16.12 -122.37 curveto
-16.51 -123.48 -17.95 -127.56 -18.24 -128.28 curveto
-18.52 -129 -21.45 -132.36 -22.99 -133.13 curveto
-24.52 -133.9 -29.66 -136.06 -30.62 -136.1 curveto
-31.58 -136.15 -33.02 -136.49 -33.6 -135.77 curveto stroke
 1 0 0 setrgbcolor
newpath -16.27 -107.02 moveto
-16.37 -108.03 -16.51 -108.6 -16.7 -109.71 curveto
-16.89 -110.81 -16.56 -112.06 -15.84 -112.59 curveto
-15.12 -113.12 -13.58 -114.27 -13.34 -114.56 curveto
-13.1 -114.84 -12.14 -114.75 -13.25 -116.62 curveto
-14.35 -118.49 -15.74 -121.28 -16.13 -122.38 curveto
-16.51 -123.48 -17.95 -127.56 -18.24 -128.28 curveto
-18.53 -129 -21.45 -132.36 -22.99 -133.13 curveto
-24.53 -133.9 -29.66 -136.06 -30.62 -136.11 curveto
-31.58 -136.16 -33.02 -136.49 -33.6 -135.77 curveto stroke
 0 0 0 setrgbcolor 0 0.33333 dtransform truncate idtransform setlinewidth pop
newpath -36.96 -137.35 moveto
-36.77 -137.97 -35.85 -137.93 -36.29 -140.23 curveto
-36.72 -142.53 -36.62 -144.21 -36.48 -145.41 curveto
-36.34 -146.61 -34.9 -150.5 -34.51 -151.08 curveto
-34.13 -151.66 -32.11 -153.43 -31.06 -154.15 curveto
-30 -154.88 -28.18 -155.88 -28.27 -157.66 curveto
-28.37 -159.44 -28.85 -162.08 -28.42 -163.85 curveto
-27.99 -165.63 -28.42 -167.07 -28.66 -168.66 curveto
-28.9 -170.24 -30.53 -174.03 -31.25 -174.85 curveto
-31.97 -175.67 -35.43 -179.22 -36.82 -180.85 curveto
-38.21 -182.48 -42.29 -184.79 -41.53 -188.2 curveto
-40.76 -191.6 -39.46 -196.07 -39.74 -197.65 curveto
-40.03 -199.23 -40.98 -204.37 -41.32 -205.85 curveto
-41.66 -207.34 -42.95 -211.99 -44.06 -213.67 curveto
-45.16 -215.35 -48 -222.21 -48.33 -223.84 curveto
-48.67 -225.47 -49.78 -233.35 -49.83 -233.92 curveto
-49.88 -234.5 -50.12 -236.95 -51.61 -238.39 curveto
-53.1 -239.83 -56.45 -242.57 -57.27 -243.24 curveto
-58.09 -243.91 -62.74 -247.13 -63.56 -247.09 curveto
-64.37 -247.04 -66.24 -246.7 -66.39 -245.98 curveto stroke
 0 0 1 setrgbcolor 0 0.23332 dtransform truncate idtransform setlinewidth pop
newpath -36.96 -137.35 moveto
-36.77 -137.97 -35.85 -137.93 -36.29 -140.23 curveto
-36.72 -142.53 -36.62 -144.21 -36.48 -145.41 curveto
-36.34 -146.61 -34.9 -150.5 -34.51 -151.08 curveto
-34.13 -151.66 -32.11 -153.43 -31.06 -154.15 curveto
-30 -154.88 -28.18 -155.88 -28.27 -157.66 curveto
-28.37 -159.44 -28.85 -162.08 -28.42 -163.85 curveto
-27.99 -165.63 -28.42 -167.07 -28.66 -168.66 curveto
-28.9 -170.24 -30.53 -174.03 -31.25 -174.85 curveto
-31.97 -175.67 -35.43 -179.22 -36.82 -180.85 curveto
-38.21 -182.48 -42.29 -184.79 -41.53 -188.2 curveto
-40.76 -191.6 -39.46 -196.07 -39.74 -197.65 curveto
-40.03 -199.23 -40.98 -204.37 -41.32 -205.85 curveto
-41.66 -207.34 -42.95 -211.99 -44.06 -213.67 curveto
-45.16 -215.35 -48 -222.21 -48.33 -223.84 curveto
-48.67 -225.47 -49.78 -233.35 -49.83 -233.92 curveto
-49.88 -234.5 -50.12 -236.95 -51.61 -238.39 curveto
-53.1 -239.83 -56.45 -242.57 -57.27 -243.24 curveto
-58.09 -243.91 -62.74 -247.13 -63.56 -247.09 curveto
-64.37 -247.04 -66.24 -246.7 -66.39 -245.98 curveto stroke
 1 0 0 setrgbcolor
newpath -36.96 -137.36 moveto
-36.77 -137.98 -35.85 -137.93 -36.29 -140.24 curveto
-36.72 -142.54 -36.62 -144.22 -36.48 -145.42 curveto
-36.33 -146.62 -34.89 -150.51 -34.51 -151.08 curveto
-34.13 -151.66 -32.11 -153.44 -31.05 -154.16 curveto
-30 -154.88 -28.17 -155.88 -28.27 -157.66 curveto
-28.37 -159.44 -28.85 -162.08 -28.41 -163.85 curveto
-27.98 -165.63 -28.41 -167.07 -28.65 -168.65 curveto
-28.89 -170.24 -30.53 -174.03 -31.25 -174.84 curveto
-31.97 -175.66 -35.42 -179.21 -36.81 -180.84 curveto
-38.21 -182.48 -42.29 -184.78 -41.52 -188.19 curveto
-40.75 -191.6 -39.45 -196.06 -39.74 -197.64 curveto
-40.03 -199.23 -40.99 -204.36 -41.33 -205.85 curveto
-41.66 -207.34 -42.96 -212 -44.06 -213.68 curveto
-45.17 -215.36 -48 -222.22 -48.33 -223.85 curveto
-48.67 -225.48 -49.77 -233.36 -49.82 -233.93 curveto
-49.87 -234.51 -50.11 -236.96 -51.6 -238.4 curveto
-53.09 -239.84 -56.45 -242.57 -57.26 -243.24 curveto
-58.08 -243.92 -62.73 -247.13 -63.55 -247.08 curveto
-64.37 -247.04 -66.24 -246.7 -66.38 -245.98 curveto stroke
 0 0 0 setrgbcolor 0 0.33333 dtransform truncate idtransform setlinewidth pop
newpath -70.03 -244.69 moveto
-71.14 -243.83 -75.16 -239.36 -75.98 -238.31 curveto
-76.8 -237.25 -80.73 -230.48 -81.31 -229.67 curveto
-81.88 -228.85 -83.57 -227.02 -84.09 -226.35 curveto
-84.62 -225.68 -85.25 -224.53 -85.49 -223.47 curveto
-85.73 -222.42 -86.59 -219.34 -87.89 -218.77 curveto
-89.18 -218.19 -90.81 -217.04 -92.69 -216.32 curveto
-94.56 -215.6 -97.1 -214.11 -97.63 -213.15 curveto
-98.16 -212.19 -99.26 -207.01 -99.65 -206 curveto
-100.03 -205 -101.61 -195.83 -101.47 -192.8 curveto
-101.32 -189.78 -101.61 -183.53 -101.33 -181.52 curveto
-101.04 -179.5 -98.84 -174.74 -98.6 -172.25 curveto
-98.36 -169.76 -98.94 -165.73 -99.27 -164.24 curveto
-99.61 -162.75 -101.62 -158.57 -102.19 -157.28 curveto
-102.77 -155.98 -104.68 -153.05 -105.59 -151.95 curveto
-106.5 -150.84 -108.95 -149.5 -109.24 -148.34 curveto
-109.53 -147.19 -108.86 -147 -108.28 -145.85 curveto
-107.7 -144.7 -105.93 -142.73 -106.46 -141.1 curveto
-106.99 -139.47 -107.56 -138.03 -107.66 -137.79 curveto stroke
 0 0 1 setrgbcolor 0 0.23332 dtransform truncate idtransform setlinewidth pop
newpath -70.03 -244.69 moveto
-71.14 -243.83 -75.16 -239.36 -75.98 -238.31 curveto
-76.8 -237.25 -80.73 -230.48 -81.31 -229.67 curveto
-81.88 -228.85 -83.57 -227.02 -84.09 -226.35 curveto
-84.62 -225.68 -85.25 -224.53 -85.49 -223.47 curveto
-85.73 -222.42 -86.59 -219.34 -87.89 -218.77 curveto
-89.18 -218.19 -90.81 -217.04 -92.69 -216.32 curveto
-94.56 -215.6 -97.1 -214.11 -97.63 -213.15 curveto
-98.16 -212.19 -99.26 -207.01 -99.65 -206 curveto
-100.03 -205 -101.61 -195.83 -101.47 -192.8 curveto
-101.32 -189.78 -101.61 -183.53 -101.33 -181.52 curveto
-101.04 -179.5 -98.84 -174.74 -98.6 -172.25 curveto
-98.36 -169.76 -98.94 -165.73 -99.27 -164.24 curveto
-99.61 -162.75 -101.62 -158.57 -102.19 -157.28 curveto
-102.77 -155.98 -104.68 -153.05 -105.59 -151.95 curveto
-106.5 -150.84 -108.95 -149.5 -109.24 -148.34 curveto
-109.53 -147.19 -108.86 -147 -108.28 -145.85 curveto
-107.7 -144.7 -105.93 -142.73 -106.46 -141.1 curveto
-106.99 -139.47 -107.56 -138.03 -107.66 -137.79 curveto stroke
 1 0 0 setrgbcolor
newpath -70.03 -244.68 moveto
-71.13 -243.82 -75.17 -239.36 -75.98 -238.3 curveto
-76.8 -237.24 -80.73 -230.48 -81.31 -229.66 curveto
-81.89 -228.84 -83.57 -227.02 -84.09 -226.35 curveto
-84.62 -225.68 -85.25 -224.52 -85.49 -223.47 curveto
-85.73 -222.41 -86.59 -219.34 -87.89 -218.76 curveto
-89.18 -218.19 -90.81 -217.04 -92.69 -216.32 curveto
-94.56 -215.6 -97.1 -214.11 -97.63 -213.15 curveto
-98.16 -212.19 -99.26 -207 -99.65 -206 curveto
-100.03 -204.99 -101.61 -195.82 -101.47 -192.8 curveto
-101.33 -189.77 -101.61 -183.53 -101.33 -181.52 curveto
-101.04 -179.5 -98.83 -174.75 -98.59 -172.25 curveto
-98.35 -169.76 -98.93 -165.72 -99.26 -164.24 curveto
-99.6 -162.75 -101.61 -158.57 -102.19 -157.28 curveto
-102.77 -155.98 -104.69 -153.05 -105.6 -151.95 curveto
-106.51 -150.84 -108.96 -149.5 -109.25 -148.35 curveto
-109.53 -147.2 -108.86 -147 -108.29 -145.85 curveto
-107.71 -144.7 -105.93 -142.73 -106.46 -141.1 curveto
-106.99 -139.47 -107.57 -138.03 -107.66 -137.79 curveto stroke
 0 0 0 setrgbcolor 0 0.33333 dtransform truncate idtransform setlinewidth pop
newpath -106.51 -133.37 moveto
-107.23 -132.99 -109.48 -132.27 -110.59 -131.55 curveto
-111.69 -130.83 -113.8 -128.53 -114.57 -127.57 curveto
-115.34 -126.61 -117.65 -123.24 -118.46 -121.9 curveto
-119.28 -120.56 -120.29 -119.21 -120.87 -118.49 curveto
-121.44 -117.77 -121.88 -115.61 -121.4 -115.22 curveto
-120.92 -114.84 -120.48 -114.84 -120.48 -114.84 curveto stroke
 0 0 1 setrgbcolor 0 0.23332 dtransform truncate idtransform setlinewidth pop
newpath -106.51 -133.37 moveto
-107.23 -132.99 -109.48 -132.27 -110.59 -131.55 curveto
-111.69 -130.83 -113.8 -128.53 -114.57 -127.57 curveto
-115.34 -126.61 -117.65 -123.24 -118.46 -121.9 curveto
-119.28 -120.56 -120.29 -119.21 -120.87 -118.49 curveto
-121.44 -117.77 -121.88 -115.61 -121.4 -115.22 curveto
-120.92 -114.84 -120.48 -114.84 -120.48 -114.84 curveto stroke
 1 0 0 setrgbcolor
newpath -106.51 -133.37 moveto
-107.23 -132.99 -109.49 -132.27 -110.59 -131.55 curveto
-111.69 -130.83 -113.81 -128.52 -114.57 -127.56 curveto
-115.34 -126.6 -117.65 -123.24 -118.46 -121.9 curveto
-119.28 -120.56 -120.29 -119.21 -120.86 -118.49 curveto
-121.44 -117.77 -121.87 -115.61 -121.39 -115.23 curveto
-120.91 -114.84 -120.48 -114.84 -120.48 -114.84 curveto stroke
 0 0 0 setrgbcolor 0 0.33333 dtransform truncate idtransform setlinewidth pop
newpath -120.58 -113.59 moveto
-121.16 -113.4 -121.97 -113.21 -122.4 -112.73 curveto
-122.84 -112.25 -123.36 -111.67 -123.32 -111.38 curveto stroke
 0 0 1 setrgbcolor 0 0.23332 dtransform truncate idtransform setlinewidth pop
newpath -120.58 -113.59 moveto
-121.16 -113.4 -121.97 -113.21 -122.4 -112.73 curveto
-122.84 -112.25 -123.36 -111.67 -123.32 -111.38 curveto stroke
 1 0 0 setrgbcolor
newpath -120.57 -113.6 moveto
-121.15 -113.4 -121.97 -113.21 -122.4 -112.73 curveto
-122.83 -112.25 -123.36 -111.68 -123.31 -111.39 curveto stroke
 0 0 0 setrgbcolor 0 0.33333 dtransform truncate idtransform setlinewidth pop
newpath -123.32 -111.38 moveto
-123.32 -111.38 -123.99 -110.95 -125.04 -110.57 curveto
-126.1 -110.19 -127.25 -109.66 -127.82 -109.37 curveto
-128.4 -109.08 -129.6 -109.08 -129.55 -108.55 curveto
-129.5 -108.02 -128.87 -106.87 -128.49 -106.15 curveto
-128.1 -105.43 -127.72 -105.09 -127.43 -104.52 curveto
-127.14 -103.94 -126.71 -102.79 -126.71 -102.79 curveto stroke
 0 0 1 setrgbcolor 0 0.23332 dtransform truncate idtransform setlinewidth pop
newpath -123.32 -111.38 moveto
-123.32 -111.38 -123.99 -110.95 -125.04 -110.57 curveto
-126.1 -110.18 -127.25 -109.66 -127.82 -109.37 curveto
-128.4 -109.08 -129.6 -109.08 -129.55 -108.55 curveto
-129.5 -108.02 -128.87 -106.87 -128.49 -106.15 curveto
-128.1 -105.43 -127.72 -105.09 -127.43 -104.52 curveto
-127.14 -103.94 -126.71 -102.79 -126.71 -102.79 curveto stroke
 1 0 0 setrgbcolor
newpath -123.31 -111.39 moveto
-123.31 -111.39 -123.98 -110.96 -125.04 -110.57 curveto
-126.09 -110.19 -127.25 -109.66 -127.82 -109.37 curveto
-128.4 -109.08 -129.6 -109.08 -129.55 -108.56 curveto
-129.5 -108.03 -128.88 -106.88 -128.49 -106.16 curveto
-128.11 -105.44 -127.73 -105.1 -127.44 -104.52 curveto
-127.15 -103.95 -126.72 -102.8 -126.72 -102.8 curveto stroke
 0 0 0 setrgbcolor 0 0.33333 dtransform truncate idtransform setlinewidth pop
newpath -128.82 -101.54 moveto
-129.11 -101.54 -129.59 -101.35 -130.21 -101.92 curveto
-130.84 -102.5 -131.94 -103.8 -132.95 -103.13 curveto
-133.96 -102.46 -134.2 -101.98 -134.01 -101.73 curveto
-133.82 -101.49 -133.34 -101.2 -134.25 -101.01 curveto
-135.17 -100.82 -135.55 -100.39 -136.13 -100.53 curveto
-136.71 -100.68 -137.76 -100.87 -137.57 -101.35 curveto
-137.38 -101.83 -137.18 -102.36 -137.23 -102.84 curveto
-137.28 -103.32 -137.08 -103.95 -137.9 -103.42 curveto
-138.72 -102.89 -139.2 -102.5 -139.2 -102.17 curveto stroke
 0 0 1 setrgbcolor 0 0.23332 dtransform truncate idtransform setlinewidth pop
newpath -128.82 -101.54 moveto
-129.11 -101.54 -129.59 -101.35 -130.21 -101.92 curveto
-130.84 -102.5 -131.94 -103.8 -132.95 -103.13 curveto
-133.96 -102.46 -134.2 -101.98 -134.01 -101.73 curveto
-133.82 -101.49 -133.34 -101.2 -134.25 -101.01 curveto
-135.17 -100.82 -135.55 -100.39 -136.13 -100.53 curveto
-136.71 -100.68 -137.76 -100.87 -137.57 -101.35 curveto
-137.38 -101.83 -137.18 -102.36 -137.23 -102.84 curveto
-137.28 -103.32 -137.08 -103.95 -137.9 -103.42 curveto
-138.72 -102.89 -139.2 -102.5 -139.2 -102.17 curveto stroke
 1 0 0 setrgbcolor
newpath -128.83 -101.55 moveto
-129.12 -101.55 -129.6 -101.36 -130.22 -101.93 curveto
-130.85 -102.51 -131.95 -103.8 -132.96 -103.13 curveto
-133.97 -102.46 -134.21 -101.98 -134.01 -101.74 curveto
-133.82 -101.5 -133.34 -101.21 -134.25 -101.02 curveto
-135.17 -100.83 -135.55 -100.4 -136.13 -100.54 curveto
-136.7 -100.68 -137.76 -100.88 -137.57 -101.36 curveto
-137.37 -101.84 -137.18 -102.36 -137.23 -102.84 curveto
-137.28 -103.32 -137.09 -103.95 -137.9 -103.42 curveto
-138.72 -102.89 -139.2 -102.51 -139.2 -102.17 curveto stroke
 0 0 0 setrgbcolor 0 0.33333 dtransform truncate idtransform setlinewidth pop
newpath -139.97 -102.02 moveto
-140.16 -102.12 -141.69 -102.94 -142.08 -103.04 curveto
-142.46 -103.13 -144.62 -104.1 -145.86 -103.9 curveto
-147.11 -103.71 -149.32 -102.7 -150.09 -102.46 curveto
-150.86 -102.22 -153.55 -101.4 -153.93 -101.4 curveto
-154.32 -101.4 -154.32 -101.16 -154.61 -100.73 curveto
-154.9 -100.3 -154.85 -99.82 -155.61 -100.01 curveto
-156.38 -100.21 -156.33 -100.3 -156.67 -100.69 curveto
-157 -101.07 -158.16 -100.25 -158.64 -99.72 curveto
-159.12 -99.2 -160.13 -98.38 -161.18 -97.86 curveto
-162.24 -97.33 -164.58 -97.23 -165.5 -96.75 curveto
-166.41 -96.27 -167.95 -95.5 -168.63 -95.02 curveto
-169.3 -94.54 -169.16 -94.15 -170.26 -94.39 curveto
-171.37 -94.64 -171.46 -95.31 -171.94 -95.12 curveto
-172.42 -94.93 -172.56 -94.69 -172.56 -94.69 curveto stroke
 0 0 1 setrgbcolor 0 0.23332 dtransform truncate idtransform setlinewidth pop
newpath -139.97 -102.02 moveto
-140.16 -102.12 -141.69 -102.94 -142.08 -103.04 curveto
-142.46 -103.13 -144.62 -104.1 -145.86 -103.9 curveto
-147.11 -103.71 -149.32 -102.7 -150.09 -102.46 curveto
-150.86 -102.22 -153.55 -101.4 -153.93 -101.4 curveto
-154.32 -101.4 -154.32 -101.16 -154.61 -100.73 curveto
-154.9 -100.3 -154.85 -99.82 -155.61 -100.01 curveto
-156.38 -100.21 -156.33 -100.3 -156.67 -100.69 curveto
-157 -101.07 -158.16 -100.25 -158.64 -99.72 curveto
-159.12 -99.2 -160.13 -98.38 -161.18 -97.86 curveto
-162.24 -97.33 -164.59 -97.23 -165.5 -96.75 curveto
-166.41 -96.27 -167.95 -95.5 -168.63 -95.02 curveto
-169.3 -94.54 -169.16 -94.15 -170.26 -94.39 curveto
-171.37 -94.64 -171.46 -95.31 -171.94 -95.12 curveto
-172.42 -94.93 -172.56 -94.69 -172.56 -94.69 curveto stroke
 1 0 0 setrgbcolor
newpath -139.97 -102.03 moveto
-140.16 -102.12 -141.69 -102.94 -142.08 -103.04 curveto
-142.46 -103.13 -144.62 -104.09 -145.87 -103.9 curveto
-147.12 -103.71 -149.33 -102.7 -150.09 -102.46 curveto
-150.86 -102.22 -153.55 -101.4 -153.93 -101.4 curveto
-154.32 -101.4 -154.32 -101.16 -154.61 -100.73 curveto
-154.89 -100.3 -154.85 -99.82 -155.61 -100.01 curveto
-156.38 -100.2 -156.33 -100.3 -156.67 -100.68 curveto
-157.01 -101.07 -158.16 -100.25 -158.64 -99.72 curveto
-159.12 -99.2 -160.13 -98.38 -161.18 -97.85 curveto
-162.24 -97.32 -164.59 -97.23 -165.5 -96.75 curveto
-166.41 -96.27 -167.95 -95.5 -168.62 -95.02 curveto
-169.29 -94.54 -169.15 -94.16 -170.25 -94.4 curveto
-171.36 -94.64 -171.45 -95.31 -171.93 -95.12 curveto
-172.41 -94.92 -172.56 -94.68 -172.56 -94.68 curveto stroke
 0 0 0 setrgbcolor 0 0.33333 dtransform truncate idtransform setlinewidth pop
newpath -172.02 -84.59 moveto
-172.45 -84.35 -175.96 -83.94 -176.77 -84.13 curveto
-177.59 -84.33 -178.88 -85.01 -179.69 -85.39 curveto
-180.5 -85.78 -181.08 -86.16 -181.41 -86.07 curveto stroke
 0 0 1 setrgbcolor 0 0.23332 dtransform truncate idtransform setlinewidth pop
newpath -172.02 -84.59 moveto
-172.45 -84.35 -175.96 -83.94 -176.77 -84.13 curveto
-177.59 -84.33 -178.88 -85 -179.69 -85.39 curveto
-180.5 -85.78 -181.08 -86.16 -181.41 -86.07 curveto stroke
 1 0 0 setrgbcolor
newpath -171.98 -84.6 moveto
-172.41 -84.36 -175.92 -83.93 -176.73 -84.12 curveto
-177.55 -84.32 -178.85 -84.99 -179.66 -85.37 curveto
-180.48 -85.76 -181.05 -86.14 -181.39 -86.04 curveto stroke
 0 0 0 setrgbcolor 0 0.33333 dtransform truncate idtransform setlinewidth pop
newpath -181.41 -86.07 moveto
-182.08 -86.07 -181.41 -86.45 -183.28 -86.79 curveto
-185.14 -87.12 -186.2 -87.5 -187.2 -87.5 curveto
-188.21 -87.5 -188.35 -87.35 -189.31 -87.16 curveto
-190.27 -86.97 -195.07 -85.44 -196.42 -85.15 curveto
-197.76 -84.86 -200.88 -84.14 -200.88 -84.14 curveto
-202.61 -84.09 lineto stroke
 0 0 1 setrgbcolor 0 0.23332 dtransform truncate idtransform setlinewidth pop
newpath -181.41 -86.07 moveto
-182.08 -86.07 -181.41 -86.45 -183.28 -86.79 curveto
-185.14 -87.12 -186.2 -87.5 -187.2 -87.5 curveto
-188.21 -87.5 -188.35 -87.35 -189.31 -87.16 curveto
-190.27 -86.97 -195.07 -85.44 -196.42 -85.15 curveto
-197.76 -84.86 -200.88 -84.14 -200.88 -84.14 curveto
-202.61 -84.09 lineto stroke
 1 0 0 setrgbcolor
newpath -181.39 -86.04 moveto
-182.06 -86.04 -181.39 -86.43 -183.26 -86.76 curveto
-185.13 -87.1 -186.19 -87.48 -187.2 -87.48 curveto
-188.21 -87.48 -188.35 -87.34 -189.31 -87.15 curveto
-190.27 -86.96 -195.07 -85.42 -196.41 -85.13 curveto
-197.76 -84.84 -200.88 -84.12 -200.88 -84.12 curveto
-202.61 -84.08 lineto stroke
 0 0 0 setrgbcolor 0 0.33333 dtransform truncate idtransform setlinewidth pop
newpath -202.36 -101.07 moveto
-201.78 -101.02 -199.48 -102.08 -197.17 -101.89 curveto
-194.87 -101.69 -189.69 -101.21 -188.73 -100.83 curveto
-187.77 -100.45 -183.25 -98.43 -182.49 -98.19 curveto
-181.72 -97.95 -178.74 -96.85 -177.83 -96.85 curveto
-176.92 -96.85 -174.39 -96.51 -174.15 -96.9 curveto stroke
 0 0 1 setrgbcolor 0 0.23332 dtransform truncate idtransform setlinewidth pop
newpath -202.36 -101.07 moveto
-201.78 -101.02 -199.48 -102.08 -197.17 -101.89 curveto
-194.87 -101.69 -189.69 -101.21 -188.73 -100.83 curveto
-187.77 -100.45 -183.25 -98.43 -182.49 -98.19 curveto
-181.72 -97.95 -178.74 -96.85 -177.83 -96.85 curveto
-176.92 -96.85 -174.39 -96.51 -174.15 -96.9 curveto stroke
 1 0 0 setrgbcolor
newpath -202.37 -101.07 moveto
-201.79 -101.02 -199.49 -102.08 -197.18 -101.88 curveto
-194.88 -101.69 -189.69 -101.21 -188.73 -100.83 curveto
-187.77 -100.44 -183.26 -98.43 -182.49 -98.19 curveto
-181.73 -97.95 -178.75 -96.84 -177.84 -96.84 curveto
-176.93 -96.84 -174.38 -96.51 -174.14 -96.89 curveto stroke
 0 0 0 setrgbcolor 0 0.33333 dtransform truncate idtransform setlinewidth pop
newpath -174.15 -96.9 moveto
-173.57 -97.09 -171.55 -97.76 -170.79 -97.57 curveto
-170.02 -97.37 -169.21 -96.46 -168.82 -96.85 curveto
-168.44 -97.23 -167.33 -98.15 -167 -98.34 curveto
-166.66 -98.53 -165.4 -99.26 -164.78 -99.4 curveto
-164.15 -99.54 -161.52 -100.11 -160.85 -100.64 curveto
-160.18 -101.17 -159.45 -102.62 -158.35 -102.95 curveto
-157.24 -103.29 -154.79 -104 -153.5 -103.51 curveto
-152.2 -103.03 -151.15 -104.57 -150.43 -104.77 curveto
-149.7 -104.96 -146.15 -106.26 -145.24 -105.87 curveto
-144.32 -105.49 -140.78 -104.76 -139.78 -104.81 curveto
-138.77 -104.86 -136.74 -106.02 -136.17 -106.49 curveto
-135.59 -106.97 -134.97 -107.79 -134.77 -108.31 curveto
-134.58 -108.84 -134.44 -109.46 -134.44 -109.46 curveto stroke
 0 0 1 setrgbcolor 0 0.23332 dtransform truncate idtransform setlinewidth pop
newpath -174.15 -96.9 moveto
-173.57 -97.09 -171.55 -97.76 -170.79 -97.57 curveto
-170.02 -97.37 -169.21 -96.46 -168.82 -96.85 curveto
-168.44 -97.23 -167.33 -98.15 -167 -98.34 curveto
-166.66 -98.53 -165.4 -99.26 -164.78 -99.4 curveto
-164.15 -99.54 -161.52 -100.11 -160.85 -100.64 curveto
-160.18 -101.17 -159.45 -102.62 -158.35 -102.95 curveto
-157.24 -103.29 -154.79 -104 -153.5 -103.51 curveto
-152.2 -103.04 -151.15 -104.57 -150.43 -104.77 curveto
-149.7 -104.96 -146.15 -106.26 -145.24 -105.87 curveto
-144.32 -105.49 -140.78 -104.76 -139.78 -104.81 curveto
-138.77 -104.86 -136.74 -106.01 -136.17 -106.49 curveto
-135.59 -106.97 -134.97 -107.79 -134.77 -108.31 curveto
-134.58 -108.84 -134.44 -109.46 -134.44 -109.46 curveto stroke
 1 0 0 setrgbcolor
newpath -174.14 -96.89 moveto
-173.57 -97.08 -171.55 -97.76 -170.78 -97.56 curveto
-170.01 -97.37 -169.2 -96.46 -168.81 -96.84 curveto
-168.43 -97.23 -167.33 -98.14 -166.99 -98.33 curveto
-166.65 -98.52 -165.41 -99.24 -164.78 -99.39 curveto
-164.16 -99.53 -161.52 -100.11 -160.85 -100.64 curveto
-160.17 -101.16 -159.45 -102.6 -158.35 -102.94 curveto
-157.25 -103.28 -154.8 -104 -153.5 -103.52 curveto
-152.21 -103.04 -151.15 -104.57 -150.43 -104.76 curveto
-149.71 -104.96 -146.16 -106.25 -145.25 -105.87 curveto
-144.33 -105.48 -140.78 -104.76 -139.77 -104.81 curveto
-138.77 -104.86 -136.75 -106.01 -136.17 -106.49 curveto
-135.6 -106.97 -134.97 -107.79 -134.78 -108.32 curveto
-134.59 -108.84 -134.45 -109.47 -134.45 -109.47 curveto stroke
 0 0 0 setrgbcolor 0 0.33333 dtransform truncate idtransform setlinewidth pop
newpath -132.01 -110.9 moveto
-131.72 -111.29 -131.62 -111.19 -131.33 -112.25 curveto
-131.05 -113.31 -130.76 -114.03 -130.66 -114.6 curveto
-130.57 -115.18 -130.28 -115.37 -130.37 -115.85 curveto stroke
 0 0 1 setrgbcolor 0 0.23332 dtransform truncate idtransform setlinewidth pop
newpath -132.01 -110.9 moveto
-131.72 -111.29 -131.62 -111.19 -131.33 -112.25 curveto
-131.05 -113.31 -130.76 -114.03 -130.66 -114.6 curveto
-130.57 -115.18 -130.28 -115.37 -130.37 -115.85 curveto stroke
 1 0 0 setrgbcolor
newpath -132 -110.91 moveto
-131.71 -111.29 -131.61 -111.2 -131.33 -112.25 curveto
-131.04 -113.31 -130.75 -114.03 -130.65 -114.6 curveto
-130.56 -115.18 -130.27 -115.37 -130.37 -115.85 curveto stroke
 0 0 0 setrgbcolor 0 0.33333 dtransform truncate idtransform setlinewidth pop
newpath -131.82 -119.36 moveto
-131.24 -119.84 -130.42 -120.7 -130.09 -121.57 curveto
-129.75 -122.43 -129.08 -124.02 -128.98 -124.59 curveto
-128.88 -125.17 -128.26 -126.71 -128.02 -127.09 curveto
-127.78 -127.47 -124.75 -133.05 -124.12 -133.57 curveto
-123.5 -134.1 -120.76 -137.41 -120.37 -138.61 curveto
-119.99 -139.81 -118.74 -144.79 -118.83 -145.99 curveto
-118.93 -147.19 -118.55 -152.9 -118.36 -153.57 curveto
-118.17 -154.24 -116.68 -156.93 -115.2 -158.13 curveto
-113.71 -159.33 -112.03 -161.73 -111.84 -162.12 curveto
-111.65 -162.5 -108.82 -164.86 -108.44 -165.63 curveto
-108.05 -166.4 -107.38 -167.6 -107.43 -168.8 curveto
-107.47 -170 -107.66 -171.34 -108.1 -171.77 curveto stroke
 0 0 1 setrgbcolor 0 0.23332 dtransform truncate idtransform setlinewidth pop
newpath -131.82 -119.36 moveto
-131.24 -119.84 -130.42 -120.7 -130.09 -121.57 curveto
-129.75 -122.43 -129.08 -124.02 -128.98 -124.59 curveto
-128.88 -125.17 -128.26 -126.71 -128.02 -127.09 curveto
-127.78 -127.47 -124.75 -133.05 -124.12 -133.57 curveto
-123.5 -134.1 -120.76 -137.41 -120.37 -138.61 curveto
-119.99 -139.81 -118.74 -144.79 -118.83 -145.99 curveto
-118.93 -147.19 -118.55 -152.9 -118.36 -153.57 curveto
-118.17 -154.24 -116.68 -156.93 -115.2 -158.13 curveto
-113.71 -159.33 -112.03 -161.73 -111.84 -162.12 curveto
-111.65 -162.5 -108.82 -164.86 -108.44 -165.63 curveto
-108.05 -166.4 -107.38 -167.6 -107.43 -168.8 curveto
-107.47 -170 -107.66 -171.34 -108.1 -171.77 curveto stroke
 1 0 0 setrgbcolor
newpath -131.81 -119.36 moveto
-131.23 -119.84 -130.41 -120.7 -130.08 -121.56 curveto
-129.74 -122.43 -129.07 -124.01 -128.97 -124.59 curveto
-128.88 -125.16 -128.25 -126.7 -128.01 -127.08 curveto
-127.77 -127.47 -124.75 -133.04 -124.13 -133.56 curveto
-123.5 -134.09 -120.77 -137.4 -120.38 -138.6 curveto
-120 -139.8 -118.75 -144.8 -118.85 -146 curveto
-118.94 -147.2 -118.56 -152.91 -118.37 -153.58 curveto
-118.17 -154.25 -116.69 -156.94 -115.2 -158.14 curveto
-113.71 -159.34 -112.03 -161.74 -111.84 -162.12 curveto
-111.65 -162.51 -108.81 -164.86 -108.43 -165.63 curveto
-108.05 -166.4 -107.37 -167.6 -107.42 -168.8 curveto
-107.47 -170 -107.66 -171.34 -108.09 -171.77 curveto stroke
 0 0 0 setrgbcolor 0 0.33333 dtransform truncate idtransform setlinewidth pop
newpath -108 -174.99 moveto
-107.95 -176.04 -108.72 -177.58 -109.01 -179.31 curveto
-109.3 -181.04 -111.22 -187.9 -111.17 -188.82 curveto
-111.12 -189.73 -111.41 -193.67 -111.5 -194.68 curveto
-111.6 -195.69 -111.98 -199.62 -111.79 -200.73 curveto
-111.59 -201.83 -111.88 -203.22 -111.88 -203.75 curveto stroke
 0 0 1 setrgbcolor 0 0.23332 dtransform truncate idtransform setlinewidth pop
newpath -108 -174.99 moveto
-107.95 -176.04 -108.72 -177.58 -109.01 -179.31 curveto
-109.3 -181.04 -111.22 -187.9 -111.17 -188.82 curveto
-111.12 -189.73 -111.41 -193.67 -111.5 -194.68 curveto
-111.6 -195.69 -111.98 -199.62 -111.79 -200.73 curveto
-111.59 -201.83 -111.88 -203.22 -111.88 -203.75 curveto stroke
 1 0 0 setrgbcolor
newpath -108 -174.99 moveto
-107.95 -176.04 -108.72 -177.58 -109.01 -179.31 curveto
-109.29 -181.04 -111.21 -187.9 -111.17 -188.81 curveto
-111.12 -189.72 -111.41 -193.66 -111.5 -194.67 curveto
-111.6 -195.68 -111.98 -199.61 -111.79 -200.72 curveto
-111.6 -201.82 -111.89 -203.21 -111.89 -203.74 curveto stroke
 0 0 0 setrgbcolor 0 0.33333 dtransform truncate idtransform setlinewidth pop
newpath -108.9 -209.65 moveto
-108.62 -210.51 -107.42 -212.86 -106.65 -213.91 curveto
-105.88 -214.97 -103.63 -218.28 -102.53 -218.86 curveto
-101.42 -219.43 -98.83 -221.21 -97.68 -221.98 curveto
-96.53 -222.75 -96.15 -224.05 -94.9 -223.81 curveto
-93.65 -223.57 -92.59 -222.61 -91.97 -223.85 curveto
-91.35 -225.1 -90.53 -227.07 -90.43 -227.46 curveto
-90.34 -227.84 -89.38 -230.34 -88.94 -231.68 curveto
-88.51 -233.03 -88.03 -235.38 -87.31 -236.34 curveto
-86.59 -237.3 -85.72 -239.03 -84.95 -239.89 curveto
-84.19 -240.76 -80.54 -244.02 -80.2 -244.79 curveto
-79.87 -245.55 -74.73 -249.29 -74.11 -249.73 curveto
-73.49 -250.16 -72.77 -250.54 -72.48 -250.88 curveto stroke
 0 0 1 setrgbcolor 0 0.23332 dtransform truncate idtransform setlinewidth pop
newpath -108.9 -209.65 moveto
-108.62 -210.51 -107.42 -212.86 -106.65 -213.91 curveto
-105.88 -214.97 -103.63 -218.28 -102.53 -218.86 curveto
-101.42 -219.43 -98.83 -221.21 -97.68 -221.98 curveto
-96.53 -222.75 -96.15 -224.05 -94.9 -223.81 curveto
-93.65 -223.57 -92.59 -222.61 -91.97 -223.85 curveto
-91.35 -225.1 -90.53 -227.07 -90.43 -227.46 curveto
-90.34 -227.84 -89.38 -230.34 -88.94 -231.68 curveto
-88.51 -233.03 -88.03 -235.38 -87.31 -236.34 curveto
-86.59 -237.3 -85.72 -239.03 -84.95 -239.89 curveto
-84.19 -240.76 -80.54 -244.02 -80.2 -244.79 curveto
-79.87 -245.55 -74.73 -249.29 -74.11 -249.73 curveto
-73.49 -250.16 -72.77 -250.54 -72.48 -250.88 curveto stroke
 1 0 0 setrgbcolor
newpath -108.91 -209.64 moveto
-108.62 -210.51 -107.42 -212.86 -106.65 -213.92 curveto
-105.89 -214.97 -103.63 -218.28 -102.53 -218.86 curveto
-101.42 -219.44 -98.83 -221.21 -97.68 -221.98 curveto
-96.53 -222.75 -96.14 -224.04 -94.89 -223.8 curveto
-93.65 -223.56 -92.59 -222.6 -91.97 -223.85 curveto
-91.34 -225.1 -90.53 -227.07 -90.43 -227.45 curveto
-90.33 -227.84 -89.37 -230.33 -88.94 -231.68 curveto
-88.51 -233.02 -88.03 -235.37 -87.31 -236.33 curveto
-86.59 -237.29 -85.73 -239.02 -84.96 -239.88 curveto
-84.19 -240.75 -80.54 -244.01 -80.21 -244.78 curveto
-79.87 -245.55 -74.73 -249.29 -74.11 -249.72 curveto
-73.49 -250.16 -72.77 -250.54 -72.48 -250.88 curveto stroke
 0 0 0 setrgbcolor 0 0.33333 dtransform truncate idtransform setlinewidth pop
newpath -70.32 -252.8 moveto
-69.36 -252.85 -63.89 -252.03 -63.03 -251.4 curveto
-62.16 -250.78 -56.36 -247.42 -55.4 -246.74 curveto
-54.44 -246.07 -48.01 -242.23 -47.24 -241.08 curveto
-46.47 -239.92 -44.65 -236.52 -44.84 -234.69 curveto
-45.03 -232.87 -44.83 -225.48 -43.97 -224.04 curveto
-43.1 -222.6 -41.37 -216.74 -40.75 -215.5 curveto
-40.12 -214.25 -37.77 -208.69 -37.34 -207.1 curveto
-36.91 -205.52 -37.15 -203.07 -37 -202.5 curveto
-36.86 -201.92 -35.62 -195.63 -34.85 -194.91 curveto
-34.08 -194.19 -30.68 -191.74 -29.72 -190.45 curveto
-28.76 -189.15 -23.43 -184.07 -22.71 -183.11 curveto
-21.99 -182.15 -18.73 -176.58 -18.44 -174.8 curveto
-18.15 -173.03 -18.63 -164.39 -18.96 -162.75 curveto
-19.3 -161.12 -20.01 -151.57 -19.97 -149.69 curveto
-19.92 -147.82 -20.49 -142.73 -18.53 -141.34 curveto
-16.56 -139.95 -13.87 -139.85 -12.38 -138.46 curveto
-10.89 -137.07 -8.01 -134.19 -7.53 -132.22 curveto
-7.05 -130.25 -7.14 -123.09 -6.76 -121.75 curveto
-6.38 -120.4 -4.75 -115.74 -4.42 -115.12 curveto
-4.08 -114.49 -3.27 -113.25 -2.74 -112.91 curveto
-2.21 -112.58 -0.29 -110.8 -0.1 -109.84 curveto
0.09 -108.88 0 -107.2 1.39 -107.11 curveto
2.78 -107.01 6.43 -107.06 7.82 -105.81 curveto
9.21 -104.56 12.62 -102.31 12.9 -100.06 curveto
13.19 -97.8 12.62 -92.71 12.91 -91.99 curveto
13.2 -91.27 13.97 -90.65 14.31 -89.93 curveto
14.64 -89.21 14.98 -87.67 15.84 -87.15 curveto
16.71 -86.62 17.24 -85.56 17.72 -84.41 curveto
18.2 -83.26 20.45 -79.51 20.98 -79.23 curveto
21.51 -78.94 23.43 -76.92 24.39 -75.43 curveto
25.35 -73.95 27.27 -71.45 27.94 -71.02 curveto
28.61 -70.59 32.79 -69.49 33.7 -68.29 curveto
34.61 -67.09 36.25 -65.74 37.26 -64.64 curveto
38.26 -63.53 40.66 -62.14 42.1 -61.37 curveto
43.54 -60.6 46.52 -58.01 46.95 -56.81 curveto
47.38 -55.61 49.87 -51.87 50.16 -51.1 curveto
50.45 -50.33 52.85 -46.73 54.43 -45.49 curveto
56.01 -44.24 58.89 -41.84 60.19 -42.08 curveto
61.48 -42.32 66.04 -43.71 66.95 -43.47 curveto
67.86 -43.23 71.03 -42.94 72.18 -42.46 curveto
73.33 -41.98 79 -41.26 79.91 -41.12 curveto
80.82 -40.97 84.86 -42.03 85.34 -42.51 curveto
85.82 -42.99 88.89 -44.62 91.24 -43.32 curveto
93.59 -42.02 94.5 -42.69 95.75 -41.54 curveto
97 -40.39 99.06 -38.04 100.07 -36.84 curveto
101.08 -35.64 104.34 -34.2 105.54 -32.71 curveto
106.74 -31.22 107.27 -30.07 107.42 -28.92 curveto
107.56 -27.77 108.14 -22.87 109.58 -20.81 curveto
111.02 -18.75 114.63 -13.61 115.97 -11.88 curveto
117.32 -10.15 120.92 -7.32 122.79 -6.55 curveto
124.66 -5.78 128.79 -3.96 133.2 -4.39 curveto
137.62 -4.82 143.57 -3.04 146.26 -2.18 curveto
148.94 -1.31 156.67 2.43 157.77 3.01 curveto
158.88 3.58 162.09 5.64 162.19 6.51 curveto stroke
 0 0 1 setrgbcolor 0 0.23332 dtransform truncate idtransform setlinewidth pop
newpath -70.32 -252.8 moveto
-69.36 -252.85 -63.89 -252.03 -63.03 -251.4 curveto
-62.16 -250.78 -56.36 -247.42 -55.4 -246.74 curveto
-54.44 -246.07 -48.01 -242.23 -47.24 -241.08 curveto
-46.47 -239.92 -44.65 -236.52 -44.84 -234.69 curveto
-45.03 -232.87 -44.83 -225.48 -43.97 -224.04 curveto
-43.1 -222.6 -41.37 -216.74 -40.75 -215.5 curveto
-40.12 -214.25 -37.77 -208.69 -37.34 -207.1 curveto
-36.91 -205.52 -37.15 -203.07 -37 -202.5 curveto
-36.86 -201.92 -35.62 -195.63 -34.85 -194.91 curveto
-34.08 -194.19 -30.68 -191.74 -29.72 -190.45 curveto
-28.76 -189.15 -23.43 -184.07 -22.71 -183.11 curveto
-21.99 -182.15 -18.73 -176.58 -18.44 -174.8 curveto
-18.15 -173.03 -18.63 -164.39 -18.96 -162.75 curveto
-19.3 -161.12 -20.01 -151.57 -19.97 -149.69 curveto
-19.92 -147.82 -20.49 -142.73 -18.53 -141.34 curveto
-16.56 -139.95 -13.87 -139.85 -12.38 -138.46 curveto
-10.89 -137.07 -8.01 -134.19 -7.53 -132.22 curveto
-7.05 -130.25 -7.14 -123.09 -6.76 -121.75 curveto
-6.38 -120.4 -4.75 -115.74 -4.42 -115.12 curveto
-4.08 -114.49 -3.27 -113.25 -2.74 -112.91 curveto
-2.21 -112.58 -0.29 -110.8 -0.1 -109.84 curveto
0.09 -108.88 0 -107.2 1.39 -107.11 curveto
2.78 -107.01 6.43 -107.06 7.82 -105.81 curveto
9.21 -104.56 12.62 -102.31 12.9 -100.06 curveto
13.19 -97.8 12.62 -92.71 12.91 -91.99 curveto
13.2 -91.27 13.97 -90.65 14.31 -89.93 curveto
14.64 -89.21 14.98 -87.67 15.84 -87.15 curveto
16.71 -86.62 17.24 -85.56 17.72 -84.41 curveto
18.2 -83.26 20.45 -79.51 20.98 -79.23 curveto
21.51 -78.94 23.43 -76.92 24.39 -75.43 curveto
25.35 -73.95 27.27 -71.45 27.94 -71.02 curveto
28.61 -70.59 32.79 -69.49 33.7 -68.29 curveto
34.61 -67.09 36.25 -65.74 37.26 -64.64 curveto
38.26 -63.53 40.66 -62.14 42.1 -61.37 curveto
43.54 -60.6 46.52 -58.01 46.95 -56.81 curveto
47.38 -55.61 49.87 -51.87 50.16 -51.1 curveto
50.45 -50.33 52.85 -46.73 54.43 -45.49 curveto
56.01 -44.24 58.89 -41.84 60.19 -42.08 curveto
61.48 -42.32 66.04 -43.71 66.95 -43.47 curveto
67.86 -43.23 71.03 -42.94 72.18 -42.46 curveto
73.33 -41.98 79 -41.26 79.91 -41.12 curveto
80.82 -40.97 84.86 -42.03 85.34 -42.51 curveto
85.82 -42.99 88.89 -44.62 91.24 -43.32 curveto
93.59 -42.02 94.5 -42.69 95.75 -41.54 curveto
97 -40.39 99.06 -38.04 100.07 -36.84 curveto
101.08 -35.64 104.34 -34.2 105.54 -32.71 curveto
106.74 -31.22 107.27 -30.07 107.42 -28.92 curveto
107.56 -27.77 108.14 -22.87 109.58 -20.81 curveto
111.02 -18.75 114.63 -13.61 115.97 -11.88 curveto
117.32 -10.15 120.92 -7.32 122.79 -6.55 curveto
124.66 -5.78 128.79 -3.96 133.2 -4.39 curveto
137.62 -4.82 143.57 -3.04 146.26 -2.18 curveto
148.94 -1.31 156.67 2.43 157.77 3.01 curveto
158.88 3.58 162.09 5.64 162.19 6.51 curveto stroke
 1 0 0 setrgbcolor
newpath -70.32 -252.8 moveto
-69.36 -252.84 -63.89 -252.03 -63.02 -251.4 curveto
-62.16 -250.78 -56.35 -247.42 -55.39 -246.75 curveto
-54.43 -246.08 -48 -242.24 -47.23 -241.08 curveto
-46.46 -239.93 -44.64 -236.52 -44.83 -234.7 curveto
-45.02 -232.88 -44.83 -225.48 -43.97 -224.04 curveto
-43.1 -222.6 -41.37 -216.75 -40.75 -215.5 curveto
-40.13 -214.25 -37.77 -208.68 -37.34 -207.1 curveto
-36.91 -205.52 -37.15 -203.07 -37.01 -202.49 curveto
-36.86 -201.92 -35.61 -195.63 -34.85 -194.91 curveto
-34.08 -194.19 -30.67 -191.74 -29.71 -190.44 curveto
-28.75 -189.15 -23.42 -184.06 -22.7 -183.1 curveto
-21.98 -182.14 -18.72 -176.57 -18.43 -174.8 curveto
-18.14 -173.02 -18.62 -164.38 -18.96 -162.75 curveto
-19.29 -161.12 -20.01 -151.56 -19.97 -149.69 curveto
-19.92 -147.82 -20.49 -142.73 -18.53 -141.34 curveto
-16.56 -139.95 -13.87 -139.85 -12.38 -138.46 curveto
-10.89 -137.07 -8.01 -134.19 -7.53 -132.22 curveto
-7.05 -130.25 -7.15 -123.1 -6.77 -121.76 curveto
-6.38 -120.41 -4.75 -115.76 -4.41 -115.13 curveto
-4.08 -114.51 -3.26 -113.26 -2.73 -112.92 curveto
-2.21 -112.59 -0.29 -110.81 -0.09 -109.85 curveto
0.1 -108.89 0 -107.21 1.39 -107.11 curveto
2.79 -107.02 6.43 -107.07 7.83 -105.82 curveto
9.22 -104.57 12.63 -102.31 12.91 -100.06 curveto
13.2 -97.8 12.63 -92.71 12.91 -91.99 curveto
13.2 -91.27 13.97 -90.65 14.31 -89.93 curveto
14.64 -89.21 14.98 -87.67 15.84 -87.15 curveto
16.71 -86.62 17.23 -85.56 17.71 -84.41 curveto
18.19 -83.26 20.45 -79.51 20.98 -79.23 curveto
21.51 -78.94 23.43 -76.92 24.39 -75.43 curveto
25.34 -73.95 27.26 -71.45 27.94 -71.02 curveto
28.61 -70.59 32.78 -69.48 33.7 -68.28 curveto
34.61 -67.08 36.24 -65.74 37.25 -64.63 curveto
38.26 -63.53 40.66 -62.14 42.1 -61.37 curveto
43.54 -60.6 46.51 -58.01 46.94 -56.81 curveto
47.38 -55.61 49.87 -51.87 50.16 -51.1 curveto
50.45 -50.33 52.85 -46.73 54.43 -45.48 curveto
56.02 -44.23 58.9 -41.83 60.19 -42.07 curveto
61.49 -42.31 66.05 -43.71 66.96 -43.47 curveto
67.87 -43.23 71.04 -42.94 72.19 -42.46 curveto
73.34 -41.98 79.01 -41.26 79.92 -41.11 curveto
80.83 -40.97 84.86 -42.03 85.34 -42.51 curveto
85.82 -42.99 88.9 -44.62 91.25 -43.32 curveto
93.6 -42.03 94.51 -42.7 95.76 -41.55 curveto
97.01 -40.39 99.07 -38.04 100.08 -36.84 curveto
101.09 -35.64 104.35 -34.2 105.55 -32.71 curveto
106.75 -31.23 107.28 -30.07 107.42 -28.92 curveto
107.57 -27.77 108.14 -22.87 109.58 -20.81 curveto
111.02 -18.75 114.62 -13.61 115.97 -11.88 curveto
117.31 -10.15 120.91 -7.32 122.78 -6.55 curveto
124.66 -5.79 128.78 -3.96 133.2 -4.39 curveto
137.62 -4.83 143.57 -3.05 146.26 -2.19 curveto
148.94 -1.32 156.67 2.42 157.78 3 curveto
158.88 3.57 162.1 5.64 162.19 6.5 curveto stroke
 0 0 0 setrgbcolor 0 0.33333 dtransform truncate idtransform setlinewidth pop
newpath 174.3 252.85 moveto
173.72 250.64 171.12 240.27 172.66 238.06 curveto
174.19 235.85 175.25 229.71 178.9 227.69 curveto
182.54 225.67 184.08 224.13 185.42 222.88 curveto
186.77 221.63 188.98 220.48 189.55 218.56 curveto
190.13 216.64 189.26 209.25 187.82 205.79 curveto
186.38 202.33 184.17 196.09 183.21 194.56 curveto
182.25 193.02 176.02 190.82 174.19 189.28 curveto
172.37 187.74 159.8 179.3 158.84 177.86 curveto
157.88 176.42 155.48 173.83 154.8 170.95 curveto
154.13 168.07 154.71 164.81 154.71 163.56 curveto
154.71 162.31 153.84 155.78 153.94 153.09 curveto
154.03 150.41 153.07 142.05 152.5 139.75 curveto
151.92 137.45 150.19 133.13 149.52 130.34 curveto
148.84 127.56 146.06 120.74 145.77 119.59 curveto
145.48 118.44 144.04 111.81 144.91 109.61 curveto
145.77 107.4 148.37 104.33 148.27 102.31 curveto
148.18 100.3 148.27 94.64 147.41 92.43 curveto
146.55 90.22 144.34 85.81 142.32 83.79 curveto
140.31 81.77 136.85 78.99 137.23 75.05 curveto
137.61 71.12 139.53 69.29 141.26 68.24 curveto
142.98 67.18 147.21 65.74 147.21 63.62 curveto
147.21 61.51 146.92 58.05 146.44 56.71 curveto
145.96 55.36 146.45 49.89 147.22 47.2 curveto
147.99 44.51 148.18 40.48 148.76 37.89 curveto
149.33 35.3 149.81 28.96 149.72 27.52 curveto
149.62 26.08 149.33 20.71 150.29 18.31 curveto
151.25 15.91 151.92 13.51 150.77 11.98 curveto
149.62 10.44 148.18 10.35 145.2 8.52 curveto
142.22 6.7 138.67 4.3 136.75 3.91 curveto
134.83 3.53 130.7 2.38 127.92 2.19 curveto
125.14 1.99 115.35 0.55 112.85 -2.52 curveto
110.36 -5.59 103.83 -10.78 102.87 -13.46 curveto
101.9 -16.15 98.64 -21.14 97 -23.16 curveto
95.37 -25.17 91.14 -29.59 87.97 -30.07 curveto
84.8 -30.55 75.59 -31.04 74.05 -30.85 curveto
72.52 -30.66 69.73 -29.99 68.39 -29.7 curveto
67.05 -29.41 62.35 -28.07 62.35 -28.07 curveto stroke
 0 0 1 setrgbcolor 0 0.23332 dtransform truncate idtransform setlinewidth pop
newpath 174.3 252.85 moveto
173.72 250.64 171.12 240.27 172.66 238.06 curveto
174.19 235.85 175.25 229.71 178.89 227.69 curveto
182.54 225.67 184.08 224.13 185.42 222.88 curveto
186.77 221.63 188.98 220.48 189.55 218.56 curveto
190.13 216.64 189.26 209.25 187.82 205.79 curveto
186.38 202.33 184.17 196.09 183.21 194.56 curveto
182.25 193.02 176.02 190.82 174.19 189.28 curveto
172.37 187.74 159.8 179.3 158.84 177.86 curveto
157.88 176.42 155.48 173.83 154.8 170.95 curveto
154.13 168.07 154.71 164.81 154.71 163.56 curveto
154.71 162.31 153.84 155.78 153.94 153.09 curveto
154.03 150.41 153.07 142.05 152.5 139.75 curveto
151.92 137.45 150.19 133.13 149.52 130.34 curveto
148.84 127.56 146.06 120.74 145.77 119.59 curveto
145.48 118.44 144.04 111.81 144.91 109.61 curveto
145.77 107.4 148.37 104.33 148.27 102.31 curveto
148.18 100.3 148.27 94.64 147.41 92.43 curveto
146.55 90.22 144.34 85.81 142.32 83.79 curveto
140.31 81.77 136.85 78.99 137.23 75.05 curveto
137.61 71.12 139.53 69.29 141.26 68.24 curveto
142.98 67.18 147.21 65.74 147.21 63.62 curveto
147.21 61.51 146.92 58.05 146.44 56.71 curveto
145.96 55.36 146.45 49.89 147.22 47.2 curveto
147.99 44.51 148.18 40.48 148.76 37.89 curveto
149.33 35.3 149.81 28.96 149.72 27.52 curveto
149.62 26.08 149.33 20.71 150.29 18.31 curveto
151.25 15.91 151.92 13.51 150.77 11.98 curveto
149.62 10.44 148.18 10.35 145.2 8.52 curveto
142.22 6.7 138.67 4.3 136.75 3.91 curveto
134.83 3.53 130.7 2.38 127.92 2.19 curveto
125.14 1.99 115.35 0.55 112.85 -2.52 curveto
110.36 -5.59 103.83 -10.78 102.87 -13.46 curveto
101.9 -16.15 98.64 -21.14 97 -23.16 curveto
95.37 -25.17 91.14 -29.59 87.97 -30.07 curveto
84.8 -30.55 75.59 -31.04 74.05 -30.85 curveto
72.52 -30.66 69.73 -29.99 68.39 -29.7 curveto
67.05 -29.41 62.35 -28.07 62.35 -28.07 curveto stroke
 1 0 0 setrgbcolor
newpath 174.29 252.84 moveto
173.71 250.63 171.12 240.26 172.65 238.05 curveto
174.19 235.85 175.25 229.7 178.89 227.69 curveto
182.54 225.67 184.08 224.13 185.42 222.89 curveto
186.77 221.64 188.97 220.49 189.55 218.57 curveto
190.13 216.65 189.26 209.25 187.82 205.8 curveto
186.38 202.34 184.17 196.1 183.21 194.57 curveto
182.25 193.03 176.01 190.82 174.19 189.29 curveto
172.37 187.75 159.79 179.3 158.83 177.86 curveto
157.87 176.42 155.47 173.83 154.8 170.95 curveto
154.13 168.07 154.7 164.81 154.7 163.56 curveto
154.7 162.31 153.84 155.78 153.93 153.09 curveto
154.03 150.41 153.07 142.05 152.5 139.75 curveto
151.92 137.45 150.19 133.13 149.52 130.34 curveto
148.85 127.56 146.06 120.74 145.78 119.59 curveto
145.49 118.44 144.05 111.81 144.91 109.61 curveto
145.78 107.4 148.37 104.33 148.27 102.31 curveto
148.18 100.29 148.27 94.63 147.41 92.42 curveto
146.54 90.21 144.34 85.8 142.32 83.78 curveto
140.3 81.77 136.85 78.98 137.23 75.05 curveto
137.62 71.11 139.54 69.29 141.26 68.23 curveto
142.99 67.17 147.22 65.73 147.22 63.62 curveto
147.22 61.51 146.93 58.05 146.45 56.71 curveto
145.97 55.37 146.45 49.89 147.22 47.21 curveto
147.98 44.52 148.18 40.49 148.75 37.89 curveto
149.33 35.3 149.81 28.97 149.71 27.53 curveto
149.62 26.09 149.33 20.71 150.29 18.31 curveto
151.25 15.91 151.92 13.51 150.77 11.97 curveto
149.62 10.44 148.18 10.34 145.2 8.52 curveto
142.22 6.69 138.67 4.29 136.75 3.91 curveto
134.83 3.53 130.7 2.37 127.92 2.18 curveto
125.14 1.99 115.34 0.55 112.85 -2.52 curveto
110.35 -5.59 103.82 -10.78 102.86 -13.47 curveto
101.9 -16.15 98.64 -21.15 97.01 -23.16 curveto
95.38 -25.18 91.15 -29.59 87.98 -30.07 curveto
84.82 -30.55 75.6 -31.03 74.06 -30.84 curveto
72.53 -30.65 69.74 -29.98 68.4 -29.69 curveto
67.06 -29.4 62.35 -28.06 62.35 -28.06 curveto stroke
 0 0 0 setrgbcolor 0 0.33333 dtransform truncate idtransform setlinewidth pop
newpath 162.28 10.77 moveto
161.9 11.4 160.46 14.32 160.03 15.43 curveto
159.6 16.53 158.35 19.46 158.59 20.7 curveto
158.83 21.95 159.17 26.22 158.93 28 curveto
158.69 29.78 157.11 33.76 156.96 35.1 curveto
156.82 36.45 156.68 42.98 156.77 43.79 curveto
156.87 44.61 156.82 49.36 156.1 51.76 curveto
155.38 54.16 154.37 56.95 154.51 59.11 curveto
154.65 61.27 154.89 67.85 154.6 69.68 curveto
154.31 71.5 153.35 74 153.11 74.86 curveto
152.87 75.72 152.01 78.46 152.73 79.56 curveto
153.45 80.67 154.95 82.88 155.28 85.66 curveto
155.62 88.45 155.72 94.64 155.86 95.84 curveto
156 97.04 156.1 98.77 157.06 99.68 curveto
158.02 100.59 159.22 102.66 157.78 104.15 curveto
156.33 105.63 155.52 106.5 153.79 108.08 curveto
152.06 109.66 151.05 111.29 152.25 112.54 curveto
153.45 113.79 154.41 115.04 154.65 116.23 curveto
154.89 117.43 156.86 123.43 157.58 124.73 curveto
158.3 126.02 159.16 127.41 159.16 127.41 curveto
159.16 127.41 157.58 127.56 157.24 128.23 curveto
156.91 128.9 157.34 132.5 158.21 134.08 curveto
159.07 135.67 159.7 140.42 159.94 143.3 curveto
160.18 146.18 161.38 154.34 161.52 156.84 curveto
161.67 159.33 163.06 165.62 163.73 166.82 curveto
164.4 168.02 166.32 171.86 167.33 172.49 curveto
168.34 173.11 173.47 178 174.86 179.54 curveto
176.26 181.07 182.06 185.78 183.17 186.69 curveto
184.27 187.6 191.08 190.96 193.1 191.39 curveto
195.11 191.82 198.71 191.91 199.34 194.94 curveto
199.96 197.96 199.34 200.31 199.58 201.8 curveto
199.82 203.29 200.35 208.52 200.88 209.91 curveto
201.41 211.31 202.61 217.31 200.31 219.42 curveto
198 221.53 194.36 224.17 192.92 225.18 curveto
191.48 226.19 187.68 228.98 186.87 229.75 curveto
186.05 230.52 183.22 232.77 183.03 237 curveto
182.84 241.23 184.52 248.38 184.76 249.72 curveto stroke
 0 0 1 setrgbcolor 0 0.23332 dtransform truncate idtransform setlinewidth pop
newpath 162.28 10.77 moveto
161.9 11.4 160.46 14.32 160.03 15.43 curveto
159.6 16.53 158.35 19.46 158.59 20.7 curveto
158.83 21.95 159.17 26.22 158.93 28 curveto
158.69 29.78 157.11 33.76 156.96 35.1 curveto
156.82 36.45 156.68 42.98 156.77 43.79 curveto
156.87 44.61 156.82 49.36 156.1 51.76 curveto
155.38 54.16 154.37 56.95 154.51 59.11 curveto
154.65 61.27 154.89 67.85 154.6 69.68 curveto
154.31 71.5 153.35 74 153.11 74.86 curveto
152.87 75.72 152.01 78.46 152.73 79.56 curveto
153.45 80.67 154.94 82.88 155.28 85.66 curveto
155.62 88.45 155.72 94.64 155.86 95.84 curveto
156 97.04 156.1 98.77 157.06 99.68 curveto
158.02 100.59 159.22 102.66 157.78 104.15 curveto
156.33 105.63 155.52 106.5 153.79 108.08 curveto
152.06 109.66 151.05 111.29 152.25 112.54 curveto
153.45 113.79 154.41 115.04 154.65 116.23 curveto
154.89 117.43 156.86 123.43 157.58 124.73 curveto
158.3 126.02 159.16 127.41 159.16 127.41 curveto
159.16 127.41 157.58 127.56 157.24 128.23 curveto
156.91 128.9 157.34 132.5 158.21 134.08 curveto
159.07 135.67 159.7 140.42 159.94 143.3 curveto
160.18 146.18 161.38 154.34 161.52 156.84 curveto
161.67 159.33 163.06 165.62 163.73 166.82 curveto
164.4 168.02 166.32 171.86 167.33 172.49 curveto
168.34 173.11 173.47 178 174.86 179.54 curveto
176.26 181.08 182.06 185.78 183.17 186.69 curveto
184.27 187.6 191.08 190.96 193.1 191.39 curveto
195.11 191.82 198.71 191.91 199.34 194.94 curveto
199.96 197.96 199.34 200.31 199.58 201.8 curveto
199.82 203.29 200.35 208.52 200.88 209.91 curveto
201.41 211.31 202.61 217.31 200.31 219.42 curveto
198 221.53 194.36 224.17 192.92 225.18 curveto
191.48 226.19 187.68 228.98 186.87 229.75 curveto
186.05 230.52 183.22 232.78 183.03 237 curveto
182.84 241.23 184.52 248.38 184.76 249.72 curveto stroke
 1 0 0 setrgbcolor
newpath 162.29 10.77 moveto
161.9 11.4 160.46 14.33 160.03 15.43 curveto
159.6 16.53 158.35 19.46 158.59 20.71 curveto
158.83 21.96 159.17 26.23 158.93 28.01 curveto
158.69 29.78 157.1 33.77 156.96 35.11 curveto
156.82 36.45 156.67 42.98 156.77 43.8 curveto
156.86 44.61 156.82 49.37 156.1 51.77 curveto
155.38 54.17 154.37 56.95 154.51 59.11 curveto
154.66 61.27 154.9 67.85 154.61 69.67 curveto
154.32 71.49 153.36 73.99 153.12 74.85 curveto
152.88 75.72 152.02 78.45 152.74 79.56 curveto
153.46 80.66 154.94 82.87 155.28 85.65 curveto
155.62 88.44 155.71 94.63 155.86 95.83 curveto
156 97.03 156.1 98.76 157.06 99.67 curveto
158.02 100.58 159.22 102.65 157.78 104.13 curveto
156.34 105.62 155.52 106.49 153.79 108.07 curveto
152.06 109.65 151.06 111.29 152.26 112.53 curveto
153.46 113.78 154.42 115.03 154.66 116.23 curveto
154.9 117.43 156.86 123.43 157.58 124.73 curveto
158.3 126.02 159.17 127.41 159.17 127.41 curveto
159.17 127.41 157.58 127.56 157.25 128.23 curveto
156.91 128.9 157.34 132.5 158.21 134.09 curveto
159.07 135.67 159.69 140.42 159.93 143.3 curveto
160.17 146.18 161.37 154.34 161.52 156.84 curveto
161.66 159.33 163.05 165.62 163.73 166.82 curveto
164.4 168.02 166.32 171.86 167.33 172.49 curveto
168.33 173.11 173.47 178.01 174.86 179.54 curveto
176.25 181.08 182.06 185.78 183.17 186.69 curveto
184.27 187.61 191.09 190.97 193.1 191.4 curveto
195.12 191.83 198.72 191.93 199.34 194.95 curveto
199.97 197.97 199.34 200.33 199.58 201.81 curveto
199.82 203.3 200.35 208.53 200.88 209.93 curveto
201.41 211.32 202.61 217.32 200.3 219.43 curveto
198 221.54 194.35 224.18 192.91 225.19 curveto
191.47 226.2 187.68 228.98 186.86 229.75 curveto
186.05 230.52 183.21 232.77 183.02 237 curveto
182.83 241.22 184.51 248.37 184.75 249.72 curveto stroke
 0 0 0 setrgbcolor 0 3.98505 dtransform truncate idtransform setlinewidth pop
newpath -166.1 -97.85 moveto 0 0 rlineto stroke
newpath -165.76 -97.87 moveto 0 0 rlineto stroke
 0 0.23332 dtransform truncate idtransform setlinewidth pop
newpath -166.1 -97.85 moveto
-165.76 -97.87 lineto stroke
 1 0.85 0 setrgbcolor 0 3.98505
 dtransform truncate idtransform setlinewidth pop
newpath -166.1 -97.85 moveto 0 0 rlineto stroke
newpath -165.76 -97.87 moveto 0 0 rlineto stroke
 0 0.23332 dtransform truncate idtransform setlinewidth pop
newpath -166.1 -97.85 moveto
-166.1 -97.85 lineto
-165.76 -97.87 lineto
-165.76 -97.87 lineto stroke
showpage
%%EOF
