%!PS
%%BoundingBox: -452 -1243 450 1243 
%%HiResBoundingBox: -451.85251 -1242.59251 449.52014 1242.2725 
%%Creator: MetaPost 1.209
%%CreationDate: 2019.09.26:1811
%%Pages: 1
%%BeginProlog
%%EndProlog
%%Page: 1 1
 0 0 0 setrgbcolor 0 0.24501 dtransform truncate idtransform setlinewidth pop
 [] 0 setdash 1 setlinecap 1 setlinejoin 10 setmiterlimit
newpath 9.34 -117.45 moveto
8.68 -114.91 3.92 -100.44 1.76 -97.31 curveto
-0.39 -94.18 -5.79 -80.64 -7.01 -78.29 curveto
-8.23 -75.94 -13.56 -59.94 -9.07 -53.47 curveto
-4.59 -47 -0.08 -39.22 3.61 -36.72 curveto
7.29 -34.22 18.28 -21.24 20.04 -19.92 curveto
21.8 -18.61 49.83 -5.56 52.4 -3.59 curveto
54.97 -1.63 78.02 13.88 80.77 17.16 curveto
83.51 20.44 93.35 30.32 95.92 34.02 curveto
98.48 37.72 117.77 65.71 119.82 70.37 curveto
121.86 75.03 134.7 106.25 136.11 109.85 curveto
137.53 113.44 148.25 148.8 147.58 159.58 curveto
146.9 170.36 147.02 193.35 144.7 199.94 curveto
142.38 206.53 135.29 229.32 134.79 236.5 curveto
134.3 243.69 132.32 262.6 128.81 266.33 curveto
125.29 270.07 119.02 278.77 116.96 279.16 curveto
114.91 279.56 110.71 281.21 111.59 285.91 curveto
112.48 290.62 121.19 304.84 123.72 308.82 curveto
126.26 312.81 137.68 330.74 139.32 333.35 curveto
140.97 335.95 152.63 357.64 154.2 361.11 curveto
155.77 364.57 165.51 386.68 167.81 390.07 curveto
170.11 393.46 184.24 421.48 185.63 426.96 curveto
187.03 432.44 199.77 459.74 201.54 464.24 curveto
203.3 468.73 209.88 488.98 211.95 491.62 curveto
214.03 494.26 221.8 506.09 223.9 508.44 curveto
226.01 510.8 242.16 524.25 243.57 526.25 curveto
244.98 528.26 258.31 550.4 259.14 552.63 curveto
260.36 555.91 268.96 585.18 268.24 590.03 curveto
267.52 594.89 268.71 602.19 264.97 605.64 curveto
260.4 609.86 260.06 616.91 255.86 621.73 curveto
251.67 626.55 240.83 639.45 238.59 641.85 curveto
236.35 644.25 225.95 653.88 222.57 660.96 curveto
219.19 668.04 215.29 672.65 214.46 680.98 curveto
213.57 690.04 215.8 700.32 216.83 704.65 curveto
217.86 708.98 223.01 733.48 226.38 738.34 curveto
228.94 742.05 236.75 756.39 237.43 758.48 curveto
238.11 760.57 240.4 767.81 240.4 767.81 curveto
240.4 767.81 245.86 784.2 246.76 787.17 curveto
247.65 790.13 255.7 809.2 256.77 811.97 curveto
260.59 821.89 276.89 854.62 279.46 857.97 curveto
284.61 864.63 289.62 878.73 290.29 880.96 curveto
290.96 883.19 295.68 893.62 297.97 895.42 curveto
300.27 897.21 308.06 902.44 311.06 905.81 curveto
313.3 908.31 318.62 914.97 319.95 916.24 curveto
321.29 917.51 341.04 940.8 343.04 944.3 curveto
345.04 947.8 353.38 974.11 354.19 976.35 curveto
355.01 978.6 357.49 1010.68 357.57 1012.99 curveto
357.65 1015.3 357.78 1033.13 358.44 1038.66 curveto
359.1 1044.21 359.81 1054.14 359.99 1057.07 curveto
360.16 1060.01 361.67 1074.13 362.94 1076.13 curveto
364.21 1078.11 372.89 1087.58 376.31 1092.75 curveto
379.75 1097.93 394.88 1116.26 397.08 1119.08 curveto
399.3 1121.92 409.54 1132.38 411.21 1134.86 curveto
412.86 1137.31 416.87 1145.51 417.89 1148.37 curveto
418.91 1151.23 423.46 1160.57 423.46 1160.57 curveto
423.46 1160.57 427.82 1170.86 427.91 1176.61 curveto
427.98 1180.48 426.52 1187.14 427.95 1190.43 curveto
429.34 1193.62 433.86 1201.76 437.07 1206.13 curveto
440.49 1210.77 449.7 1226.23 449.39 1231.57 curveto
449.15 1235.71 447.84 1237.61 448.55 1238.17 curveto
449.6 1238.98 449.35 1242.15 449.35 1242.15 curveto stroke
newpath 423.34 1237.08 moveto
423.33 1234.93 423.64 1228.53 422.38 1225.64 curveto
421.13 1222.77 416.62 1213.44 414.32 1211.02 curveto
412.03 1208.6 403.77 1196.93 403.46 1194.15 curveto
403.15 1191.31 402.01 1184.66 402.07 1180.57 curveto
402.14 1176.46 400.12 1166.66 398.75 1162.68 curveto
397.38 1158.74 392.42 1150.17 390.29 1148.12 curveto
388.16 1146.07 367.28 1124.52 364.91 1122.01 curveto
362.53 1119.49 350.47 1105.35 348.14 1102.24 curveto
345.81 1099.13 336.75 1087.33 334.93 1083.41 curveto
333.11 1079.48 331.12 1071.04 329.42 1067.4 curveto
327.71 1063.77 327.09 1056.19 326.18 1051.78 curveto
325.28 1047.37 325.09 1031.83 324.59 1029.34 curveto
324.09 1026.86 323.36 1017.3 323.62 1012.72 curveto
323.89 1008.13 325.56 995.84 325.23 991.46 curveto
324.9 987.09 324 976.18 323.06 972.21 curveto
322.11 968.24 319.16 959.32 317.14 955.96 curveto
315.13 952.59 303.36 940.2 301.05 936.95 curveto
298.74 933.71 289.03 922.6 284.89 918.77 curveto
280.75 914.93 274.02 909.41 270.88 905.66 curveto
267.74 901.91 261.13 891.8 258.58 887.96 curveto
256.03 884.13 250.2 873.34 247.78 869.65 curveto
245.36 865.96 241.1 852.1 238.6 847.67 curveto
236.1 843.25 229.99 821.01 229.8 818.25 curveto
229.62 815.49 224.4 804.34 222.83 799.3 curveto
221.25 794.26 213.25 780.25 211.94 777.1 curveto
210.63 773.95 204.2 763.39 202.36 759.61 curveto
200.53 755.82 187.79 736.46 186.5 729.84 curveto
185.21 723.23 183.52 711.39 182.94 706.57 curveto
182.36 701.76 182.03 686 182.29 683.14 curveto
182.54 680.27 186.38 661.53 188.8 657.12 curveto
191.22 652.7 200.46 638.17 202.4 635.88 curveto
204.34 633.6 212.25 624.32 214.66 621.65 curveto
217.07 618.97 225.74 610.94 228.34 607.71 curveto
230.94 604.47 237.1 598.67 237.57 596.69 curveto
238.04 594.71 239.79 591.25 238.73 588.55 curveto
237.67 585.85 237.96 579.37 236.56 575.63 curveto
235.16 571.89 232.12 563.81 230.29 560.03 curveto
228.46 556.26 219.53 547.81 217.86 545.49 curveto
216.18 543.17 208.45 535.83 206.01 532.44 curveto
203.56 529.04 196.48 519.3 195.4 516.75 curveto
194.33 514.2 187.32 503.61 186.33 501.78 curveto
185.33 499.96 181.09 490.76 180 488.49 curveto
178.9 486.22 175.55 476.81 174.03 474.36 curveto
172.51 471.91 168.11 461.4 165.91 456.87 curveto
163.71 452.34 158.57 438.57 157.38 435.72 curveto
156.19 432.86 150.63 420.64 149.11 416.6 curveto
147.59 412.56 141.35 398.12 139.88 395.24 curveto
138.4 392.36 128.8 378.36 127.05 375.31 curveto
125.3 372.27 116.84 360.1 115.27 356.64 curveto
113.7 353.17 99.85 336.62 98.7 333.33 curveto
97.55 330.05 90.3 318.85 88.3 313.76 curveto
86.29 308.66 79.99 291.77 78.86 288.2 curveto
77.73 284.64 78.65 272.72 79.22 271.18 curveto
79.79 269.64 82.47 260.63 82.87 259.36 curveto
83.27 258.1 86.32 249.83 86.32 249.83 curveto stroke
newpath 89.78 240.16 moveto
90.46 239.06 93.1 232.21 95.22 229.51 curveto
97.34 226.8 102.07 219.13 103.27 217.07 curveto
104.46 215 111.61 204.65 112.56 202.14 curveto
113.5 199.62 117.57 188.13 117.21 185.64 curveto
116.85 183.15 117.55 163.98 116.07 157.93 curveto
114.58 151.87 115.09 136.46 113.9 132.01 curveto
112.7 127.57 108.2 116.97 106.24 113.03 curveto
104.28 109.1 97.96 95.21 96.71 92.93 curveto
95.47 90.65 86.56 71.92 84.95 68.87 curveto
83.78 66.67 77.63 54.86 73.18 51.87 curveto
68.81 48.93 55.25 35.7 52.85 33.46 curveto
50.45 31.22 37.81 25.47 33.75 23.95 curveto
29.69 22.43 17.86 17.33 14.57 15.31 curveto
11.28 13.28 3.76 9.87 0.12 7.08 curveto
-3.35 4.42 -6.31 -0.27 -7.85 -2.43 curveto
-9.39 -4.59 -12.53 -7.67 -12.93 -7.99 curveto stroke
newpath -20.69 -14.02 moveto
-22.88 -15.37 -28.44 -17.89 -30.29 -23.12 curveto
-32.13 -28.34 -38.16 -45.07 -38.82 -47.44 curveto
-39.47 -49.81 -41.85 -57.25 -42.33 -59.89 curveto
-42.82 -62.54 -47.28 -75.81 -47.28 -77.4 curveto
-47.28 -78.99 -50.23 -91.4 -50.82 -94.49 curveto
-51.41 -97.58 -52.24 -106.18 -52.5 -113 curveto
-52.76 -119.82 -50.3 -134.34 -49.55 -137.89 curveto
-48.8 -141.44 -45.08 -152.38 -44.75 -157.7 curveto
-44.42 -163.01 -46.29 -167.95 -47.62 -169.23 curveto
-48.95 -170.5 -58.08 -171.9 -62.26 -173.57 curveto
-66.45 -175.25 -75.94 -178.99 -79.17 -181.73 curveto
-82.39 -184.48 -91.52 -193.82 -94.49 -197.84 curveto
-97.45 -201.86 -102.13 -212.21 -104.73 -217.07 curveto
-107.34 -221.93 -106.01 -224.3 -105.53 -229.75 curveto
-105.04 -235.2 -104.26 -248.88 -102.66 -252.35 curveto
-101.05 -255.82 -94.47 -275.71 -93.19 -278.93 curveto
-91.66 -282.76 -86.69 -291.94 -83.59 -294.89 curveto
-80.67 -297.67 -72.95 -312.28 -70.15 -316.08 curveto
-67.36 -319.88 -60.02 -326.33 -61.73 -329.47 curveto
-64.22 -334.03 -69.3 -335.66 -71.28 -337.86 curveto
-73.25 -340.06 -77.4 -342.54 -82.71 -346.19 curveto
-88.03 -349.85 -97.58 -359.66 -99.68 -362.01 curveto
-101.78 -364.37 -104 -370.17 -107.33 -384.63 curveto
-110.66 -399.1 -113.22 -409.3 -112.96 -413.9 curveto
-112.69 -418.5 -112.52 -427.01 -112.24 -431.76 curveto
-111.96 -436.5 -112.56 -439.52 -112.56 -439.52 curveto stroke
newpath -112.41 -442.9 moveto
-112.62 -445.38 -111.73 -448.91 -113.07 -453.37 curveto
-114.4 -457.83 -113.98 -465.88 -115.29 -470.63 curveto
-116.6 -475.37 -119.34 -485.17 -120.9 -488.64 curveto
-122.46 -492.11 -123.57 -500.6 -125.09 -504.36 curveto
-126.61 -508.11 -129.89 -516.04 -130.97 -518.43 curveto
-132.05 -520.81 -135.35 -525.96 -139.82 -529.01 curveto
-144.3 -532.05 -150.66 -535.33 -156.07 -536.44 curveto
-161.48 -537.56 -160.73 -536.09 -160.73 -536.09 curveto stroke
newpath -172.71 -533.18 moveto
-174.63 -534.47 -176.96 -537.75 -179.33 -540.66 curveto
-181.7 -543.57 -187.56 -548.77 -189.11 -551.06 curveto
-190.66 -553.36 -195.96 -558.8 -195.96 -558.8 curveto stroke
newpath -195.96 -558.8 moveto
-195.96 -558.8 -200.66 -571.38 -199.43 -575.2 curveto
-198.21 -579.01 -192.22 -592.36 -189.65 -594.24 curveto
-187.07 -596.12 -181.59 -606.72 -181.59 -606.72 curveto stroke
newpath -181.59 -606.72 moveto
-181.22 -607.67 -182.02 -608.35 -182.52 -609.26 curveto
-183.01 -610.18 -186.55 -617.57 -187.99 -624.07 curveto
-189.44 -630.56 -192.9 -642 -193.38 -647.97 curveto
-193.86 -653.94 -199.04 -676.95 -200.15 -680.66 curveto
-201.27 -684.38 -204.78 -706.67 -205.21 -714.81 curveto
-205.64 -722.94 -216.58 -742.86 -218.37 -747.07 curveto
-220.17 -751.28 -226.51 -770.82 -229.12 -775.53 curveto
-231.73 -780.25 -249.1 -807.87 -250.32 -810.88 curveto
-251.49 -813.76 -264.18 -832.39 -265.92 -834.72 curveto
-267.67 -837.04 -277.61 -852.03 -278.83 -853.8 curveto
-280.04 -855.57 -283.62 -872.96 -285.67 -880.73 curveto
-287.72 -888.51 -291.43 -907.7 -292.42 -910.32 curveto
-293.41 -912.94 -300.32 -930.32 -301.21 -933.3 curveto
-302.1 -936.27 -312.03 -960.21 -312.63 -962.43 curveto
-313.23 -964.65 -317.12 -982.64 -318.32 -985.42 curveto
-319.52 -988.2 -326.1 -1014.88 -326.57 -1017.81 curveto
-327.03 -1020.75 -328.37 -1031.64 -328.84 -1034.5 curveto
-329.31 -1037.36 -329.81 -1052 -330.11 -1055.14 curveto
-330.41 -1058.27 -329.43 -1070.04 -329.53 -1074.6 curveto
-329.63 -1079.16 -335.76 -1087.44 -337.52 -1089.55 curveto
-339.29 -1091.66 -348.81 -1100.47 -355.73 -1105.57 curveto
-362.65 -1110.67 -374.25 -1129.77 -375.19 -1131.58 curveto
-376.18 -1133.48 -389.88 -1149.04 -391.54 -1151.5 curveto
-393.2 -1153.96 -402.59 -1168.93 -404.17 -1170.66 curveto
-405.75 -1172.39 -414.05 -1182.75 -415.83 -1183.92 curveto
-417.6 -1185.09 -429.05 -1196.13 -431.4 -1197.1 curveto
-433.98 -1198.17 -444.61 -1208.82 -446.63 -1212.38 curveto
-447.44 -1213.81 -450.99 -1224.68 -451.73 -1226.91 curveto stroke
newpath -433.66 -1242.47 moveto
-432.92 -1240.59 -430.53 -1240.38 -427.9 -1239.55 curveto
-425.26 -1238.71 -420.14 -1239.62 -418.13 -1238.54 curveto
-416.11 -1237.45 -415.31 -1235.41 -412.83 -1234.25 curveto stroke
newpath -403.58 -1224.5 moveto
-403.58 -1224.5 -402.08 -1224.29 -401.47 -1223.81 curveto
-400.86 -1223.32 -395.48 -1217.24 -394.65 -1215.54 curveto
-393.83 -1213.84 -388.53 -1203.86 -388.08 -1203.24 curveto
-387.63 -1202.63 -369.16 -1170.02 -361.48 -1160.06 curveto
-352.96 -1149.01 -346.15 -1138.57 -341.72 -1135.75 curveto
-337.41 -1133.01 -314.33 -1106.62 -311.84 -1102.8 curveto
-308.16 -1097.17 -301.82 -1070.83 -301.35 -1068.04 curveto
-300.87 -1065.26 -289.48 -1035.76 -288.77 -1032.37 curveto
-288.06 -1028.98 -280.89 -998.5 -279.47 -993.18 curveto
-277.88 -987.23 -277.8 -969.54 -275.62 -964.94 curveto
-273.08 -959.59 -265.11 -937.74 -263.92 -934.88 curveto
-262.73 -932.03 -255.58 -903.63 -255.05 -899.83 curveto
-254.52 -896.02 -249.4 -878.45 -245.5 -870.24 curveto
-242.79 -864.54 -237.2 -849.35 -234.4 -845.05 curveto
-231.6 -840.75 -215.97 -811.19 -213.37 -807.92 curveto
-210.77 -804.66 -200.42 -791.01 -197.68 -786.14 curveto
-194.93 -781.27 -180.73 -746.02 -179.35 -742.14 curveto
-177.96 -738.25 -171.75 -718.76 -171.66 -714.85 curveto
-171.58 -710.94 -167.68 -684.86 -166.81 -680.01 curveto
-165.94 -675.16 -165.28 -658.33 -164.39 -653.62 curveto
-163.51 -648.92 -159.52 -630.48 -158.83 -626.95 curveto
-158.13 -623.42 -156.94 -611.13 -154.34 -606.41 curveto
-151.73 -601.68 -138.65 -578.6 -136.45 -575.69 curveto
-134.26 -572.81 -110.01 -537.27 -105.98 -530.3 curveto
-101.92 -523.28 -90.69 -500.1 -89.12 -496.63 curveto
-87.55 -493.16 -75.9 -463.36 -74.95 -459.37 curveto
-74 -455.38 -66.08 -425.77 -65.21 -422.51 curveto
-64.35 -419.25 -59.95 -397.17 -57.35 -393.91 curveto
-54.75 -390.64 -45.33 -386.04 -42.24 -385.05 curveto
-39.15 -384.05 -21.97 -377.18 -17.03 -372.54 curveto
-12.09 -367.91 -2.43 -354.61 -1.16 -351.02 curveto
0.11 -347.44 12.95 -323.82 12.89 -318.33 curveto
12.83 -312.84 12.91 -285.26 11.64 -282.34 curveto
10.36 -279.41 2.16 -270.17 -3.68 -266.35 curveto
-9.51 -262.54 -25.64 -248.61 -33.32 -245.29 curveto
-36.15 -244.07 -42.47 -243.08 -41.99 -240.29 curveto
-41.52 -237.5 -36.85 -232.09 -35.73 -228.77 curveto
-34.62 -225.48 -28.07 -216.85 -20.94 -210.47 curveto
-19.48 -209.17 -2.45 -194.9 0.97 -192.72 curveto
4.39 -190.53 20.23 -180.98 23.33 -178.31 curveto
27.99 -174.28 32.59 -160.91 27.1 -149.55 curveto
21.6 -138.18 15.03 -129.37 14 -127.58 curveto
12.98 -125.8 11.57 -124.62 11.61 -123.46 curveto stroke
newpath -404.92 -1221.84 moveto
-405.54 -1221.74 lineto
-405.86 -1220.7 lineto
-404.87 -1219.85 lineto
-404.14 -1219.49 lineto
-403.04 -1218.25 lineto
-402.33 -1217.58 lineto
-401.32 -1216.95 lineto
-400.77 -1217.21 lineto
-401.67 -1218.2 lineto
-402.33 -1219.32 lineto
-403.28 -1219.79 lineto
-404.38 -1221.1 lineto
 closepath stroke
showpage
%%EOF
