%!PS
%%BoundingBox: -54 -53 54 55 
%%HiResBoundingBox: -53.56299 -52.90001 53.43001 54.63768 
%%Creator: MetaPost 1.209
%%CreationDate: 2019.09.26:1811
%%Pages: 1
%%BeginProlog
%%EndProlog
%%Page: 1 1
 0 0 0 setrgbcolor 0 0.7 dtransform truncate idtransform setlinewidth pop
 [] 0 setdash 1 setlinecap 1 setlinejoin 10 setmiterlimit
newpath 53.08 -52.55 moveto
53.08 -52.55 52.03 -52.53 51.77 -50.57 curveto
51.51 -48.62 50.2 -46.94 49.63 -45.43 curveto
49.06 -43.92 44.04 -32.56 40.35 -29.49 curveto
36.67 -26.41 34.47 -23.51 32.11 -21.96 curveto
29.74 -20.42 25.54 -20.03 23.78 -18.19 curveto
22.02 -16.36 15.32 -10.03 10.84 -9.19 curveto
6.36 -8.34 -10.92 -10.97 -14.68 -9.9 curveto
-18.37 -8.85 -23.16 -6.13 -25.24 -5.52 curveto
-27.29 -4.93 -30.32 -0.73 -32.06 2.16 curveto
-33.8 5.05 -36.1 10.19 -37.56 12.17 curveto
-39.02 14.15 -41.67 16.46 -41.64 17.81 curveto
-41.62 19.16 -41.16 19.45 -39.19 20.16 curveto
-37.23 20.87 -35.55 22.04 -33.58 23.19 curveto
-31.61 24.35 -30.92 24.87 -29.82 23.72 curveto
-29.23 23.11 -28.18 22.93 -28.18 22.93 curveto
-28.18 22.93 -29.49 25.21 -28.87 25.95 curveto
-28.26 26.69 -25.82 28.44 -24.73 30.36 curveto
-23.64 32.29 -22.68 35.42 -20.09 37.32 curveto
-17.5 39.22 -12.79 42.04 -11.92 40.38 curveto
-11.53 39.62 -10.43 38.53 -9.62 37.29 curveto
-8.71 35.89 -8.06 31.37 -6.84 32.1 curveto
-5.63 32.82 -2.3 34.25 -0.97 33.33 curveto stroke
newpath -2.54 36.96 moveto
-2.54 36.96 -4 39.09 -4.89 39.56 curveto
-5.78 40.03 -6.06 40.78 -5.73 42.28 curveto
-5.4 43.77 -3.71 45.99 -2.34 46.86 curveto stroke
newpath -3.74 51.54 moveto
-3.74 51.54 -5.88 49.74 -6.64 49.18 curveto
-7.4 48.61 -12.35 48.79 -14.3 48.75 curveto
-16.34 48.72 -22.96 46.19 -25.79 44.64 curveto
-28.56 43.12 -37.65 44.43 -41.41 43.76 curveto
-45.17 43.09 -51.37 40.81 -52.18 38.13 curveto
-52.98 35.45 -53.39 30.05 -53.14 27.8 curveto
-52.89 25.54 -53.74 20.31 -52.3 17.43 curveto
-50.86 14.55 -46.5 7.56 -45.21 4.83 curveto
-43.92 2.1 -41.16 -2.6 -39.56 -4.89 curveto
-37.96 -7.17 -33.87 -12.81 -31.8 -14.05 curveto
-29.72 -15.29 -21.27 -20.27 -16.81 -22.01 curveto
-12.34 -23.75 -5.5 -26.89 0.63 -27.62 curveto
6.77 -28.35 11.7 -29.2 14.54 -30.01 curveto
17.37 -30.81 23.28 -35.14 25.64 -37.43 curveto
27.99 -39.73 32.13 -42.67 35.4 -43.94 curveto
38.68 -45.2 39.88 -45.23 40.6 -46.44 curveto stroke
newpath -2.34 46.86 moveto
-2.34 46.86 -0.95 48.48 -1.38 49.69 curveto stroke
newpath 0.59671 51.63109 moveto
0.80551 51.19142 -0.98419 50.68518 -1.62202 49.303 curveto
-1.03677 50.34027 -1.87593 50.13379 -1.77147 50.72891 curveto
-1.19786 51.61497 -1.33574 52.71686 -0.59299 52.597 curveto stroke
newpath -0.9734 53.83534 moveto
-0.9885 52.57289 -2.00833 51.78809 -2.06514 50.7878 curveto
-2.78654 51.1083 -3.12633 51.4746 -3.71532 51.64388 curveto
-2.73439 51.83862 -2.55865 53.58122 -2.4747 54.28767 curveto stroke
 0 0.24501 dtransform truncate idtransform setlinewidth pop
newpath 7.85002 28.13 moveto
10.64998 28.13 lineto stroke
 0.24501 0 dtransform exch truncate exch idtransform pop setlinewidth
newpath 9.25 26.73003 moveto
9.25 29.52998 lineto stroke
 0.00002 0.00018 0.00174 setrgbcolor
newpath 9.81001 28.13 moveto
9.81001 28.27853 9.751 28.42096 9.64598 28.52599 curveto
9.54095 28.63101 9.39853 28.69002 9.25 28.69002 curveto
9.10147 28.69002 8.95905 28.63101 8.85402 28.52599 curveto
8.749 28.42096 8.68999 28.27853 8.68999 28.13 curveto
8.68999 27.98148 8.749 27.83905 8.85402 27.73402 curveto
8.95905 27.629 9.10147 27.56999 9.25 27.56999 curveto
9.39853 27.56999 9.54095 27.629 9.64598 27.73402 curveto
9.751 27.83905 9.81001 27.98148 9.81001 28.13 curveto closepath fill
 0 0 0 setrgbcolor 0 0.35 dtransform truncate idtransform setlinewidth pop
newpath 9.25 28.13 moveto 0 0 rlineto stroke
showpage
%%EOF
