%!PS
%%BoundingBox: -134 -52 134 52 
%%HiResBoundingBox: -133.24089 -51.5466 133.59833 51.48581 
%%Creator: MetaPost 1.209
%%CreationDate: 2018.11.10:1625
%%Pages: 1
%%BeginProlog
%%EndProlog
%%Page: 1 1
 0 0 0 setrgbcolor 0 0.11667 dtransform truncate idtransform setlinewidth pop
 [] 0 setdash 1 setlinecap 1 setlinejoin 10 setmiterlimit
newpath -19.92 20.89 moveto
-20.47 20.58 -25.03 19.45 -26.2 18.78 curveto
-27.38 18.11 -28.15 17.94 -29.25 17.27 curveto
-30.35 16.59 -30.67 15.75 -32.01 15.71 curveto
-33.35 15.66 -36.98 15.44 -38.03 15.37 curveto
-39.09 15.3 -42.95 15.21 -43.91 14.92 curveto
-44.87 14.63 -48.3 13.55 -48.85 13.19 curveto
-49.4 12.83 -51.85 11.37 -53.05 10.79 curveto
-54.25 10.22 -56.05 9.19 -57.56 8.3 curveto
-59.08 7.41 -62.08 6.55 -62.82 6.23 curveto
-63.57 5.92 -64.6 5.73 -65.94 5.2 curveto
-67.29 4.67 -69.93 3.16 -70.41 2.75 curveto
-70.89 2.34 -74.44 0.52 -74.85 0.42 curveto
-75.26 0.32 -77.39 -0.11 -79.05 0.35 curveto
-80.7 0.8 -81.69 -0.45 -82.77 -0.83 curveto
-83.85 -1.22 -85.41 -2.39 -86.22 -2.85 curveto
-87.04 -3.3 -88.7 -4.62 -89.37 -5.63 curveto
-90.04 -6.64 -90.96 -8.89 -91.65 -9.28 curveto
-92.35 -9.66 -93.48 -10.69 -94.63 -10.55 curveto
-95.78 -10.41 -98.11 -11.27 -98.78 -11.56 curveto
-99.45 -11.85 -102.33 -12.71 -103 -12.95 curveto
-103.67 -13.19 -106.7 -14.55 -107.63 -14.75 curveto
-108.57 -14.94 -109.74 -15.06 -110.94 -15.51 curveto
-112.14 -15.97 -113.29 -16.21 -113.72 -16.45 curveto
-114.16 -16.69 -115.12 -17.67 -116.03 -17.07 curveto
-116.94 -16.47 -117.49 -15.77 -117.95 -15.08 curveto stroke
newpath -117.95 -15.08 moveto
-118.16 -14.84 -118.26 -14.48 -118.79 -14.09 curveto
-119.31 -13.71 -119.55 -13.4 -120.18 -12.89 curveto
-120.8 -12.39 -121.57 -11.88 -121.93 -11.55 curveto
-122.29 -11.21 -123.94 -10.52 -124.33 -10.35 curveto
-124.71 -10.18 -125.91 -10.16 -126.39 -10.54 curveto
-126.87 -10.92 -127.52 -11.62 -128 -12.12 curveto
-128.48 -12.63 -129.22 -13.42 -129.58 -13.47 curveto
-129.94 -13.51 -130.92 -13.25 -130.92 -13.25 curveto stroke
newpath -131.72 -14.3 moveto
-131.45 -14.57 -131.17 -14.62 -131.14 -14.95 curveto
-131.12 -15.29 -131.26 -15.7 -131.65 -15.6 curveto
-132.03 -15.5 -133.54 -15.41 -133.08 -15.89 curveto
-132.63 -16.37 -132.05 -17.52 -131.89 -17.95 curveto
-131.72 -18.38 -130.57 -21.69 -130.37 -22.25 curveto
-130.18 -22.8 -129.22 -26.95 -129.18 -27.52 curveto
-129.13 -28.1 -128.39 -30.33 -128.1 -30.88 curveto
-127.81 -31.44 -127.59 -31.84 -127.91 -32.3 curveto
-128.22 -32.75 -130.07 -34.1 -130.28 -34.43 curveto
-130.5 -34.77 -132.15 -37.14 -132.15 -37.46 curveto
-132.15 -37.77 -132.9 -38.78 -133.11 -39.28 curveto
-133.33 -39.78 -133 -41.34 -132.78 -42.06 curveto
-132.56 -42.78 -131.85 -45.42 -131.75 -45.93 curveto
-131.65 -46.43 -131.53 -47.61 -131.29 -48.11 curveto
-131.05 -48.61 -130.72 -49.84 -130.38 -49.93 curveto stroke
newpath -130.38 -49.93 moveto
-130.38 -49.93 -130 -50.13 -129.78 -50.08 curveto
-129.57 -50.03 -128.2 -49.24 -127.53 -48.9 curveto
-126.86 -48.57 -123.47 -46.91 -123.04 -46.58 curveto
-122.61 -46.24 -118.84 -44.8 -118.48 -44.71 curveto
-118.12 -44.61 -111.28 -42.72 -110.82 -42.6 curveto
-110.37 -42.48 -103 -40.27 -101.92 -40.37 curveto
-100.84 -40.46 -99.23 -41.3 -98.13 -42.79 curveto
-97.02 -44.28 -95.46 -45.55 -95.06 -45.79 curveto
-94.65 -46.03 -94.05 -46.92 -93.11 -47.06 curveto
-92.18 -47.21 -90.16 -46.94 -89.71 -46.82 curveto
-89.25 -46.7 -87.23 -46.58 -86.85 -46.42 curveto
-86.47 -46.25 -86.54 -45.82 -86.27 -45.82 curveto
-86.01 -45.82 -85.34 -45.89 -85.34 -45.89 curveto stroke
newpath -85.41 -45.1 moveto
-85.51 -44.86 -85.89 -44.62 -85.43 -44.3 curveto
-84.98 -43.99 -83.99 -43.32 -82.96 -43.06 curveto
-81.93 -42.79 -77.85 -41.71 -77.37 -41.52 curveto
-76.89 -41.33 -73.22 -40.56 -72.81 -40.46 curveto
-72.4 -40.37 -67.17 -39.05 -66.12 -38.98 curveto
-65.06 -38.9 -63.14 -38.52 -62.49 -38.52 curveto
-61.85 -38.52 -60.24 -38.47 -60.12 -38.54 curveto
-60 -38.62 -59.71 -38.74 -59.81 -38.95 curveto
-59.9 -39.17 -60.05 -39.34 -60.17 -39.43 curveto stroke
newpath -60.17 -41.21 moveto
-59.85 -41.18 -60 -40.51 -59.64 -40.85 curveto
-59.28 -41.18 -57.6 -42.67 -57.36 -43.13 curveto
-57.12 -43.58 -54.7 -46.13 -54.53 -46.3 curveto
-54.36 -46.46 -51.27 -49.51 -50.55 -49.94 curveto
-49.83 -50.38 -48.22 -51.6 -47.24 -51.48 curveto
-46.25 -51.36 -44.62 -50.55 -43.85 -49.78 curveto
-43.08 -49.01 -41.52 -47.84 -41.07 -47.12 curveto
-40.61 -46.4 -40.35 -45.87 -40.15 -45.7 curveto
-39.96 -45.53 -39.77 -45.68 -39.32 -45.6 curveto stroke
newpath -38.5 -43.21 moveto
-38.93 -42.92 -39.75 -42.51 -39.75 -42.1 curveto
-39.75 -41.69 -39.27 -40.59 -38.93 -40.11 curveto
-38.59 -39.63 -36.31 -36.61 -35.57 -36.49 curveto
-34.82 -36.37 -32.14 -35.7 -31.63 -35.55 curveto
-31.13 -35.41 -29.09 -35.41 -28.73 -35.82 curveto
-28.37 -36.22 -26.28 -37.47 -25.56 -37.69 curveto
-24.84 -37.91 -23.09 -38.05 -22.56 -37.64 curveto
-22.04 -37.24 -20.33 -36.13 -19.97 -36.01 curveto
-19.61 -35.89 -18.63 -36.2 -18.51 -35.96 curveto
-18.39 -35.72 -18.48 -35.56 -18.41 -35.36 curveto
-18.34 -35.17 -17.45 -34.93 -17.07 -35.46 curveto
-16.68 -35.99 -15.34 -36.71 -14.9 -36.75 curveto
-14.47 -36.8 -11.66 -36.75 -10.99 -36.87 curveto
-10.32 -36.99 -7.94 -37.37 -7.12 -37.09 curveto
-6.31 -36.8 -3.86 -36.24 -3.23 -35.91 curveto
-2.61 -35.57 0.42 -35.45 1.16 -35.4 curveto
1.91 -35.35 4.02 -35.59 4.4 -35.78 curveto
4.79 -35.97 5.53 -36.31 5.41 -37.05 curveto
5.29 -37.79 4.55 -38.08 3.85 -38.71 curveto
3.15 -39.33 2.7 -39.5 2.34 -39.57 curveto
1.98 -39.64 1.5 -39.64 1.43 -39.62 curveto stroke
newpath -0.64 -45.23 moveto
-0.21 -45.57 0.75 -46.14 1.95 -47.2 curveto
3.15 -48.26 4.97 -47.25 6.55 -46.77 curveto
8.13 -46.29 10.82 -44.99 12.02 -44.37 curveto
13.22 -43.75 16.82 -42.17 17.78 -41.69 curveto
18.74 -41.21 22.78 -39.82 24.08 -39.43 curveto
25.37 -39.05 30.27 -36.84 31.76 -36.6 curveto
33.25 -36.35 37.23 -33.86 39.2 -33.24 curveto
41.16 -32.61 47.16 -32.28 50.04 -32.28 curveto
52.92 -32.29 54.41 -33.77 55.56 -34.16 curveto
56.71 -34.54 60.36 -34.97 63.67 -35.73 curveto
66.98 -36.5 72.31 -34.24 73.13 -34.2 curveto
73.94 -34.15 80.85 -31.65 82.39 -31.17 curveto
83.92 -30.69 86.71 -29.64 87.76 -28.68 curveto
88.82 -27.72 91.94 -26.52 92.9 -25.99 curveto
93.86 -25.46 95.73 -26.8 97.03 -28.44 curveto stroke
newpath 104.71 -26.85 moveto
104.66 -26.18 101.63 -22.39 99.57 -20.95 curveto
97.51 -19.51 93.76 -19.8 92.23 -19.85 curveto
90.69 -19.89 82.53 -21.72 81.24 -22.34 curveto
79.94 -22.97 72.84 -25.75 71.93 -26.23 curveto
71.01 -26.71 66.74 -25.08 65.39 -24.31 curveto
64.05 -23.55 60.55 -22.06 59.83 -21.82 curveto
59.11 -21.59 53.4 -22.16 51.86 -22.55 curveto
50.33 -22.93 41.89 -22.11 40.16 -22.2 curveto
38.43 -22.29 32.82 -24.45 31.71 -25.12 curveto
30.61 -25.79 23.31 -28.77 22.25 -29.4 curveto
21.19 -30.02 14.23 -33.43 13.56 -33.62 curveto
12.89 -33.82 10.01 -34.78 9.34 -35.26 curveto stroke
newpath 9.34 -35.26 moveto
9.34 -35.26 8.86 -34.3 8.86 -33.58 curveto
8.86 -32.86 8.86 -31.9 8.38 -31.37 curveto
7.91 -30.84 6.66 -30.79 5.56 -30.74 curveto
4.45 -30.7 -0.88 -30.69 -1.65 -30.5 curveto
-2.42 -30.31 -5.69 -30.36 -6.5 -30.26 curveto
-7.32 -30.17 -10.39 -30.17 -11.6 -29.26 curveto
-12.8 -28.35 -14.62 -26.96 -16.45 -26.96 curveto
-18.27 -26.96 -19.8 -27.16 -20.43 -26.82 curveto
-21.05 -26.48 -23.45 -25.43 -23.88 -25.14 curveto
-24.31 -24.85 -27 -23.22 -29.45 -23.8 curveto
-31.89 -24.37 -36.6 -26.1 -38.23 -26.38 curveto
-39.86 -26.67 -46.92 -28.54 -48.4 -29.07 curveto
-49.89 -29.6 -56.37 -31.8 -58.53 -31.71 curveto
-60.69 -31.61 -64.87 -31.51 -66.26 -31.27 curveto
-67.65 -31.03 -72.26 -30.84 -74.23 -30.7 curveto
-76.19 -30.55 -79.27 -30.51 -81.62 -30.51 curveto
-83.97 -30.51 -90.16 -31.13 -90.78 -31.27 curveto
-91.41 -31.42 -94.29 -31.8 -95.44 -30.65 curveto
-96.59 -29.5 -97.89 -27.43 -98.37 -26.47 curveto
-98.85 -25.51 -99.33 -24.75 -99.95 -24.51 curveto
-100.58 -24.27 -101.2 -23.98 -101.2 -23.5 curveto
-101.2 -23.02 -101.16 -22.16 -101.16 -22.16 curveto
-101.16 -22.16 -99.82 -21.25 -98.71 -20.77 curveto
-97.61 -20.29 -93.63 -17.99 -92.71 -17.51 curveto
-91.8 -17.03 -88.2 -14.68 -87.14 -14.11 curveto
-86.09 -13.53 -80.03 -10.08 -78.83 -9.55 curveto
-77.63 -9.02 -72.4 -5.99 -72.2 -4.98 curveto
-72.01 -3.97 -71.68 -3.56 -71.85 -2.84 curveto
-72.01 -2.12 -72.09 -1.92 -72.35 -1.69 curveto
-72.57 -1.5 -72.78 -1.64 -72.81 -1.45 curveto
-72.83 -1.26 -72.52 -1.07 -72.35 -0.9 curveto
-72.18 -0.73 -70.86 0.11 -70.31 0.37 curveto
-69.76 0.64 -68.03 1.45 -67.31 1.67 curveto
-66.59 1.89 -63.73 2.73 -63.11 2.99 curveto
-62.48 3.26 -57.8 5.83 -56.58 6.19 curveto
-55.36 6.55 -52.07 6.93 -50.85 6.93 curveto
-49.62 6.93 -46.94 6.81 -45.47 7.14 curveto
-44.01 7.48 -40.74 9.49 -39.98 9.97 curveto
-39.21 10.45 -36.52 11.53 -35.47 11.77 curveto
-34.41 12.01 -31.17 12.52 -30.59 12.59 curveto
-30.02 12.66 -28.77 12.87 -28.58 12.83 curveto stroke
newpath -28.58 12.83 moveto
-28.36 12.66 -26.61 12.3 -25.65 12.13 curveto
-24.69 11.96 -21.81 12.08 -20.78 11.99 curveto
-19.75 11.89 -16.67 11.46 -16.03 11.56 curveto
-15.38 11.65 -13.87 11.85 -12.33 12.45 curveto
-10.79 13.05 -7.12 14.15 -6.45 14.35 curveto
-5.78 14.54 -0.21 15.79 0.46 15.98 curveto
1.13 16.17 8.62 18.65 9.55 18.84 curveto
10.49 19.03 17.78 20.8 18.62 21.14 curveto
19.46 21.47 26.95 23.7 27.6 24.04 curveto
28.25 24.37 31.68 25.74 32.96 25.65 curveto
34.23 25.55 36.63 25.36 38.26 25.05 curveto
39.89 24.74 43.68 23.93 44.31 23.88 curveto
44.93 23.84 47.88 23.89 48.29 23.67 curveto
48.7 23.45 49.63 22.59 50.09 21.77 curveto
50.55 20.96 51.44 19.23 51.44 19.23 curveto stroke
newpath 59.09 21.8 moveto
58.97 22.25 58.03 25.66 58.1 26.43 curveto
58.17 27.19 58.03 29.28 58.34 30 curveto
58.65 30.72 60.55 33.5 61.56 34 curveto
62.57 34.51 65.98 35.92 66.34 36.12 curveto
66.7 36.31 70.69 38.51 71.38 38.47 curveto
72.08 38.42 75.01 38.11 75.49 37.65 curveto
75.97 37.19 78.01 35.47 78.34 34.96 curveto
78.68 34.46 81.99 31.6 82.71 31.15 curveto
83.43 30.69 87.51 28.46 89.34 28.34 curveto
91.16 28.22 94.86 28.7 95.53 28.8 curveto
96.2 28.89 99.13 29.37 100.28 29.61 curveto
101.43 29.85 106.09 31.13 106.64 31.3 curveto
107.19 31.46 113 32.93 113.84 33.48 curveto
114.68 34.03 117.51 35.69 118.01 35.91 curveto
118.52 36.12 120.92 36.65 121.83 36.7 curveto
122.74 36.74 125.24 36.93 126.75 37.51 curveto
128.26 38.08 130.69 38.92 131.19 39.55 curveto
131.69 40.18 132.41 41.69 132.63 42.19 curveto
132.84 42.7 133.06 42.96 133.54 43.13 curveto stroke
newpath 133.39 45.41 moveto
132.63 45.17 130.85 45.29 130.42 45.29 curveto
129.99 45.29 126.77 45.19 126.43 45.05 curveto
126.1 44.91 124.49 44.4 123.84 43.97 curveto
123.2 43.54 120.17 42.12 119.64 41.83 curveto
119.12 41.54 115.16 40.49 114.37 40.22 curveto
113.57 39.96 108.61 38.4 107.93 38.33 curveto
107.26 38.25 102.94 38.18 102.65 38.18 curveto
102.37 38.18 98.94 38.97 97.88 39.48 curveto
96.82 39.98 95.38 39.93 94.98 40.53 curveto
94.57 41.13 94.16 41.59 94.59 42.43 curveto
95.02 43.27 98.19 46.07 98.74 46.22 curveto
99.29 46.36 100.09 47.15 100.4 47.25 curveto
100.71 47.35 100.97 47.61 101.19 47.47 curveto
101.41 47.32 101.67 47.13 101.67 47.13 curveto stroke
newpath 101.91 47.71 moveto
101.6 47.8 101 48.11 100.59 48.19 curveto
100.18 48.26 98.98 48.47 98.14 48.43 curveto
97.3 48.38 94.54 48.26 93.92 48.21 curveto
93.3 48.16 91.5 48.26 90.8 48.26 curveto
90.11 48.26 89.36 48.04 88.79 48.09 curveto
88.21 48.14 85.4 48.26 85.26 48.33 curveto
85.11 48.4 82.62 48.64 82.5 48.52 curveto
82.38 48.4 81.97 48.47 81.3 48.35 curveto
80.63 48.23 80.29 48.47 79.28 49.03 curveto
78.28 49.58 76.14 51.28 75.03 51.21 curveto
73.93 51.14 69.47 51.19 68.79 51.24 curveto
68.12 51.29 66.18 51.12 65.82 51.05 curveto
65.46 50.98 65.05 51.6 64.09 51.38 curveto
63.13 51.17 59.24 50.59 58.64 50.57 curveto
58.04 50.55 52.49 49.44 51.7 49.35 curveto
50.9 49.25 48.4 49.11 48.4 49.11 curveto stroke
newpath 48.4 49.11 moveto
47.95 49.01 45.76 48.65 44.65 48.51 curveto
43.55 48.36 38.56 47.18 37.67 46.92 curveto
36.78 46.65 30.73 44.75 29.94 44.27 curveto
29.15 43.79 25.15 41.74 24.76 41.6 curveto
24.38 41.45 20.18 40.35 19.32 40.06 curveto
18.45 39.78 14.95 38.46 14.11 37.95 curveto
13.27 37.45 4.73 32.54 3.8 31.96 curveto
2.86 31.39 -2.64 28 -5.09 27.52 curveto
-7.53 27.04 -9.72 25.86 -11.21 25.02 curveto
-12.69 24.18 -14.18 23.39 -15.29 22.96 curveto
-16.39 22.53 -19.24 21.28 -19.92 20.89 curveto stroke
showpage
%%EOF
