%!PS
%%BoundingBox: -109 -61 41 33 
%%HiResBoundingBox: -108.30501 -60.765 40.43512 32.47859 
%%Creator: MetaPost 1.209
%%CreationDate: 2019.09.26:1811
%%Pages: 1
%%BeginProlog
%%EndProlog
%%Page: 1 1
gsave newpath -43.39 -22.22 moveto
-43.39 -22.22 -34.56 -19.57 -30.51 -19.71 curveto
-26.46 -19.86 -17.41 -19.21 -12.08 -21.06 curveto
-6.75 -22.92 -4.04 -22.44 -2.16 -19.56 curveto
-0.27 -16.68 30.32 11.84 32.83 15.26 curveto
35.33 18.69 43.45 25.26 39.25 29.51 curveto
35.05 33.76 30.12 36.22 26.11 31.68 curveto
22.1 27.14 23.86 19.54 11.53 15.27 curveto
-0.81 11.01 -29 -3.96 -33.98 -8.49 curveto
-39.4 -13.42 -43.39 -22.22 -43.39 -22.22 curveto
 closepath clip
 0 0 0 setrgbcolor 0 0.35 dtransform truncate idtransform setlinewidth pop
 [] 0 setdash 1 setlinecap 1 setlinejoin 10 setmiterlimit
newpath -47.19678 -10.32341 moveto
-46.90654 -8.96053 -45.3747 -9.20511 -45.1392 -10.24751 curveto
-45.32281 -11.18053 -43.4599 -11.41722 -43.5196 -10.0552 curveto stroke
newpath -47.7931 -5.96097 moveto
-47.96454 -4.49739 -46.20424 -4.88301 -45.94687 -6.0098 curveto
-46.28087 -7.1376 -44.2525 -7.04408 -44.53574 -5.83405 curveto stroke
newpath -48.25273 4.32343 moveto
-48.00607 5.46117 -46.49814 5.2516 -46.16838 4.34671 curveto
-46.38383 3.22623 -44.84131 2.82233 -44.83424 4.08244 curveto stroke
newpath -47.6068 17.6662 moveto
-47.7541 18.85411 -46.09996 18.67755 -46.00977 17.55397 curveto
-46.11522 16.63101 -44.20695 16.55257 -44.34628 17.68855 curveto stroke
newpath -49.30602 25.36723 moveto
-49.43533 26.3889 -47.24974 26.42415 -47.46654 25.55347 curveto
-47.26285 24.08548 -45.60036 24.1198 -45.64801 25.61166 curveto stroke
newpath -40.01587 -28.78192 moveto
-39.97789 -27.2883 -38.33316 -27.48878 -38.21696 -28.87144 curveto
-38.23204 -29.846 -36.4764 -29.87746 -36.47925 -28.78262 curveto stroke
newpath -33.30446 -9.36464 moveto
-33.33878 -8.36938 -31.66748 -8.20851 -31.3192 -9.28433 curveto
-31.59006 -10.44804 -29.84607 -10.86946 -29.73218 -9.50368 curveto stroke
newpath -38.7241 0.95528 moveto
-38.75868 2.378 -37.21538 2.31294 -37.07245 1.05974 curveto
-37.16293 -0.2073 -35.31587 -0.02882 -35.61037 1.12595 curveto stroke
newpath -34.79224 8.23529 moveto
-34.76498 9.26086 -32.83876 9.15193 -32.93985 8.1215 curveto
-32.74603 6.97156 -31.03987 7.04285 -30.86388 8.28265 curveto stroke
newpath -37.71515 13.82683 moveto
-37.57861 15.17421 -35.9064 14.81459 -35.96048 13.75613 curveto
-35.96156 12.8933 -34.09766 12.5706 -34.2727 13.91182 curveto stroke
newpath -35.32263 24.39302 moveto
-35.215 25.65823 -33.74199 25.52768 -33.45746 24.22002 curveto
-33.80534 23.10786 -31.75668 23.39095 -31.75072 24.10275 curveto stroke
newpath -30.06111 -22.27753 moveto
-29.87978 -20.86687 -28.26051 -21.15979 -28.23969 -22.31322 curveto
-28.35564 -23.28122 -26.66805 -23.26587 -26.65858 -22.29114 curveto stroke
newpath -25.06961 -14.13995 moveto
-25.1122 -12.9964 -22.96658 -12.86526 -23.18141 -14.0552 curveto
-23.01488 -15.52512 -21.58005 -15.54938 -21.17152 -14.23259 curveto stroke
newpath -29.15419 -1.76479 moveto
-28.86536 -0.53539 -27.16861 -0.84464 -27.46703 -1.93929 curveto
-27.28984 -2.79195 -25.63168 -2.90384 -25.50027 -1.67719 curveto stroke
newpath -22.44086 5.7087 moveto
-22.41164 6.82181 -20.9631 6.61763 -20.69693 5.86047 curveto
-20.70496 4.69441 -19.09982 4.45663 -18.87202 5.53593 curveto stroke
newpath -30.82205 19.96457 moveto
-30.63165 20.96616 -28.67697 20.72403 -29.07166 19.7848 curveto
-28.80173 18.47699 -27.26453 18.5365 -26.95125 20.0188 curveto stroke
newpath -28.01454 25.38625 moveto
-28.05714 26.58287 -26.07722 26.49632 -26.26414 25.3463 curveto
-25.99997 24.12242 -24.47427 23.99147 -24.38745 25.36812 curveto stroke
newpath -19.11217 -22.9946 moveto
-19.11223 -21.7438 -17.35854 -21.9567 -17.0508 -23.2947 curveto
-17.02837 -24.33125 -15.26003 -24.41934 -15.33983 -22.85744 curveto stroke
newpath -11.44331 -12.30591 moveto
-11.62294 -11.06155 -9.80235 -11.10329 -10.06734 -12.29848 curveto
-9.62923 -13.3375 -7.99106 -13.2902 -7.93477 -12.1236 curveto stroke
newpath -16.70547 -0.29865 moveto
-16.77737 1.1213 -15.33426 0.69653 -15.21173 -0.18138 curveto
-14.95464 -1.56503 -13.30368 -1.63342 -13.2889 -0.09215 curveto stroke
newpath -16.31458 8.43501 moveto
-16.29327 9.53139 -14.4785 9.68333 -14.44675 8.3639 curveto
-14.55156 7.17807 -12.67789 7.33543 -12.55374 8.49866 curveto stroke
newpath -15.38933 17.0783 moveto
-15.727 18.07663 -13.61165 17.98175 -13.92406 16.64282 curveto
-14.00208 15.73323 -11.93767 15.89035 -12.25912 16.7754 curveto stroke
newpath -13.12589 30.30006 moveto
-13.16542 31.31308 -11.28581 31.62427 -11.2058 30.16115 curveto
-11.30664 29.30511 -9.30705 29.18253 -9.62407 30.48918 curveto stroke
newpath -7.7119 -10.09169 moveto
-7.80276 -8.7785 -5.869 -8.79596 -5.82513 -10.11665 curveto
-5.83772 -11.24657 -4.22044 -10.91455 -4.43784 -9.88239 curveto stroke
newpath -3.06949 -0.29326 moveto
-3.3938 0.644 -1.32114 0.84819 -1.3133 -0.41846 curveto
-1.3155 -1.55437 0.21606 -1.57672 0.02884 -0.17726 curveto stroke
newpath -1.41731 5.02235 moveto
-1.20891 6.4574 0.62526 6.4716 0.659 5.20723 curveto
0.66954 4.05547 2.08649 4.07152 2.46277 5.07782 curveto stroke
newpath -1.31258 22.00742 moveto
-1.1303 23.14427 0.64223 22.85765 0.36652 21.78139 curveto
0.68265 20.56982 2.4308 20.76837 2.01996 21.69907 curveto stroke
newpath -3.72394 25.91809 moveto
-3.70815 27.19403 -1.87086 27.28688 -1.99419 26.14548 curveto
-2.14235 24.97174 -0.28044 24.83086 -0.4754 26.12352 curveto stroke
newpath 4.23128 -23.94588 moveto
4.37964 -22.79399 6.05637 -22.51414 5.99164 -23.58673 curveto
6.17471 -25.06184 7.70848 -24.82016 8.04756 -23.6856 curveto stroke
newpath 6.11845 -12.4487 moveto
6.1094 -10.97882 7.63992 -10.94803 7.69574 -12.16498 curveto
7.63083 -13.24521 9.40152 -13.18811 9.46074 -12.03082 curveto stroke
newpath 7.52652 -0.4823 moveto
7.29572 0.9935 9.1875 0.5927 8.83621 -0.48163 curveto
9.06592 -1.75018 10.84103 -1.67712 10.90013 -0.53607 curveto stroke
newpath 9.29402 5.50871 moveto
9.24352 7.10747 11.11433 6.84114 11.22032 5.65681 curveto
10.99208 4.66832 12.70477 4.415 12.79367 5.89319 curveto stroke
newpath 9.1335 25.9859 moveto
9.0057 27.12177 10.60179 26.94992 10.88834 25.8146 curveto
10.55081 24.51154 12.45584 24.55504 12.66125 25.92627 curveto stroke
newpath 19.81058 -24.48872 moveto
19.54457 -23.23083 21.48203 -23.60095 21.53377 -24.67715 curveto
21.17201 -25.73087 23.1069 -25.64084 23.25143 -24.78456 curveto stroke
newpath 17.7438 -17.51619 moveto
17.89793 -16.25124 19.50836 -16.34042 19.553 -17.35356 curveto
19.61124 -18.40367 21.39885 -18.34767 21.33424 -17.34497 curveto stroke
newpath 18.56299 -1.91248 moveto
18.39021 -0.57425 20.34007 -0.70612 20.31345 -1.78864 curveto
20.21077 -3.112 21.68327 -2.98454 21.7198 -1.73392 curveto stroke
newpath 13.51541 11.47165 moveto
13.77336 12.81146 15.17033 12.37924 15.5297 11.21063 curveto
15.22646 10.4157 16.83853 10.08746 17.0646 11.28397 curveto stroke
newpath 18.02705 16.85753 moveto
18.27376 18.20947 19.81538 18.41206 19.98584 17.02852 curveto
20.01921 16.04677 21.55476 16.07904 21.64569 17.25899 curveto stroke
newpath 16.94249 31.2887 moveto
17.28775 32.75076 18.99168 32.51186 18.93616 31.34242 curveto
18.79955 30.19688 20.51804 30.47337 20.48557 31.49669 curveto stroke
newpath 26.70274 -24.58694 moveto
26.37813 -23.30722 28.44952 -23.06595 28.44308 -24.59248 curveto
28.41742 -25.62595 29.87816 -25.51929 30.22691 -24.45116 curveto stroke
newpath 28.87181 -15.38264 moveto
29.07487 -13.82594 30.7255 -14.17586 30.57878 -15.06296 curveto
30.78047 -16.1545 32.51588 -16.231 32.27844 -14.97804 curveto stroke
newpath 30.20068 -5.27946 moveto
30.19643 -4.10582 31.63213 -4.00333 31.96518 -5.12036 curveto
31.71909 -6.70313 33.34341 -6.7202 33.66737 -5.33788 curveto stroke
newpath 27.1936 3.65556 moveto
27.50066 4.65024 28.93503 5.02507 29.06992 3.78609 curveto
29.07727 2.58588 30.98436 2.53468 30.90355 3.89354 curveto stroke
newpath 26.2542 15.12042 moveto
26.2086 16.25812 27.8624 15.98694 27.76701 14.7833 curveto
27.69452 13.99095 29.41396 13.6638 29.58621 15.15318 curveto stroke
newpath 23.15112 25.33221 moveto
23.10709 26.4048 24.71252 26.67285 24.79434 25.38792 curveto
24.77704 24.10397 26.67929 24.01505 26.55965 25.5262 curveto stroke
newpath 37.46754 -27.90192 moveto
37.47134 -26.50957 39.29774 -26.7386 39.45563 -27.68857 curveto
39.48314 -29.00136 41.24557 -28.80695 41.3903 -28.02124 curveto stroke
newpath 39.1088 -16.47728 moveto
38.83607 -15.3387 40.64507 -15.00117 40.86327 -16.50023 curveto
40.49901 -17.44928 42.69481 -17.35098 42.36739 -16.32933 curveto stroke
newpath 35.14917 -0.43343 moveto
34.96472 0.68987 36.94481 0.73904 36.56508 -0.3818 curveto
36.90028 -1.42052 38.40517 -1.47325 38.53835 -0.15247 curveto stroke
newpath 38.83066 4.7019 moveto
38.82254 6.00018 40.41794 5.99292 40.2883 4.83517 curveto
40.67021 3.71313 42.29407 3.83568 42.04149 5.0374 curveto stroke
grestore
 0 0 0 setrgbcolor 0 0.35 dtransform truncate idtransform setlinewidth pop
 [] 0 setdash 1 setlinecap 1 setlinejoin 10 setmiterlimit
newpath 34.4 26.47 moveto
30.25996 22.69902 lineto stroke
newpath 4.9 -0.4 moveto
9.04002 3.37099 lineto stroke
newpath 4.9 -0.4 moveto
9.04002 3.37099 lineto stroke
newpath 34.4 26.47 moveto
30.25996 22.69902 lineto stroke
newpath 4.9 -0.4 moveto
-0.21544 -2.67868 lineto stroke
newpath -12.79 -8.28 moveto
-7.67456 -6.00131 lineto stroke
newpath -12.79 -8.28 moveto
-7.67456 -6.00131 lineto stroke
newpath 4.9 -0.4 moveto
-0.21544 -2.67868 lineto stroke
newpath -12.79 -8.28 moveto
-15.86217 -12.96204 lineto stroke
newpath -31.11 -36.2 moveto
-28.03783 -31.51796 lineto stroke
newpath -31.11 -36.2 moveto
-28.03783 -31.51796 lineto stroke
newpath -12.79 -8.28 moveto
-15.86217 -12.96204 lineto stroke
newpath -31.11 -36.2 moveto
-25.98209 -38.45049 lineto stroke
newpath -7.39 -46.61 moveto
-12.51791 -44.35951 lineto stroke
newpath -31.11 -36.2 moveto
-36.44872 -37.89061 lineto stroke
newpath -108.13 -60.59 moveto
-102.79129 -58.89938 lineto stroke
showpage
%%EOF
