%!PS
%%BoundingBox: -80 -218 109 216 
%%HiResBoundingBox: -79.84001 -217.5819 108.2138 215.53189 
%%Creator: MetaPost 1.209
%%CreationDate: 2019.09.26:1811
%%Pages: 1
%%BeginProlog
%%EndProlog
%%Page: 1 1
 0 0 0 setrgbcolor 0 0.7 dtransform truncate idtransform setlinewidth pop
 [] 0 setdash 1 setlinecap 1 setlinejoin 10 setmiterlimit
newpath 1.44 -22.82 moveto
1.04 -23.7 1.27 -25.46 1.4 -26.36 curveto
1.55 -27.39 1.95 -28.6 2.13 -29.62 curveto
2.47 -31.53 3.48 -32.84 4.62 -34.02 curveto stroke
newpath 2.95 -16.96 moveto
2.61 -17.65 2.24 -18.38 2.06 -19.15 curveto
1.77 -20.43 1.27 -21.54 1.44 -22.82 curveto stroke
newpath -13.09 -0.48 moveto
-12.99 -0.66 -12.97 -0.41 -13.09 -0.48 curveto
-14.94 -1.52 -16.82 -2.77 -18.16 -4.36 curveto
-18.56 -4.84 -19.68 -6.29 -19.96 -6.84 curveto
-20.96 -8.85 -21.13 -11.36 -21.66 -13.51 curveto
-22.1 -15.27 -21.71 -17.23 -21.29 -19.08 curveto
-20.73 -21.55 -18.28 -23.8 -16.04 -24.78 curveto
-15.12 -25.18 -12.04 -25.21 -11.27 -26 curveto
-8.5 -28.88 -7.09 -33.13 -6.97 -36 curveto stroke
newpath 3.31 12.92 moveto
2.85 11.95 2.55 10.82 2.02 9.9 curveto
1.65 9.25 1.12 8.71 0.66 8.11 curveto
0 7.24 -0.61 6.29 -1.24 5.39 curveto
-1.45 5.09 -1.65 4.77 -1.89 4.5 curveto
-2.19 4.17 -2.51 3.86 -2.86 3.58 curveto
-3.19 3.3 -3.57 3.07 -3.93 2.83 curveto
-4.29 2.59 -4.64 2.36 -5.02 2.15 curveto
-7.12 0.99 -10.91 0.39 -13.09 -0.48 curveto
-13.5 -0.65 -12.71 -0.28 -13.09 -0.48 curveto stroke
newpath 52.47 102.17 moveto
52.46 101.69 52.29 101.24 52.49 100.95 curveto
52.95 100.24 53.78 99.4 53.62 98.45 curveto
53.6 98.38 53.58 98.31 53.56 98.25 curveto
53.54 98.17 53.52 98.1 53.5 98.02 curveto
53.47 97.93 53.43 97.84 53.39 97.76 curveto
53.11 97.1 52.77 96.44 52.45 95.8 curveto
52.13 95.16 52.02 94.42 51.71 93.81 curveto
50.87 92.12 49.42 90.69 48.68 88.92 curveto
48.24 87.88 47.86 86.78 47.49 85.71 curveto
47.11 84.58 46.68 82.97 46.34 82.52 curveto stroke
newpath 49.44 108.31 moveto
49.41 108.19 49.36 108.07 49.36 107.95 curveto
49.37 107.83 49.43 107.72 49.46 107.61 curveto
49.49 107.47 49.52 107.34 49.57 107.2 curveto
49.61 107.08 49.65 106.95 49.71 106.83 curveto
50.05 106.1 50.2 105.22 50.61 104.53 curveto
51.05 103.8 51.76 103.24 52.24 102.55 curveto
52.33 102.43 52.41 102.3 52.47 102.17 curveto stroke
newpath 39.58 68.41 moveto
40.56 69.15 41.45 69.91 41.9 70.66 curveto
41.94 70.74 41.98 70.83 42.02 70.92 curveto
42.55 72.11 43.68 73.83 45.21 73.77 curveto
46.32 73.07 46.37 71.88 46.53 70.85 curveto
46.68 69.9 46.2 68.82 46.05 68.65 curveto stroke
newpath 62.77 64.02 moveto
63.12 64.53 63.68 64.95 64.05 65.5 curveto stroke
newpath 59.48 68.8 moveto
58.34 68.24 57.05 67.08 55.58 66.42 curveto
55.21 66.25 54.2 65.94 54.11 66.49 curveto
54.09 66.56 54.07 66.63 54.06 66.7 curveto
54.04 66.78 54.02 66.87 54 66.95 curveto
53.99 67.02 53.99 67.08 53.98 67.14 curveto
53.97 67.21 53.95 67.27 53.95 67.34 curveto
53.94 67.42 53.95 67.51 53.95 67.59 curveto
53.95 67.66 53.95 67.74 53.96 67.81 curveto
53.98 67.89 54 67.97 54.03 68.05 curveto
54.12 68.29 lineto
54.14 68.35 54.16 68.41 54.19 68.47 curveto
54.22 68.54 54.25 68.62 54.29 68.69 curveto
54.32 68.76 54.36 68.82 54.4 68.88 curveto
54.85 69.54 55.09 70.33 55.39 71.04 curveto
55.42 71.1 55.45 71.16 55.49 71.21 curveto
55.53 71.28 55.58 71.34 55.62 71.4 curveto
55.89 71.85 56.09 72.83 55.75 73.09 curveto stroke
newpath 98.08 194.23 moveto
98.28 194.3 98.19 194.32 98.11 194.31 curveto
96.8 194.21 94.77 193.55 93.73 192.78 curveto
92.81 192.1 92.07 190.85 91.37 189.96 curveto
90.87 189.34 90.79 188.43 90.52 187.93 curveto stroke
newpath 97.96 170.08 moveto
98.34 170.16 98.65 170.62 99.05 170.9 curveto
100.51 171.9 102.08 173.01 103.07 174.53 curveto
103.42 175.07 103.72 175.69 103.92 176.3 curveto
104.57 178.27 104.07 180.5 104.31 182.52 curveto
104.59 184.79 104.86 187.22 104.44 189.51 curveto
104.43 189.61 104.39 189.71 104.36 189.81 curveto
104.33 189.92 104.29 190.03 104.25 190.14 curveto
104.22 190.23 104.19 190.32 104.15 190.41 curveto
103.41 191.85 102.02 193.17 100.56 193.81 curveto
100.48 193.85 100.39 193.88 100.31 193.91 curveto
100.2 193.94 100.09 193.98 99.98 194 curveto
99.87 194.03 99.76 194.04 99.65 194.06 curveto
99.52 194.07 99.4 194.08 99.28 194.09 curveto
99.2 194.09 99.11 194.09 99.03 194.09 curveto
98.93 194.1 98.84 194.12 98.74 194.13 curveto
98.63 194.15 98.52 194.17 98.41 194.18 curveto
98.3 194.2 98.19 194.22 98.08 194.23 curveto stroke
newpath 90.77 173.8 moveto
92.08 172.11 92.77 171 93.65 170.42 curveto
93.89 170.27 94.16 170.18 94.38 170 curveto
94.75 169.7 95.12 169.18 95.65 169.16 curveto
96.42 169.11 97.32 169.72 97.96 170.08 curveto stroke
 0.7 0 dtransform exch truncate exch idtransform pop setlinewidth
newpath 51.24 146.83 moveto
51.18 147.29 51.12 147.94 51.19 148.3 curveto stroke
 0 0.7 dtransform truncate idtransform setlinewidth pop
newpath 54.11 151.36 moveto
53.36 150.36 52.18 149.68 51.41 148.68 curveto
51.34 148.56 51.23 148.44 51.19 148.3 curveto stroke
newpath 45.34 137.51 moveto
45.71 137.09 45.94 136.49 46.21 136.21 curveto stroke
newpath 47.68 145.78 moveto
47.16 144.97 46.94 143.59 46.26 142.92 curveto
45.47 142.15 44.27 141.46 43.94 140.29 curveto
43.73 139.52 44.12 138.62 44.61 138.06 curveto
44.7 137.96 44.79 137.86 44.89 137.78 curveto
45.03 137.68 45.18 137.59 45.34 137.51 curveto stroke
newpath 54.06 114.79 moveto
54.08 114.67 54.04 114.92 54.06 114.79 curveto
54.14 114.26 54.93 113.68 54.73 112.94 curveto
54.4 111.76 53.77 111.86 53.24 111.45 curveto stroke
newpath 53.96 129.13 moveto
54 128.94 54.8 125.09 52.93 122.54 curveto
50.82 119.65 53.81 115.14 54.06 114.79 curveto stroke
newpath 78.92 87.48 moveto
78.62 87.55 78.15 86.83 77.76 86.67 curveto stroke
newpath 89.62 94.27 moveto
89.39 94.18 89.15 94.1 88.92 94 curveto
88.64 93.89 88.35 93.79 88.07 93.66 curveto
87.83 93.55 87.61 93.4 87.38 93.28 curveto
85.83 92.46 84.3 91.49 82.87 90.49 curveto
81.53 89.55 80.37 88.26 78.92 87.48 curveto stroke
newpath 53.65 137.7 moveto
53.34 137.71 52.88 138.4 52.86 139.11 curveto stroke
newpath 53.65 137.7 moveto
54.42 137.47 55.22 138.4 55.97 138.25 curveto
56.47 138.14 56.67 137.21 57.29 137.17 curveto
57.96 137.12 58.76 137.77 59.51 137.49 curveto
59.88 137.35 60.38 137.05 60.73 136.85 curveto
60.85 136.78 60.98 136.71 61.06 136.6 curveto
61.43 136.1 61.63 135.31 61.92 134.75 curveto
62.09 134.41 62.25 134.02 62.23 133.63 curveto stroke
newpath 52.16 141.22 moveto
52.15 141.09 52.02 140.96 52.07 140.83 curveto
52.22 140.41 52.82 140.11 52.93 139.57 curveto
52.95 139.42 52.88 139.26 52.86 139.11 curveto stroke
newpath -1.23 15.61 moveto
-1.94 14.72 -2.86 13.99 -3.56 13.11 curveto
-3.72 12.91 -4.16 12.25 -3.91 12.09 curveto
-3.46 12.01 -2.77 12.65 -2.4 12.89 curveto
-1.97 13.16 -1.43 13.6 -0.99 13.52 curveto stroke
newpath -6.97 -36 moveto
-6.94 -36.07 -6.9 -36.14 -6.88 -36.22 curveto
-6.62 -37.26 -7.09 -38.37 -7.42 -39.33 curveto
-8.21 -41.62 -9.18 -43.91 -10.19 -45.59 curveto stroke
newpath -40.33 -130.06 moveto
-40.3 -130.09 -40.06 -129.89 -39.89 -129.68 curveto stroke
newpath -46.3 -134.29 moveto
-46.04 -134.24 -45.75 -134.17 -45.48 -134.11 curveto
-44.62 -133.9 -43.88 -133.29 -43.14 -132.84 curveto
-42.66 -132.55 -42.19 -132.22 -41.69 -131.97 curveto
-41 -131.62 -40.59 -130.76 -40.33 -130.06 curveto stroke
newpath -10.19 -45.59 moveto
-10.29 -45.95 -11.08 -46.88 -11.15 -47.25 curveto
-11.56 -49.21 -11.35 -50.65 -11.67 -52.62 curveto
-11.92 -54.16 -11.59 -55.79 -11.65 -57.35 curveto
-11.84 -61.88 -11.58 -66.73 -12.16 -70.96 curveto stroke
newpath 58.68 186.6 moveto
59.14 186.77 59.17 187.02 59.17 187.26 curveto
59.16 187.5 59.12 187.75 59.1 187.99 curveto
59.07 188.3 59.06 188.61 59.03 188.92 curveto
58.88 190.24 58.08 191.46 57.97 192.75 curveto
57.88 193.67 58.1 194.65 57.92 195.57 curveto
57.88 195.81 57.77 196.02 57.68 196.24 curveto
56.78 198.45 55.31 200.82 55.46 203.33 curveto
55.54 204.72 57.5 205.1 58.5 205.57 curveto
59.87 206.2 61.08 207.32 61.94 208.54 curveto
62.62 209.52 62.97 210.73 63.56 211.75 curveto
64.42 213.23 66.1 215.36 68.05 215.17 curveto
68.74 215.11 69.76 214.64 70.37 214.33 curveto
70.61 214.2 70.82 214.02 71.04 213.86 curveto
71.25 213.71 71.46 213.54 71.67 213.39 curveto
72.36 212.87 72.85 212.1 73.52 211.58 curveto
74.39 210.91 75.45 210.48 76.39 209.96 curveto
76.6 209.83 76.79 209.66 76.95 209.46 curveto
77.25 209.09 77.37 208.53 77.74 208.15 curveto
77.94 207.93 78.23 207.82 78.46 207.63 curveto
79.48 206.76 81.3 205.04 80.97 203.62 curveto
80.49 201.53 78.42 200.15 76.99 198.77 curveto
75.83 197.66 74.67 196.43 73.85 195.05 curveto
73.43 194.35 73.18 193.49 72.6 192.89 curveto
71.14 191.38 68.9 190.7 67.39 189.26 curveto
66.62 188.52 66.48 187.3 66.22 186.32 curveto
66.15 186.07 65.89 185.74 66.07 185.56 curveto
66.3 185.33 66.72 185.51 66.44 185.61 curveto stroke
newpath 49.55 170.38 moveto
50.8 171.51 51.7 172.69 52.74 173.58 curveto
53.54 174.26 54.82 174.94 55.23 175.99 curveto
55.32 176.23 55.3 176.5 55.31 176.76 curveto
55.4 178.13 55.57 179.56 56.02 180.87 curveto
56.44 182.13 57.72 182.94 58.26 184.09 curveto
58.6 184.84 58.61 185.8 58.68 186.6 curveto stroke
newpath 90.52 187.93 moveto
89.61 186.99 88.14 186.76 86.93 186.48 curveto
85.85 186.23 84.76 185.75 83.84 185.1 curveto
82.21 183.92 81.4 181.84 80.14 180.33 curveto
79.61 179.7 78.67 179.6 77.97 179.29 curveto
76.96 178.84 76.14 177.96 75.12 177.54 curveto
73.44 176.86 71.43 177.24 69.69 177.28 curveto
68.99 177.3 68.11 177.23 67.5 177.71 curveto
66.84 178.23 66.92 179.27 66.83 180 curveto
66.59 181.81 65.95 183.79 66.44 185.61 curveto stroke
newpath 86.58 175.28 moveto
88.35 175.18 89.8 174.78 90.77 173.8 curveto stroke
newpath 64.1 161.29 moveto
65.85 162.75 67.93 163.86 70.09 164.3 curveto
71.28 164.55 72.6 164.42 73.77 164.82 curveto
74 164.9 74.25 164.98 74.46 165.11 curveto
74.68 165.26 74.86 165.45 75.04 165.64 curveto
75.42 166.04 76.34 166.93 76.54 167.45 curveto
76.63 167.71 76.62 168 76.58 168.27 curveto
76.53 168.55 76.38 168.8 76.28 169.06 curveto
76.19 169.3 76.1 169.55 76 169.78 curveto
75.7 170.47 74.7 171.69 74.8 172.47 curveto
74.87 173.07 75.92 174.02 76.43 174.26 curveto
76.7 174.39 77 174.43 77.3 174.47 curveto
78.86 174.66 80.56 174.26 82.14 174.32 curveto
82.43 174.33 82.71 174.34 83 174.37 curveto
83.26 174.38 83.53 174.4 83.79 174.44 curveto
84.74 174.59 85.62 175.32 86.58 175.28 curveto stroke
newpath 64.1 161.29 moveto
63.99 161.14 63.9 160.96 63.82 160.79 curveto
63.27 159.61 62.88 158.22 61.99 157.18 curveto
61.83 157 61.65 156.82 61.49 156.64 curveto
61.27 156.38 61.11 156.07 60.83 155.86 curveto
60.67 155.74 60.43 155.75 61.56 156.54 curveto stroke
 0 0.35 dtransform truncate idtransform setlinewidth pop
newpath 49.18909 142.56566 moveto
49.69473 155.15549 lineto stroke
newpath 50.68626 144.95753 moveto
49.71315 144.64699 49.23125 143.61528 49.18909 142.56566 curveto stroke
newpath 47.88857 145.0699 moveto
48.83363 144.6823 49.23125 143.61528 49.18909 142.56566 curveto stroke
newpath 49.69473 155.15549 moveto
48.35207 156.61052 lineto stroke
newpath 49.63855 153.75664 moveto
48.29588 155.21167 lineto stroke
newpath 49.58237 152.3578 moveto
48.2397 153.81282 lineto stroke
newpath 54.42606 149.08624 moveto
53.56915 161.65704 lineto stroke
newpath 55.65616 151.62582 moveto
54.72227 151.21199 54.35461 150.13428 54.42606 149.08624 curveto stroke
newpath 52.8627 151.4354 moveto
53.8441 151.15211 54.35461 150.13428 54.42606 149.08624 curveto stroke
newpath 53.56915 161.65704 moveto
52.07721 162.95856 lineto stroke
newpath 53.66435 160.26031 moveto
52.17242 161.56183 lineto stroke
newpath 53.75957 158.86357 moveto
52.26762 160.1651 lineto stroke
 0 0.7 dtransform truncate idtransform setlinewidth pop
newpath 44.84 149.19 moveto
44.89 149.76 44.38 150.58 44.38 151.41 curveto
44.38 152.34 45.21 153.75 45.92 154.33 curveto
46.67 154.94 48.5 154.76 48.78 155.79 curveto
48.84 155.99 48.75 156.2 48.73 156.4 curveto
48.7 156.62 48.67 156.85 48.62 157.07 curveto
48.2 158.91 46.16 160.56 46.36 162.5 curveto
46.5 163.85 47.63 165.01 48.2 166.18 curveto
48.84 167.47 49.16 169 49.55 170.38 curveto stroke
newpath 54.11 151.36 moveto
56.61 152.77 59.35 154.42 61.56 156.54 curveto stroke
newpath 47.68 145.78 moveto
47.58 146 47.5 146.16 47.42 146.33 curveto
46.85 147.49 45.67 148.25 44.84 149.19 curveto stroke
newpath 99.52 99.94 moveto
100.07 99.31 101.08 98.42 105.22 99.2 curveto
107.82 99.69 97.78 100.7 102.62 104.76 curveto stroke
newpath 52.16 141.22 moveto
52.22 142.22 52.35 143.17 52.22 144.09 curveto
52.09 145.04 51.46 145.9 51.24 146.83 curveto stroke
newpath 50.01 144.09 moveto
49.33 142.91 48.75 141.59 48.42 140.25 curveto
48.59 140.22 48.75 140.14 48.92 140.14 curveto
49.08 140.14 49.25 140.19 49.4 140.25 curveto
49.54 140.31 49.69 140.38 49.81 140.48 curveto
49.91 140.57 49.98 140.7 50.07 140.81 curveto
50.15 140.93 50.22 141.05 50.31 141.16 curveto
50.79 141.79 51.75 142.9 51.38 143.81 curveto
51.17 144.35 50.3 144.37 49.89 144.2 curveto stroke
newpath 57.92 136.04 moveto
58.5 135.74 59.3 135.33 60.41 135.72 curveto stroke
newpath 57.92 136.04 moveto
57.36 134.29 56.79 132.48 56.13 130.75 curveto
57.38 131.88 58.71 133.02 59.84 134.29 curveto
60.16 134.65 60.49 135.04 60.77 135.43 curveto
60.85 135.55 61.11 135.72 61 135.81 curveto
60.85 135.93 60.61 135.75 60.41 135.72 curveto stroke
newpath 45.26 129.07 moveto
45.01 129.47 43.94 130.07 43.81 130.98 curveto
43.84 132.52 45.71 133.45 46.19 134.8 curveto
46.24 134.96 46.29 135.11 46.31 135.28 curveto
46.33 135.45 46.32 135.62 46.31 135.78 curveto
46.29 135.93 46.25 136.07 46.21 136.21 curveto stroke
newpath 53.96 129.13 moveto
54.05 129.02 53.95 129.15 53.86 129.28 curveto
53.23 130.11 51.94 130.54 50.92 130.38 curveto
50.77 130.36 50.62 130.33 50.47 130.28 curveto
48.98 129.81 47.26 128.43 45.69 128.93 curveto
45.55 128.98 45.4 129.03 45.26 129.07 curveto stroke
newpath 62.23 133.63 moveto
62.72 131.12 65.44 129.69 67.06 128.01 curveto
67.5 127.56 67.75 126.93 68.14 126.45 curveto
68.49 126.03 69.27 125.81 69.5 125.31 curveto
69.69 124.9 69.46 124.41 69.33 124.02 curveto
69.01 123.09 68.26 122.23 67.41 121.73 curveto
66.68 121.29 65.63 120.84 65.86 120.29 curveto stroke
newpath 55.9 109.52 moveto
56.92 110 57.18 110.77 57.65 111.33 curveto
57.74 111.44 57.84 111.54 57.94 111.63 curveto
58.76 112.4 59.72 113.1 60.49 113.95 curveto
61.11 114.62 61.55 115.46 62.16 116.12 curveto
62.73 116.75 63.58 117.14 64.14 117.79 curveto
64.68 118.43 64.99 119.28 65.55 119.93 curveto
65.65 120.05 65.75 120.17 65.86 120.29 curveto stroke
newpath 55.36 102.88 moveto
54.9 103.83 54.31 105.45 54.67 106.93 curveto
54.82 107.58 55.36 108.08 55.76 108.56 curveto
55.89 108.72 56.01 108.89 56.12 109.06 curveto
56.19 109.15 56.34 109.26 56.29 109.36 curveto
56.23 109.49 56.03 109.46 55.9 109.52 curveto stroke
newpath 49.44 108.31 moveto
49.69 108.42 49.76 108.62 49.82 108.82 curveto
49.87 108.98 49.87 109.15 49.95 109.29 curveto
50.01 109.38 50.12 109.43 50.21 109.51 curveto
50.3 109.58 50.39 109.66 50.49 109.73 curveto
50.59 109.8 50.7 109.87 50.82 109.92 curveto
51.67 110.35 52.44 110.96 53.24 111.45 curveto stroke
newpath 57.62 100.28 moveto
57.55 100.91 57.19 101.63 56.61 102.11 curveto
56.32 102.36 55.82 102.25 55.55 102.49 curveto
55.44 102.59 55.42 102.75 55.36 102.88 curveto stroke
newpath 59.23 95.87 moveto
58.95 95.68 59.93 96.97 59.79 98.05 curveto
59.7 98.72 58.48 98.39 58.11 98.77 curveto
57.86 99.03 57.69 99.93 57.62 100.28 curveto stroke
newpath 58.49 84.73 moveto
59.53 86.31 59.57 88.82 59.54 91.14 curveto
59.51 92.69 59.03 94.3 59.23 95.87 curveto stroke
newpath 46.34 82.52 moveto
44.98 80.93 43.73 79.11 42.11 77.76 curveto
39.83 75.83 36.95 74.41 34.95 72.16 curveto
33.8 70.87 33.3 69.08 32.79 67.49 curveto
32.51 66.63 31.7 65.36 31.83 64.41 curveto
31.86 64.14 32.11 63.93 32.26 63.69 curveto
33.34 63.79 34.56 63.88 35.51 64.46 curveto
36.79 65.26 37.47 66.87 38.69 67.78 curveto
38.98 67.99 39.27 68.21 39.58 68.41 curveto stroke
newpath 55.75 73.09 moveto
55.16 73.47 54.86 74.22 54.29 74.47 curveto
53.39 74.85 51.56 74.5 50.92 75.36 curveto
50.72 75.62 50.85 76.01 50.81 76.33 curveto
51.06 76.52 51.29 76.74 51.56 76.91 curveto
51.92 77.14 52.29 77.37 52.7 77.51 curveto
53 77.62 53.35 77.53 53.65 77.63 curveto
53.93 77.72 54.17 77.91 54.41 78.06 curveto
54.65 78.21 54.91 78.34 55.12 78.53 curveto
55.84 79.15 56.01 80.19 56.4 80.98 curveto
57.01 82.24 58 83.38 58.49 84.73 curveto stroke
newpath 102.62 104.76 moveto
104.8 105.67 105.47 107.28 106.49 108.7 curveto
106.59 108.84 106.71 108.95 106.83 109.07 curveto
106.95 109.19 107.11 109.27 107.21 109.41 curveto
107.35 109.59 107.42 109.82 107.54 110.01 curveto
107.64 110.17 107.93 110.3 107.85 110.47 curveto
107.77 110.65 107.47 110.55 107.27 110.6 curveto
106.79 110.45 105.94 110.41 105.54 110.05 curveto
104.97 109.52 104.97 108.28 104.05 108.21 curveto
103.53 108.18 101.29 109 100.79 109.08 curveto
100.61 109.1 99.59 108.99 99.46 107.8 curveto
99.8 107.36 99.6 107.05 99.92 106.63 curveto
100.04 106.47 99.98 106.07 100.18 106.08 curveto stroke
newpath 100.18 106.08 moveto
98.96 105.64 97.87 104.11 97.08 103.11 curveto
96.96 102.95 96.82 102.79 96.69 102.63 curveto
96.57 102.5 96.45 102.36 96.33 102.23 curveto
96.21 102.09 96.08 101.97 95.97 101.83 curveto
95.85 101.67 95.76 101.49 95.65 101.32 curveto
95.55 101.15 95.46 100.98 95.35 100.81 curveto
95.21 100.61 95.08 100.41 94.93 100.21 curveto
94.22 99.27 93.53 98.27 92.85 97.31 curveto
92.75 97.16 92.63 97.02 92.51 96.88 curveto
91.91 96.2 91.24 95.51 90.48 95.02 curveto
89.91 94.65 89.13 94.34 89.62 94.27 curveto stroke
newpath 90.64 89.4 moveto
90.76 89.46 91.65 90.16 92.49 90.84 curveto
93.07 91.31 93.67 91.83 94.06 92.46 curveto
94.21 92.7 94.33 92.96 94.49 93.19 curveto
94.68 93.48 94.92 93.73 95.45 94.68 curveto stroke
newpath 83.6 83.16 moveto
84.22 83.98 85.77 84.88 87.11 85.96 curveto
88.38 86.98 89.37 88.38 90.64 89.4 curveto stroke
newpath 99.52 99.94 moveto
98.21 99.63 98.44 99.75 97.9 99.41 curveto
97.1 98.92 97.68 98.88 97.18 97.68 curveto
97.11 97.52 97.02 96.59 96.93 96.43 curveto
96.18 95.12 96.26 95.89 95.45 94.68 curveto stroke
newpath 64.05 65.5 moveto
64.27 65.7 64.48 65.9 64.71 66.1 curveto
66 67.23 67.02 68.71 68.26 69.87 curveto
70.05 71.53 72.18 72.92 73.93 74.62 curveto
74.59 75.26 75.24 75.98 75.84 76.69 curveto
76.46 77.41 76.9 78.33 77.62 78.96 curveto
79.43 80.52 81.65 81.79 83.6 83.16 curveto stroke
newpath 59.48 68.8 moveto
63.08 70.43 65.17 74.33 67.48 77.28 curveto
68.82 79 70.94 80.01 72.43 81.51 curveto
72.64 81.72 72.8 81.97 72.99 82.19 curveto
73.98 83.27 75.2 84.2 76.12 85.34 curveto
76.31 85.58 76.5 85.83 76.74 86.02 curveto
77.05 86.27 77.42 86.45 77.76 86.67 curveto stroke
newpath 65.61 59.88 moveto
64.83 59.36 63.88 59.04 63.13 58.49 curveto
62.6 58.1 62.16 57.51 61.54 57.22 curveto
61.25 57.08 60.92 57.07 60.62 56.98 curveto
60.31 56.89 60.02 56.76 59.72 56.66 curveto
59.38 56.56 59.04 56.47 58.69 56.38 curveto
58.41 56.31 58.12 56.24 57.84 56.17 curveto
58.26 58.01 59.81 59.44 60.81 61 curveto
61.44 61.99 61.91 63.18 62.77 64.02 curveto stroke
newpath 46.05 68.65 moveto
44.97 65.93 44.81 62.83 43.88 60.06 curveto
43.48 58.86 42.59 57.83 42.13 56.67 curveto
41.64 55.43 40.67 54.39 39.98 53.27 curveto
38.91 51.56 38.25 49.4 36.71 47.99 curveto
35.21 46.62 32.57 46.52 30.68 46.02 curveto
28.12 45.34 27.43 45.68 25.84 44.81 curveto
25.58 44.67 23.69 43.54 23.45 43.36 curveto
23.19 43.18 22.09 41.62 21.83 41.45 curveto stroke
newpath 45.39 34.56 moveto
46.3 36.54 47.82 38.69 49.74 40.17 curveto
49.97 40.34 50.19 40.51 50.43 40.66 curveto
54.2 43.01 58.24 45.27 61.67 48.13 curveto
64.18 50.22 66.23 52.94 68.18 55.54 curveto
68.58 56.08 69.04 56.63 69.52 57.15 curveto stroke
newpath 45.39 34.56 moveto
44.07 32.62 42.47 30.74 40.65 29.24 curveto
38.97 27.86 36.87 26.74 35.42 25.12 curveto
34.27 23.84 33.59 21.73 32.65 20.71 curveto
31.91 19.91 30.39 17.9 31.12 18.18 curveto stroke
newpath 9.11 25.9 moveto
11.68 27.6 14.17 30.6 16.03 33.52 curveto
16.45 34.19 16.82 34.9 17.47 35.74 curveto stroke
newpath 21.83 41.45 moveto
20.14 39.79 18.53 37.86 17.47 35.74 curveto stroke
newpath -0.99 13.52 moveto
0.12 14.2 1.29 14.87 2.5 15.35 curveto
2.66 15.05 2.9 14.78 2.97 14.44 curveto
3.14 13.74 3.02 13 3.31 12.92 curveto stroke
newpath 9.11 25.9 moveto
8.38 24.57 6.89 23.96 6.07 22.7 curveto
5.33 21.54 4.85 20.13 3.9 19.11 curveto
3.69 18.89 3.46 18.68 3.21 18.49 curveto
1.84 17.42 0.17 16.67 -1.23 15.61 curveto stroke
newpath 24.93 9.1 moveto
25.64 9.69 26.2 10.94 26.97 12.01 curveto
28.53 14.2 31.13 18.11 31.12 18.18 curveto stroke
newpath 20.36 1.97 moveto
20.05 1.55 20.96 2.92 21.09 3.56 curveto
21.28 4.53 21.66 5.02 22.21 5.82 curveto
22.78 6.67 23.66 7.31 24.26 8.12 curveto
24.5 8.44 24.7 8.77 24.93 9.1 curveto stroke
newpath 2.95 -16.96 moveto
5.05 -14.58 6.67 -11.02 9.39 -8.49 curveto
10.93 -7.06 13.96 -6.73 15.38 -5.2 curveto
16.45 -4.05 17.77 -3.09 18.75 -1.84 curveto
19.8 -0.51 19.81 0.39 20.36 1.97 curveto stroke
newpath 10.79 -57.52 moveto
10.15 -58.35 11.14 -56.02 12.42 -54.32 curveto
13.08 -53.45 14.18 -52.93 14.81 -52.05 curveto
15.41 -51.21 15.7 -51.09 15.86 -50.12 curveto
15.91 -49.81 15.79 -48.49 15.78 -48.17 curveto
15.76 -47.84 15.68 -47.49 15.51 -47.19 curveto
14.37 -45.24 11.51 -44.66 10.08 -42.94 curveto
9.42 -42.16 8.68 -41.35 8.03 -40.5 curveto
7.58 -39.9 7.53 -39.02 7.04 -38.41 curveto
6.28 -37.47 4.77 -34.34 4.62 -34.02 curveto stroke
newpath -1.63 -88.62 moveto
-1.36 -88.38 -1.1 -88.11 -0.88 -87.81 curveto
-0.66 -87.51 -0.48 -87.17 -0.3 -86.83 curveto
-0.03 -86.33 0.21 -85.81 0.45 -85.29 curveto
0.61 -84.93 0.77 -84.57 0.89 -84.2 curveto
1.5 -82.41 2.34 -80.64 2.81 -78.82 curveto
2.93 -78.33 2.99 -77.82 3.16 -77.34 curveto
3.7 -75.73 4.73 -74.07 5.52 -72.57 curveto
6.13 -71.42 6.73 -70.21 7.33 -69.04 curveto
7.49 -68.72 7.65 -68.4 7.8 -68.07 curveto
7.99 -67.68 8.16 -67.29 8.35 -66.9 curveto
8.52 -66.57 8.71 -66.25 8.87 -65.91 curveto
9.07 -65.5 9.27 -65.08 9.45 -64.66 curveto
10.38 -62.43 10.55 -59.89 10.79 -57.52 curveto stroke
newpath -12.16 -70.96 moveto
-13.22 -73.56 -15.11 -75.83 -16.65 -78.15 curveto
-17.57 -79.54 -19.69 -80.1 -20.69 -81.45 curveto
-21.8 -82.95 -21.76 -84.96 -21.93 -84.52 curveto stroke
newpath -22 -84.82 moveto
-22.23 -86.79 -23.24 -88.54 -24.69 -89.98 curveto
-26.49 -91.77 -29.55 -93.9 -30.48 -94.63 curveto stroke
newpath -20.97 -103 moveto
-17.47 -99.92 -13.02 -98.34 -9.59 -95.91 curveto
-9.34 -95.73 -9.09 -95.55 -8.85 -95.36 curveto
-5.58 -92.8 -4.53 -91.58 -1.63 -88.62 curveto stroke
newpath -30.48 -94.63 moveto
-33.63 -96.57 -34.56 -98.03 -36.78 -99.79 curveto
-39.51 -101.96 -42.11 -103.24 -45.13 -106.85 curveto stroke
newpath -33.75 -115.76 moveto
-32.73 -114.76 -32.97 -114.69 -32.21 -113.94 curveto
-31.97 -113.71 -30.99 -112.45 -30.77 -112.22 curveto
-30.52 -111.96 -29.79 -110.8 -29.55 -110.52 curveto
-28.45 -109.23 -27.87 -108.83 -26.71 -107.61 curveto
-26.48 -107.37 -26.17 -107.22 -25.9 -107.02 curveto
-24.22 -105.76 -22.56 -104.37 -20.97 -103 curveto stroke
newpath -45.73 -107.43 moveto
-45.53 -107.24 -44.91 -106.69 -45.13 -106.85 curveto
-45.5 -107.13 -46.37 -108.03 -46.67 -108.34 curveto
-47.37 -108.87 -48.31 -109.41 -49.24 -109.32 curveto
-49.82 -109.26 -50.37 -109.21 -50.87 -109.05 curveto
-51.54 -108.83 -52.17 -108.49 -52.84 -108.3 curveto
-53.13 -108.21 -53.41 -108.09 -53.69 -108 curveto
-53.98 -107.91 -54.27 -107.83 -54.56 -107.75 curveto
-54.84 -107.68 -55.12 -107.62 -55.39 -107.54 curveto
-55.65 -107.46 -55.91 -107.38 -56.16 -107.3 curveto
-56.47 -107.19 -56.78 -107.09 -57.08 -106.97 curveto
-57.65 -106.76 -58.19 -106.42 -58.66 -106.03 curveto stroke
newpath -39.74 -129.46 moveto
-38.31 -127.2 -38.27 -124.29 -37.65 -121.78 curveto
-37.58 -121.5 -37.44 -121.24 -37.32 -120.98 curveto
-36.74 -119.79 -35.93 -118.69 -35.27 -117.55 curveto
-35.05 -117.17 -34.02 -115.98 -33.75 -115.76 curveto stroke
newpath -50.97 -135.81 moveto
-49.69 -135.63 -48.06 -134.65 -46.3 -134.29 curveto stroke
newpath -78.22 -135.3 moveto
-77.24 -135.41 -74.82 -133.91 -74.06 -133.33 curveto
-73.16 -132.64 -72.51 -132.1 -71.66 -131.34 curveto
-71.51 -131.2 -69.56 -129.54 -69.43 -129.37 curveto
-68.44 -128.09 -67.57 -127.54 -67.24 -126.36 curveto
-67.16 -126.07 -67.32 -123.83 -68.88 -122.6 curveto stroke
newpath -50.97 -135.81 moveto
-52.78 -137.76 -55.14 -139.3 -57.21 -140.97 curveto
-58.36 -141.9 -59.85 -142.58 -61 -143.51 curveto
-62.16 -144.44 -63.46 -145.33 -64.34 -146.55 curveto
-64.76 -147.13 -65.4 -148.42 -65.64 -149.05 curveto
-66.14 -150.42 -66.12 -151.77 -66.09 -153.31 curveto
-66.08 -153.55 -65.88 -154.39 -65.8 -154.56 curveto
-65.41 -155.32 -64.23 -155.47 -63.57 -155.81 curveto
-62.61 -156.3 -60 -155.79 -59 -156.24 curveto
-57.97 -156.71 -57.75 -158.15 -57.58 -159.18 curveto
-57.42 -160.16 -57.24 -161.17 -57.14 -160.72 curveto stroke
newpath -49.68 -180.05 moveto
-48.73 -179.15 -49.82 -178.51 -49.93 -178.1 curveto
-50.09 -177.51 -50.48 -176.98 -50.83 -176.48 curveto
-51.46 -175.55 -52.12 -174.2 -52.38 -173.08 curveto
-52.73 -171.57 -52 -169.99 -51.95 -168.53 curveto
-51.91 -167.44 -52.8 -166.28 -53.1 -165.25 curveto
-53.58 -163.62 -53.71 -161.84 -55.39 -159.91 curveto stroke
newpath -55.39 -159.91 moveto
-56.19 -161.03 -56.28 -162.65 -57.21 -163.64 curveto
-57.4 -163.68 -57.64 -163.89 -57.79 -163.76 curveto
-57.93 -163.64 -57.78 -163.38 -57.75 -163.19 curveto
-57.72 -162.94 -57.66 -162.7 -57.61 -162.45 curveto
-57.48 -161.88 -57.12 -161.32 -57.14 -160.72 curveto stroke
newpath -75.97 -157.86 moveto
-75.9 -158.07 -75.72 -158.78 -75.65 -158.99 curveto
-75.16 -160.49 -74.74 -161.49 -73.86 -162.75 curveto
-72.94 -164.08 -72.33 -165.69 -71.24 -166.91 curveto
-71.1 -167.07 -70.95 -167.21 -70.82 -167.37 curveto
-70.66 -167.55 -70.5 -167.74 -70.35 -167.93 curveto
-70.2 -168.11 -70.06 -168.3 -69.9 -168.48 curveto
-69.45 -169.02 -68.9 -169.53 -68.38 -170.05 curveto
-67.72 -170.72 -66.76 -171.25 -66.32 -172.16 curveto
-66.23 -172.35 -66.18 -172.56 -66.07 -172.75 curveto
-65.76 -173.26 -65.19 -173.63 -64.93 -174.19 curveto
-64.7 -174.7 -64.84 -175.41 -64.63 -175.15 curveto stroke
newpath -54.4 -187.07 moveto
-54.45 -186.74 -54.95 -186.22 -54.88 -185.63 curveto
-54.74 -184.37 -53.44 -183.31 -52.68 -182.64 curveto stroke
newpath -64.63 -175.15 moveto
-64.95 -177 -65.07 -179.36 -66.12 -181.3 curveto stroke
newpath -36.46 -186.85 moveto
-41.29 -188.59 -43.76 -187.59 -43.78 -187.37 curveto
-43.81 -187.14 -44.92 -186.93 -45.13 -186.85 curveto
-45.34 -186.76 -46.74 -186.67 -46.96 -186.65 curveto
-47.66 -186.58 -49.88 -187.62 -50.05 -187.66 curveto
-51.04 -187.85 -51.09 -188.24 -52.1 -188.36 curveto
-52.36 -188.39 -52.62 -188.42 -52.88 -188.41 curveto
-53.11 -188.4 -53.5 -188.09 -53.64 -187.99 curveto
-53.78 -187.88 -54.4 -187.27 -54.4 -187.07 curveto stroke
newpath -52.68 -182.64 moveto
-51.84 -181.64 -50.41 -181.14 -49.68 -180.05 curveto stroke
newpath -66.12 -181.3 moveto
-66.75 -182.23 -67.29 -183.47 -68.11 -184.25 curveto
-68.27 -184.4 -67.94 -184.11 -68.11 -184.25 curveto
-69.38 -185.22 -71.26 -188.36 -71.26 -188.36 curveto
-70.74 -187.73 -72.72 -194.06 -73.15 -194.75 curveto
-77.69 -202.12 -76.8 -199.75 -79.49 -201.41 curveto stroke
newpath -50.47 -202.92 moveto
-39.27 -198.31 -45.35 -198.01 -36.57 -199.09 curveto stroke
newpath -73.72 -217.1 moveto
-69 -218.12 -69.47 -212.95 -63.85 -210.99 curveto
-61.1 -210.03 -59.76 -209.03 -57.31 -207.28 curveto
-55.26 -206.16 -52.52 -204.04 -50.47 -202.92 curveto stroke
 0 0.24501 dtransform truncate idtransform setlinewidth pop
newpath 63.47002 192.69 moveto
66.26997 192.69 lineto stroke
 0.24501 0 dtransform exch truncate exch idtransform pop setlinewidth
newpath 64.87 191.29002 moveto
64.87 194.08998 lineto stroke
 0.00002 0.00018 0.00099 setrgbcolor
newpath 65.43001 192.69 moveto
65.43001 192.83853 65.371 192.98096 65.26598 193.08598 curveto
65.16095 193.19101 65.01852 193.25002 64.87 193.25002 curveto
64.72147 193.25002 64.57904 193.19101 64.47401 193.08598 curveto
64.36899 192.98096 64.30998 192.83853 64.30998 192.69 curveto
64.30998 192.54147 64.36899 192.39905 64.47401 192.29402 curveto
64.57904 192.189 64.72147 192.12999 64.87 192.12999 curveto
65.01852 192.12999 65.16095 192.189 65.26598 192.29402 curveto
65.371 192.39905 65.43001 192.54147 65.43001 192.69 curveto closepath fill
 0 0 0 setrgbcolor 0 0.35 dtransform truncate idtransform setlinewidth pop
newpath 64.87 192.69 moveto 0 0 rlineto stroke
 0 0.24501 dtransform truncate idtransform setlinewidth pop
newpath 58.95003 180.93 moveto
61.74998 180.93 lineto stroke
 0.24501 0 dtransform exch truncate exch idtransform pop setlinewidth
newpath 60.35 179.53001 moveto
60.35 182.32997 lineto stroke
 0.00002 0.00018 0.00099 setrgbcolor
newpath 60.91002 180.93 moveto
60.91002 181.07852 60.85101 181.22095 60.74599 181.32597 curveto
60.64096 181.431 60.49854 181.49 60.35 181.49 curveto
60.20148 181.49 60.05905 181.431 59.95403 181.32597 curveto
59.849 181.22095 59.79 181.07852 59.79 180.93 curveto
59.79 180.78146 59.849 180.63904 59.95403 180.53401 curveto
60.05905 180.42899 60.20148 180.36998 60.35 180.36998 curveto
60.49854 180.36998 60.64096 180.42899 60.74599 180.53401 curveto
60.85101 180.63904 60.91002 180.78146 60.91002 180.93 curveto closepath fill
 0 0 0 setrgbcolor 0 0.35 dtransform truncate idtransform setlinewidth pop
newpath 60.35 180.93 moveto 0 0 rlineto stroke
 0 0.24501 dtransform truncate idtransform setlinewidth pop
newpath 57.76003 175.4 moveto
60.55998 175.4 lineto stroke
 0.24501 0 dtransform exch truncate exch idtransform pop setlinewidth
newpath 59.16 174.00002 moveto
59.16 176.79997 lineto stroke
 0.00002 0.00018 0.00099 setrgbcolor
newpath 59.72002 175.4 moveto
59.72002 175.54852 59.66101 175.69095 59.55598 175.79597 curveto
59.45096 175.901 59.30853 175.96 59.16 175.96 curveto
59.01147 175.96 58.86905 175.901 58.76402 175.79597 curveto
58.659 175.69095 58.59999 175.54852 58.59999 175.4 curveto
58.59999 175.25146 58.659 175.10904 58.76402 175.00401 curveto
58.86905 174.89899 59.01147 174.83998 59.16 174.83998 curveto
59.30853 174.83998 59.45096 174.89899 59.55598 175.00401 curveto
59.66101 175.10904 59.72002 175.25146 59.72002 175.4 curveto closepath fill
 0 0 0 setrgbcolor 0 0.35 dtransform truncate idtransform setlinewidth pop
newpath 59.16 175.4 moveto 0 0 rlineto stroke
 0 0.24501 dtransform truncate idtransform setlinewidth pop
newpath 91.43002 181.93 moveto
94.22998 181.93 lineto stroke
 0.24501 0 dtransform exch truncate exch idtransform pop setlinewidth
newpath 92.83 180.53001 moveto
92.83 183.32997 lineto stroke
 0.00002 0.00018 0.00099 setrgbcolor
newpath 93.39001 181.93 moveto
93.39001 182.07852 93.33101 182.22095 93.22598 182.32597 curveto
93.12096 182.431 92.97853 182.49 92.83 182.49 curveto
92.68147 182.49 92.53905 182.431 92.43402 182.32597 curveto
92.329 182.22095 92.26999 182.07852 92.26999 181.93 curveto
92.26999 181.78146 92.329 181.63904 92.43402 181.53401 curveto
92.53905 181.42899 92.68147 181.36998 92.83 181.36998 curveto
92.97853 181.36998 93.12096 181.42899 93.22598 181.53401 curveto
93.33101 181.63904 93.39001 181.78146 93.39001 181.93 curveto closepath fill
 0 0 0 setrgbcolor 0 0.35 dtransform truncate idtransform setlinewidth pop
newpath 92.83 181.93 moveto 0 0 rlineto stroke
 0 0.24501 dtransform truncate idtransform setlinewidth pop
newpath 68.28001 172.74 moveto
71.07997 172.74 lineto stroke
 0.24501 0 dtransform exch truncate exch idtransform pop setlinewidth
newpath 69.68 171.34003 moveto
69.68 174.13998 lineto stroke
 0.00002 0.00018 0.00099 setrgbcolor
newpath 70.24 172.74 moveto
70.24 172.88853 70.181 173.03096 70.07597 173.13599 curveto
69.97095 173.24101 69.82852 173.30002 69.68 173.30002 curveto
69.53146 173.30002 69.38904 173.24101 69.28401 173.13599 curveto
69.17899 173.03096 69.11998 172.88853 69.11998 172.74 curveto
69.11998 172.59148 69.17899 172.44905 69.28401 172.34402 curveto
69.38904 172.239 69.53146 172.18 69.68 172.18 curveto
69.82852 172.18 69.97095 172.239 70.07597 172.34402 curveto
70.181 172.44905 70.24 172.59148 70.24 172.74 curveto closepath fill
 0 0 0 setrgbcolor 0 0.35 dtransform truncate idtransform setlinewidth pop
newpath 69.68 172.74 moveto 0 0 rlineto stroke
 0 0.24501 dtransform truncate idtransform setlinewidth pop
newpath 55.41002 154.83 moveto
58.20998 154.83 lineto stroke
 0.24501 0 dtransform exch truncate exch idtransform pop setlinewidth
newpath 56.81 153.43002 moveto
56.81 156.22998 lineto stroke
 0.00002 0.00018 0.00099 setrgbcolor
newpath 57.37001 154.83 moveto
57.37001 154.97853 57.311 155.12096 57.20598 155.22598 curveto
57.10095 155.33101 56.95853 155.39001 56.81 155.39001 curveto
56.66147 155.39001 56.51904 155.33101 56.41402 155.22598 curveto
56.30899 155.12096 56.24998 154.97853 56.24998 154.83 curveto
56.24998 154.68147 56.30899 154.53905 56.41402 154.43402 curveto
56.51904 154.329 56.66147 154.26999 56.81 154.26999 curveto
56.95853 154.26999 57.10095 154.329 57.20598 154.43402 curveto
57.311 154.53905 57.37001 154.68147 57.37001 154.83 curveto closepath fill
 0 0 0 setrgbcolor 0 0.35 dtransform truncate idtransform setlinewidth pop
newpath 56.81 154.83 moveto 0 0 rlineto stroke
 0 0.24501 dtransform truncate idtransform setlinewidth pop
newpath 45.33002 148.91 moveto
48.12997 148.91 lineto stroke
 0.24501 0 dtransform exch truncate exch idtransform pop setlinewidth
newpath 46.73 147.51003 moveto
46.73 150.30998 lineto stroke
 0.00002 0.00018 0.00099 setrgbcolor
newpath 47.29001 148.91 moveto
47.29001 149.05853 47.231 149.20096 47.12598 149.30598 curveto
47.02095 149.41101 46.87852 149.47002 46.73 149.47002 curveto
46.58147 149.47002 46.43904 149.41101 46.33401 149.30598 curveto
46.22899 149.20096 46.16998 149.05853 46.16998 148.91 curveto
46.16998 148.76147 46.22899 148.61905 46.33401 148.51402 curveto
46.43904 148.409 46.58147 148.34999 46.73 148.34999 curveto
46.87852 148.34999 47.02095 148.409 47.12598 148.51402 curveto
47.231 148.61905 47.29001 148.76147 47.29001 148.91 curveto closepath fill
 0 0 0 setrgbcolor 0 0.35 dtransform truncate idtransform setlinewidth pop
newpath 46.73 148.91 moveto 0 0 rlineto stroke
 0 0.24501 dtransform truncate idtransform setlinewidth pop
newpath 47.74002 146 moveto
50.53998 146 lineto stroke
 0.24501 0 dtransform exch truncate exch idtransform pop setlinewidth
newpath 49.14 144.60002 moveto
49.14 147.39998 lineto stroke
 0.00002 0.00018 0.00099 setrgbcolor
newpath 49.70001 146 moveto
49.70001 146.14853 49.641 146.29095 49.53598 146.39598 curveto
49.43095 146.501 49.28853 146.56001 49.14 146.56001 curveto
48.99147 146.56001 48.84904 146.501 48.74402 146.39598 curveto
48.63899 146.29095 48.57999 146.14853 48.57999 146 curveto
48.57999 145.85147 48.63899 145.70905 48.74402 145.60402 curveto
48.84904 145.499 48.99147 145.43999 49.14 145.43999 curveto
49.28853 145.43999 49.43095 145.499 49.53598 145.60402 curveto
49.641 145.70905 49.70001 145.85147 49.70001 146 curveto closepath fill
 0 0 0 setrgbcolor 0 0.35 dtransform truncate idtransform setlinewidth pop
newpath 49.14 146 moveto 0 0 rlineto stroke
 0 0.24501 dtransform truncate idtransform setlinewidth pop
newpath 45.45003 138.11 moveto
48.24998 138.11 lineto stroke
 0.24501 0 dtransform exch truncate exch idtransform pop setlinewidth
newpath 46.85 136.71002 moveto
46.85 139.50998 lineto stroke
 0.00002 0.00018 0.00099 setrgbcolor
newpath 47.41002 138.11 moveto
47.41002 138.25853 47.35101 138.40096 47.24599 138.50598 curveto
47.14096 138.61101 46.99854 138.67001 46.85 138.67001 curveto
46.70148 138.67001 46.55905 138.61101 46.45403 138.50598 curveto
46.349 138.40096 46.29 138.25853 46.29 138.11 curveto
46.29 137.96147 46.349 137.81905 46.45403 137.71402 curveto
46.55905 137.609 46.70148 137.54999 46.85 137.54999 curveto
46.99854 137.54999 47.14096 137.609 47.24599 137.71402 curveto
47.35101 137.81905 47.41002 137.96147 47.41002 138.11 curveto closepath fill
 0 0 0 setrgbcolor 0 0.35 dtransform truncate idtransform setlinewidth pop
newpath 46.85 138.11 moveto 0 0 rlineto stroke
 0 0.24501 dtransform truncate idtransform setlinewidth pop
newpath 55.32002 127.39 moveto
58.11998 127.39 lineto stroke
 0.24501 0 dtransform exch truncate exch idtransform pop setlinewidth
newpath 56.72 125.99002 moveto
56.72 128.78998 lineto stroke
 0.00002 0.00018 0.00099 setrgbcolor
newpath 57.28001 127.39 moveto
57.28001 127.53853 57.22101 127.68095 57.11598 127.78598 curveto
57.01096 127.891 56.86853 127.95001 56.72 127.95001 curveto
56.57147 127.95001 56.42905 127.891 56.32402 127.78598 curveto
56.219 127.68095 56.15999 127.53853 56.15999 127.39 curveto
56.15999 127.24147 56.219 127.09904 56.32402 126.99402 curveto
56.42905 126.88899 56.57147 126.82999 56.72 126.82999 curveto
56.86853 126.82999 57.01096 126.88899 57.11598 126.99402 curveto
57.22101 127.09904 57.28001 127.24147 57.28001 127.39 curveto closepath fill
 0 0 0 setrgbcolor 0 0.35 dtransform truncate idtransform setlinewidth pop
newpath 56.72 127.39 moveto 0 0 rlineto stroke
 0 0.24501 dtransform truncate idtransform setlinewidth pop
newpath 60.58002 118.15 moveto
63.37997 118.15 lineto stroke
 0.24501 0 dtransform exch truncate exch idtransform pop setlinewidth
newpath 61.98 116.75002 moveto
61.98 119.54997 lineto stroke
 0.00002 0.00018 0.00099 setrgbcolor
newpath 62.54001 118.15 moveto
62.54001 118.29852 62.481 118.44095 62.37598 118.54597 curveto
62.27095 118.651 62.12852 118.71 61.98 118.71 curveto
61.83147 118.71 61.68904 118.651 61.58401 118.54597 curveto
61.47899 118.44095 61.41998 118.29852 61.41998 118.15 curveto
61.41998 118.00146 61.47899 117.85904 61.58401 117.75401 curveto
61.68904 117.64899 61.83147 117.58998 61.98 117.58998 curveto
62.12852 117.58998 62.27095 117.64899 62.37598 117.75401 curveto
62.481 117.85904 62.54001 118.00146 62.54001 118.15 curveto closepath fill
 0 0 0 setrgbcolor 0 0.35 dtransform truncate idtransform setlinewidth pop
newpath 61.98 118.15 moveto 0 0 rlineto stroke
 0 0.24501 dtransform truncate idtransform setlinewidth pop
newpath 50.59003 106.87 moveto
53.38998 106.87 lineto stroke
 0.24501 0 dtransform exch truncate exch idtransform pop setlinewidth
newpath 51.99 105.47002 moveto
51.99 108.26997 lineto stroke
 0.00002 0.00018 0.00099 setrgbcolor
newpath 52.55002 106.87 moveto
52.55002 107.01852 52.49101 107.16095 52.38599 107.26598 curveto
52.28096 107.371 52.13853 107.43001 51.99 107.43001 curveto
51.84148 107.43001 51.69905 107.371 51.59402 107.26598 curveto
51.489 107.16095 51.43 107.01852 51.43 106.87 curveto
51.43 106.72147 51.489 106.57904 51.59402 106.47401 curveto
51.69905 106.36899 51.84148 106.30998 51.99 106.30998 curveto
52.13853 106.30998 52.28096 106.36899 52.38599 106.47401 curveto
52.49101 106.57904 52.55002 106.72147 52.55002 106.87 curveto closepath fill
 0 0 0 setrgbcolor 0 0.35 dtransform truncate idtransform setlinewidth pop
newpath 51.99 106.87 moveto 0 0 rlineto stroke
 0 0.24501 dtransform truncate idtransform setlinewidth pop
newpath 53.95003 100.37 moveto
56.74998 100.37 lineto stroke
 0.24501 0 dtransform exch truncate exch idtransform pop setlinewidth
newpath 55.35 98.97002 moveto
55.35 101.76997 lineto stroke
 0.00002 0.00018 0.00099 setrgbcolor
newpath 55.91002 100.37 moveto
55.91002 100.51852 55.85101 100.66095 55.74599 100.76598 curveto
55.64096 100.871 55.49854 100.93001 55.35 100.93001 curveto
55.20148 100.93001 55.05905 100.871 54.95403 100.76598 curveto
54.849 100.66095 54.79 100.51852 54.79 100.37 curveto
54.79 100.22147 54.849 100.07904 54.95403 99.97401 curveto
55.05905 99.86899 55.20148 99.80998 55.35 99.80998 curveto
55.49854 99.80998 55.64096 99.86899 55.74599 99.97401 curveto
55.85101 100.07904 55.91002 100.22147 55.91002 100.37 curveto closepath fill
 0 0 0 setrgbcolor 0 0.35 dtransform truncate idtransform setlinewidth pop
newpath 55.35 100.37 moveto 0 0 rlineto stroke
 0 0.24501 dtransform truncate idtransform setlinewidth pop
newpath 53.11002 96.67 moveto
55.90997 96.67 lineto stroke
 0.24501 0 dtransform exch truncate exch idtransform pop setlinewidth
newpath 54.51 95.27002 moveto
54.51 98.06998 lineto stroke
 0.00002 0.00018 0.00099 setrgbcolor
newpath 55.07 96.67 moveto
55.07 96.81853 55.011 96.96095 54.90598 97.06598 curveto
54.80095 97.171 54.65852 97.23001 54.51 97.23001 curveto
54.36147 97.23001 54.21904 97.171 54.11401 97.06598 curveto
54.00899 96.96095 53.94998 96.81853 53.94998 96.67 curveto
53.94998 96.52147 54.00899 96.37904 54.11401 96.27402 curveto
54.21904 96.16899 54.36147 96.10999 54.51 96.10999 curveto
54.65852 96.10999 54.80095 96.16899 54.90598 96.27402 curveto
55.011 96.37904 55.07 96.52147 55.07 96.67 curveto closepath fill
 0 0 0 setrgbcolor 0 0.35 dtransform truncate idtransform setlinewidth pop
newpath 54.51 96.67 moveto 0 0 rlineto stroke
 0 0.24501 dtransform truncate idtransform setlinewidth pop
newpath 51.69002 87.2 moveto
54.48997 87.2 lineto stroke
 0.24501 0 dtransform exch truncate exch idtransform pop setlinewidth
newpath 53.09 85.80002 moveto
53.09 88.59998 lineto stroke
 0.00002 0.00018 0.00099 setrgbcolor
newpath 53.65001 87.2 moveto
53.65001 87.34853 53.591 87.49095 53.48598 87.59598 curveto
53.38095 87.701 53.23853 87.76001 53.09 87.76001 curveto
52.94147 87.76001 52.79904 87.701 52.69402 87.59598 curveto
52.58899 87.49095 52.52998 87.34853 52.52998 87.2 curveto
52.52998 87.05147 52.58899 86.90904 52.69402 86.80402 curveto
52.79904 86.69899 52.94147 86.63998 53.09 86.63998 curveto
53.23853 86.63998 53.38095 86.69899 53.48598 86.80402 curveto
53.591 86.90904 53.65001 87.05147 53.65001 87.2 curveto closepath fill
 0 0 0 setrgbcolor 0 0.35 dtransform truncate idtransform setlinewidth pop
newpath 53.09 87.2 moveto 0 0 rlineto stroke
 0 0.24501 dtransform truncate idtransform setlinewidth pop
newpath 44.75002 77.9 moveto
47.54997 77.9 lineto stroke
 0.24501 0 dtransform exch truncate exch idtransform pop setlinewidth
newpath 46.15 76.50002 moveto
46.15 79.29997 lineto stroke
 0.00002 0.00018 0.00099 setrgbcolor
newpath 46.71 77.9 moveto
46.71 78.04852 46.651 78.19095 46.54597 78.29597 curveto
46.44095 78.401 46.29852 78.46 46.15 78.46 curveto
46.00146 78.46 45.85904 78.401 45.75401 78.29597 curveto
45.64899 78.19095 45.58998 78.04852 45.58998 77.9 curveto
45.58998 77.75146 45.64899 77.60904 45.75401 77.50401 curveto
45.85904 77.39899 46.00146 77.33998 46.15 77.33998 curveto
46.29852 77.33998 46.44095 77.39899 46.54597 77.50401 curveto
46.651 77.60904 46.71 77.75146 46.71 77.9 curveto closepath fill
 0 0 0 setrgbcolor 0 0.35 dtransform truncate idtransform setlinewidth pop
newpath 46.15 77.9 moveto 0 0 rlineto stroke
 0 0.24501 dtransform truncate idtransform setlinewidth pop
newpath 98.28001 103.82 moveto
101.07997 103.82 lineto stroke
 0.24501 0 dtransform exch truncate exch idtransform pop setlinewidth
newpath 99.68 102.42003 moveto
99.68 105.21999 lineto stroke
 0.00002 0.00018 0.00099 setrgbcolor
newpath 100.24 103.82 moveto
100.24 103.96854 100.181 104.11096 100.07597 104.21599 curveto
99.97095 104.32101 99.82852 104.38002 99.68 104.38002 curveto
99.53146 104.38002 99.38904 104.32101 99.28401 104.21599 curveto
99.17899 104.11096 99.11998 103.96854 99.11998 103.82 curveto
99.11998 103.67148 99.17899 103.52905 99.28401 103.42403 curveto
99.38904 103.319 99.53146 103.26 99.68 103.26 curveto
99.82852 103.26 99.97095 103.319 100.07597 103.42403 curveto
100.181 103.52905 100.24 103.67148 100.24 103.82 curveto closepath fill
 0 0 0 setrgbcolor 0 0.35 dtransform truncate idtransform setlinewidth pop
newpath 99.68 103.82 moveto 0 0 rlineto stroke
 0 0.24501 dtransform truncate idtransform setlinewidth pop
newpath 89.95003 91.72 moveto
92.74998 91.72 lineto stroke
 0.24501 0 dtransform exch truncate exch idtransform pop setlinewidth
newpath 91.35 90.32002 moveto
91.35 93.11998 lineto stroke
 0.00002 0.00018 0.00099 setrgbcolor
newpath 91.91002 91.72 moveto
91.91002 91.86853 91.85101 92.01096 91.74599 92.11598 curveto
91.64096 92.22101 91.49854 92.28001 91.35 92.28001 curveto
91.20148 92.28001 91.05905 92.22101 90.95403 92.11598 curveto
90.849 92.01096 90.79 91.86853 90.79 91.72 curveto
90.79 91.57147 90.849 91.42905 90.95403 91.32402 curveto
91.05905 91.219 91.20148 91.15999 91.35 91.15999 curveto
91.49854 91.15999 91.64096 91.219 91.74599 91.32402 curveto
91.85101 91.42905 91.91002 91.57147 91.91002 91.72 curveto closepath fill
 0 0 0 setrgbcolor 0 0.35 dtransform truncate idtransform setlinewidth pop
newpath 91.35 91.72 moveto 0 0 rlineto stroke
 0 0.24501 dtransform truncate idtransform setlinewidth pop
newpath 75.74002 82.03 moveto
78.53998 82.03 lineto stroke
 0.24501 0 dtransform exch truncate exch idtransform pop setlinewidth
newpath 77.14 80.63002 moveto
77.14 83.42998 lineto stroke
 0.00002 0.00018 0.00099 setrgbcolor
newpath 77.70001 82.03 moveto
77.70001 82.17853 77.641 82.32095 77.53598 82.42598 curveto
77.43095 82.531 77.28853 82.59001 77.14 82.59001 curveto
76.99147 82.59001 76.84904 82.531 76.74402 82.42598 curveto
76.63899 82.32095 76.57999 82.17853 76.57999 82.03 curveto
76.57999 81.88147 76.63899 81.73904 76.74402 81.63402 curveto
76.84904 81.52899 76.99147 81.46999 77.14 81.46999 curveto
77.28853 81.46999 77.43095 81.52899 77.53598 81.63402 curveto
77.641 81.73904 77.70001 81.88147 77.70001 82.03 curveto closepath fill
 0 0 0 setrgbcolor 0 0.35 dtransform truncate idtransform setlinewidth pop
newpath 77.14 82.03 moveto 0 0 rlineto stroke
 0 0.24501 dtransform truncate idtransform setlinewidth pop
newpath 45.93002 49.84 moveto
48.72998 49.84 lineto stroke
 0.24501 0 dtransform exch truncate exch idtransform pop setlinewidth
newpath 47.33 48.44002 moveto
47.33 51.23997 lineto stroke
 0.00002 0.00018 0.00099 setrgbcolor
newpath 47.89001 49.84 moveto
47.89001 49.98853 47.83101 50.13095 47.72598 50.23598 curveto
47.62096 50.341 47.47853 50.40001 47.33 50.40001 curveto
47.18147 50.40001 47.03905 50.341 46.93402 50.23598 curveto
46.829 50.13095 46.76999 49.98853 46.76999 49.84 curveto
46.76999 49.69147 46.829 49.54904 46.93402 49.44402 curveto
47.03905 49.33899 47.18147 49.27998 47.33 49.27998 curveto
47.47853 49.27998 47.62096 49.33899 47.72598 49.44402 curveto
47.83101 49.54904 47.89001 49.69147 47.89001 49.84 curveto closepath fill
 0 0 0 setrgbcolor 0 0.35 dtransform truncate idtransform setlinewidth pop
newpath 47.33 49.84 moveto 0 0 rlineto stroke
 0 0.24501 dtransform truncate idtransform setlinewidth pop
newpath 22.31003 37.14 moveto
25.10999 37.14 lineto stroke
 0.24501 0 dtransform exch truncate exch idtransform pop setlinewidth
newpath 23.71 35.74002 moveto
23.71 38.53998 lineto stroke
 0.00002 0.00018 0.00099 setrgbcolor
newpath 24.27002 37.14 moveto
24.27002 37.28853 24.21101 37.43095 24.10599 37.53598 curveto
24.00096 37.641 23.85854 37.70001 23.71 37.70001 curveto
23.56148 37.70001 23.41905 37.641 23.31403 37.53598 curveto
23.209 37.43095 23.15 37.28853 23.15 37.14 curveto
23.15 36.99147 23.209 36.84904 23.31403 36.74402 curveto
23.41905 36.63899 23.56148 36.57999 23.71 36.57999 curveto
23.85854 36.57999 24.00096 36.63899 24.10599 36.74402 curveto
24.21101 36.84904 24.27002 36.99147 24.27002 37.14 curveto closepath fill
 0 0 0 setrgbcolor 0 0.35 dtransform truncate idtransform setlinewidth pop
newpath 23.71 37.14 moveto 0 0 rlineto stroke
 0 0.24501 dtransform truncate idtransform setlinewidth pop
newpath 11.57002 15.27 moveto
14.36998 15.27 lineto stroke
 0.24501 0 dtransform exch truncate exch idtransform pop setlinewidth
newpath 12.97 13.87003 moveto
12.97 16.66998 lineto stroke
 0.00002 0.00018 0.00099 setrgbcolor
newpath 13.53001 15.27 moveto
13.53001 15.41853 13.47101 15.56096 13.36598 15.66599 curveto
13.26096 15.77101 13.11853 15.83002 12.97 15.83002 curveto
12.82147 15.83002 12.67905 15.77101 12.57402 15.66599 curveto
12.469 15.56096 12.40999 15.41853 12.40999 15.27 curveto
12.40999 15.12148 12.469 14.97905 12.57402 14.87402 curveto
12.67905 14.769 12.82147 14.70999 12.97 14.70999 curveto
13.11853 14.70999 13.26096 14.769 13.36598 14.87402 curveto
13.47101 14.97905 13.53001 15.12148 13.53001 15.27 curveto closepath fill
 0 0 0 setrgbcolor 0 0.35 dtransform truncate idtransform setlinewidth pop
newpath 12.97 15.27 moveto 0 0 rlineto stroke
 0 0.24501 dtransform truncate idtransform setlinewidth pop
newpath 4.22002 6.92 moveto
7.01997 6.92 lineto stroke
 0.24501 0 dtransform exch truncate exch idtransform pop setlinewidth
newpath 5.62 5.52002 moveto
5.62 8.31998 lineto stroke
 0.00002 0.00018 0.00099 setrgbcolor
newpath 6.18001 6.92 moveto
6.18001 7.06853 6.121 7.21095 6.01598 7.31598 curveto
5.91095 7.421 5.76852 7.48001 5.62 7.48001 curveto
5.47147 7.48001 5.32904 7.421 5.22401 7.31598 curveto
5.11899 7.21095 5.05998 7.06853 5.05998 6.92 curveto
5.05998 6.77147 5.11899 6.62904 5.22401 6.52402 curveto
5.32904 6.41899 5.47147 6.35999 5.62 6.35999 curveto
5.76852 6.35999 5.91095 6.41899 6.01598 6.52402 curveto
6.121 6.62904 6.18001 6.77147 6.18001 6.92 curveto closepath fill
 0 0 0 setrgbcolor 0 0.35 dtransform truncate idtransform setlinewidth pop
newpath 5.62 6.92 moveto 0 0 rlineto stroke
 0 0.24501 dtransform truncate idtransform setlinewidth pop
newpath -12.60999 -19.1 moveto
-9.81003 -19.1 lineto stroke
 0.24501 0 dtransform exch truncate exch idtransform pop setlinewidth
newpath -11.21 -20.49998 moveto
-11.21 -17.70003 lineto stroke
 0.00002 0.00018 0.00099 setrgbcolor
newpath -10.65 -19.1 moveto
-10.65 -18.95148 -10.709 -18.80905 -10.81403 -18.70403 curveto
-10.91905 -18.599 -11.06148 -18.54 -11.21 -18.54 curveto
-11.35854 -18.54 -11.50096 -18.599 -11.60599 -18.70403 curveto
-11.71101 -18.80905 -11.77002 -18.95148 -11.77002 -19.1 curveto
-11.77002 -19.24854 -11.71101 -19.39096 -11.60599 -19.49599 curveto
-11.50096 -19.60101 -11.35854 -19.66002 -11.21 -19.66002 curveto
-11.06148 -19.66002 -10.91905 -19.60101 -10.81403 -19.49599 curveto
-10.709 -19.39096 -10.65 -19.24854 -10.65 -19.1 curveto closepath fill
 0 0 0 setrgbcolor 0 0.35 dtransform truncate idtransform setlinewidth pop
newpath -11.21 -19.1 moveto 0 0 rlineto stroke
 0 0.24501 dtransform truncate idtransform setlinewidth pop
newpath 2.68002 -33.99 moveto
5.47998 -33.99 lineto stroke
 0.24501 0 dtransform exch truncate exch idtransform pop setlinewidth
newpath 4.08 -35.38998 moveto
4.08 -32.59003 lineto stroke
 0.00002 0.00018 0.00099 setrgbcolor
newpath 4.64001 -33.99 moveto
4.64001 -33.84148 4.58101 -33.69905 4.47598 -33.59402 curveto
4.37096 -33.489 4.22853 -33.43 4.08 -33.43 curveto
3.93147 -33.43 3.78905 -33.489 3.68402 -33.59402 curveto
3.579 -33.69905 3.51999 -33.84148 3.51999 -33.99 curveto
3.51999 -34.13853 3.579 -34.28096 3.68402 -34.38599 curveto
3.78905 -34.49101 3.93147 -34.55002 4.08 -34.55002 curveto
4.22853 -34.55002 4.37096 -34.49101 4.47598 -34.38599 curveto
4.58101 -34.28096 4.64001 -34.13853 4.64001 -33.99 curveto closepath fill
 0 0 0 setrgbcolor 0 0.35 dtransform truncate idtransform setlinewidth pop
newpath 4.08 -33.99 moveto 0 0 rlineto stroke
 0 0.24501 dtransform truncate idtransform setlinewidth pop
newpath -7.60999 -66.61 moveto
-4.81003 -66.61 lineto stroke
 0.24501 0 dtransform exch truncate exch idtransform pop setlinewidth
newpath -6.21 -68.00998 moveto
-6.21 -65.21002 lineto stroke
 0.00002 0.00018 0.00099 setrgbcolor
newpath -5.65 -66.61 moveto
-5.65 -66.46147 -5.709 -66.31905 -5.81403 -66.21402 curveto
-5.91905 -66.109 -6.06148 -66.04999 -6.21 -66.04999 curveto
-6.35854 -66.04999 -6.50096 -66.109 -6.60599 -66.21402 curveto
-6.71101 -66.31905 -6.77002 -66.46147 -6.77002 -66.61 curveto
-6.77002 -66.75853 -6.71101 -66.90096 -6.60599 -67.00598 curveto
-6.50096 -67.11101 -6.35854 -67.17001 -6.21 -67.17001 curveto
-6.06148 -67.17001 -5.91905 -67.11101 -5.81403 -67.00598 curveto
-5.709 -66.90096 -5.65 -66.75853 -5.65 -66.61 curveto closepath fill
 0 0 0 setrgbcolor 0 0.35 dtransform truncate idtransform setlinewidth pop
newpath -6.21 -66.61 moveto 0 0 rlineto stroke
 0 0.24501 dtransform truncate idtransform setlinewidth pop
newpath -27.58998 -100.87 moveto
-24.79002 -100.87 lineto stroke
 0.24501 0 dtransform exch truncate exch idtransform pop setlinewidth
newpath -26.19 -102.26997 moveto
-26.19 -99.47002 lineto stroke
 0.00002 0.00018 0.00099 setrgbcolor
newpath -25.62999 -100.87 moveto
-25.62999 -100.72147 -25.689 -100.57904 -25.79402 -100.47401 curveto
-25.89905 -100.36899 -26.04147 -100.30998 -26.19 -100.30998 curveto
-26.33853 -100.30998 -26.48096 -100.36899 -26.58598 -100.47401 curveto
-26.69101 -100.57904 -26.75002 -100.72147 -26.75002 -100.87 curveto
-26.75002 -101.01852 -26.69101 -101.16095 -26.58598 -101.26598 curveto
-26.48096 -101.371 -26.33853 -101.43001 -26.19 -101.43001 curveto
-26.04147 -101.43001 -25.89905 -101.371 -25.79402 -101.26598 curveto
-25.689 -101.16095 -25.62999 -101.01852 -25.62999 -100.87 curveto closepath
 fill
 0 0 0 setrgbcolor 0 0.35 dtransform truncate idtransform setlinewidth pop
newpath -26.19 -100.87 moveto 0 0 rlineto stroke
 0 0.24501 dtransform truncate idtransform setlinewidth pop
newpath -63.99998 -123.09 moveto
-61.20003 -123.09 lineto stroke
 0.24501 0 dtransform exch truncate exch idtransform pop setlinewidth
newpath -62.6 -124.48997 moveto
-62.6 -121.69002 lineto stroke
 0.00002 0.00018 0.00099 setrgbcolor
newpath -62.04 -123.09 moveto
-62.04 -122.94147 -62.099 -122.79904 -62.20403 -122.69402 curveto
-62.30905 -122.58899 -62.45148 -122.52998 -62.6 -122.52998 curveto
-62.74854 -122.52998 -62.89096 -122.58899 -62.99599 -122.69402 curveto
-63.10101 -122.79904 -63.16002 -122.94147 -63.16002 -123.09 curveto
-63.16002 -123.23853 -63.10101 -123.38095 -62.99599 -123.48598 curveto
-62.89096 -123.591 -62.74854 -123.65001 -62.6 -123.65001 curveto
-62.45148 -123.65001 -62.30905 -123.591 -62.20403 -123.48598 curveto
-62.099 -123.38095 -62.04 -123.23853 -62.04 -123.09 curveto closepath fill
 0 0 0 setrgbcolor 0 0.35 dtransform truncate idtransform setlinewidth pop
newpath -62.6 -123.09 moveto 0 0 rlineto stroke
 0 0.24501 dtransform truncate idtransform setlinewidth pop
newpath -74.51997 -155.2 moveto
-71.72002 -155.2 lineto stroke
 0.24501 0 dtransform exch truncate exch idtransform pop setlinewidth
newpath -73.12 -156.59998 moveto
-73.12 -153.80002 lineto stroke
 0.00002 0.00018 0.00099 setrgbcolor
newpath -72.55998 -155.2 moveto
-72.55998 -155.05147 -72.61899 -154.90904 -72.72401 -154.80402 curveto
-72.82904 -154.69899 -72.97147 -154.63998 -73.12 -154.63998 curveto
-73.26852 -154.63998 -73.41095 -154.69899 -73.51598 -154.80402 curveto
-73.621 -154.90904 -73.68001 -155.05147 -73.68001 -155.2 curveto
-73.68001 -155.34853 -73.621 -155.49095 -73.51598 -155.59598 curveto
-73.41095 -155.701 -73.26852 -155.76001 -73.12 -155.76001 curveto
-72.97147 -155.76001 -72.82904 -155.701 -72.72401 -155.59598 curveto
-72.61899 -155.49095 -72.55998 -155.34853 -72.55998 -155.2 curveto closepath
 fill
 0 0 0 setrgbcolor 0 0.35 dtransform truncate idtransform setlinewidth pop
newpath -73.12 -155.2 moveto 0 0 rlineto stroke
 0 0.24501 dtransform truncate idtransform setlinewidth pop
newpath -64.82997 -166.28 moveto
-62.03001 -166.28 lineto stroke
 0.24501 0 dtransform exch truncate exch idtransform pop setlinewidth
newpath -63.43 -167.67998 moveto
-63.43 -164.88002 lineto stroke
 0.00002 0.00018 0.00099 setrgbcolor
newpath -62.86998 -166.28 moveto
-62.86998 -166.13147 -62.92899 -165.98904 -63.03401 -165.88402 curveto
-63.13904 -165.77899 -63.28146 -165.71999 -63.43 -165.71999 curveto
-63.57852 -165.71999 -63.72095 -165.77899 -63.82597 -165.88402 curveto
-63.931 -165.98904 -63.99 -166.13147 -63.99 -166.28 curveto
-63.99 -166.42853 -63.931 -166.57095 -63.82597 -166.67598 curveto
-63.72095 -166.781 -63.57852 -166.84001 -63.43 -166.84001 curveto
-63.28146 -166.84001 -63.13904 -166.781 -63.03401 -166.67598 curveto
-62.92899 -166.57095 -62.86998 -166.42853 -62.86998 -166.28 curveto closepath
 fill
 0 0 0 setrgbcolor 0 0.35 dtransform truncate idtransform setlinewidth pop
newpath -63.43 -166.28 moveto 0 0 rlineto stroke
 0 0.24501 dtransform truncate idtransform setlinewidth pop
newpath -77.21999 -211.99 moveto
-74.42003 -211.99 lineto stroke
 0.24501 0 dtransform exch truncate exch idtransform pop setlinewidth
newpath -75.82 -213.38998 moveto
-75.82 -210.59003 lineto stroke
 0.00002 0.00018 0.00099 setrgbcolor
newpath -75.26 -211.99 moveto
-75.26 -211.84148 -75.319 -211.69905 -75.42403 -211.59402 curveto
-75.52905 -211.489 -75.67148 -211.43 -75.82 -211.43 curveto
-75.96854 -211.43 -76.11096 -211.489 -76.21599 -211.59402 curveto
-76.32101 -211.69905 -76.38002 -211.84148 -76.38002 -211.99 curveto
-76.38002 -212.13853 -76.32101 -212.28096 -76.21599 -212.38599 curveto
-76.11096 -212.49101 -75.96854 -212.55002 -75.82 -212.55002 curveto
-75.67148 -212.55002 -75.52905 -212.49101 -75.42403 -212.38599 curveto
-75.319 -212.28096 -75.26 -212.13853 -75.26 -211.99 curveto closepath fill
 0 0 0 setrgbcolor 0 0.35 dtransform truncate idtransform setlinewidth pop
newpath -75.82 -211.99 moveto 0 0 rlineto stroke
 0 0.24501 dtransform truncate idtransform setlinewidth pop
newpath -57.14998 -181.61 moveto
-54.35002 -181.61 lineto stroke
 0.24501 0 dtransform exch truncate exch idtransform pop setlinewidth
newpath -55.75 -183.00998 moveto
-55.75 -180.21002 lineto stroke
 0.00002 0.00018 0.00099 setrgbcolor
newpath -55.18999 -181.61 moveto
-55.18999 -181.46147 -55.249 -181.31905 -55.35402 -181.21402 curveto
-55.45905 -181.109 -55.60147 -181.04999 -55.75 -181.04999 curveto
-55.89853 -181.04999 -56.04095 -181.109 -56.14598 -181.21402 curveto
-56.251 -181.31905 -56.31001 -181.46147 -56.31001 -181.61 curveto
-56.31001 -181.75853 -56.251 -181.90096 -56.14598 -182.00598 curveto
-56.04095 -182.11101 -55.89853 -182.17001 -55.75 -182.17001 curveto
-55.60147 -182.17001 -55.45905 -182.11101 -55.35402 -182.00598 curveto
-55.249 -181.90096 -55.18999 -181.75853 -55.18999 -181.61 curveto closepath
 fill
 0 0 0 setrgbcolor 0 0.35 dtransform truncate idtransform setlinewidth pop
newpath -55.75 -181.61 moveto 0 0 rlineto stroke
showpage
%%EOF
