%!PS
%%BoundingBox: -110 -29 111 29 
%%HiResBoundingBox: -109.71312 -28.76219 110.44667 28.89667 
%%Creator: MetaPost 1.209
%%CreationDate: 2018.11.10:1625
%%Pages: 1
%%BeginProlog
%%EndProlog
%%Page: 1 1
 0 0 0 setrgbcolor 0 0.33333 dtransform truncate idtransform setlinewidth pop
 [] 0 setdash 1 setlinecap 1 setlinejoin 10 setmiterlimit
newpath 103.2 28.73 moveto
102.43 27.86 97.72 27.09 96.33 26.95 curveto
94.93 26.81 89.36 26.33 87.2 26.09 curveto
85.04 25.85 75.11 23.35 71.27 21.58 curveto
67.43 19.8 58.89 16.59 58.17 16.25 curveto
57.45 15.92 50.29 14.09 48.47 13.28 curveto
46.64 12.46 34.31 9.1 32.72 8.57 curveto
31.14 8.04 7.9 0.46 6.8 0.12 curveto
5.7 -0.21 -9.04 -4.44 -12.5 -5.69 curveto
-15.95 -6.94 -26.71 -11.02 -29.35 -10.97 curveto
-31.99 -10.92 -36.74 -10.78 -38.66 -11.31 curveto
-40.58 -11.84 -43.36 -12.36 -45.18 -11.5 curveto
-47.01 -10.63 -51.71 -7.9 -52.72 -7.03 curveto
-53.72 -6.17 -56.12 -4.49 -60.83 -4.44 curveto
-65.53 -4.39 -73.44 -4.1 -74.93 -4.15 curveto
-76.42 -4.19 -79.25 -4.24 -81.17 -4.58 curveto
-83.09 -4.91 -84 -5.44 -84.43 -5.68 curveto
-84.86 -5.92 -86.45 -6.4 -86.64 -5.97 curveto
-86.83 -5.54 -87.41 -4.05 -87.84 -3.28 curveto
-88.27 -2.51 -89.33 -1.07 -89.91 -0.64 curveto
-90.48 -0.21 -91.11 0.03 -92.07 -0.16 curveto
-93.03 -0.35 -94.56 -0.88 -95.09 -1.36 curveto
-95.62 -1.84 -96.87 -2.75 -97.11 -3.04 curveto
-97.35 -3.33 -97.92 -4.36 -99.05 -3.5 curveto
-100.18 -2.63 -100.3 -2.46 -100.92 -2.37 curveto
-101.55 -2.27 -102.29 -2.1 -102.77 -2.56 curveto
-103.25 -3.02 -103.51 -3.55 -103.71 -3.83 curveto
-103.9 -4.12 -103.73 -5.01 -103.95 -5.2 curveto
-104.16 -5.39 -104.43 -5.63 -104.64 -5.56 curveto stroke
 0 0 1 setrgbcolor 0 0.23332 dtransform truncate idtransform setlinewidth pop
newpath 103.2 28.73 moveto
102.43 27.86 97.72 27.09 96.33 26.95 curveto
94.93 26.81 89.36 26.33 87.2 26.09 curveto
85.04 25.85 75.11 23.35 71.27 21.58 curveto
67.43 19.8 58.89 16.59 58.17 16.25 curveto
57.45 15.92 50.29 14.09 48.47 13.28 curveto
46.64 12.46 34.31 9.1 32.72 8.57 curveto
31.14 8.04 7.9 0.46 6.8 0.12 curveto
5.7 -0.21 -9.04 -4.44 -12.5 -5.69 curveto
-15.95 -6.94 -26.71 -11.02 -29.35 -10.97 curveto
-31.99 -10.92 -36.74 -10.78 -38.66 -11.31 curveto
-40.58 -11.84 -43.36 -12.36 -45.18 -11.5 curveto
-47.01 -10.63 -51.71 -7.9 -52.72 -7.03 curveto
-53.72 -6.17 -56.12 -4.49 -60.83 -4.44 curveto
-65.53 -4.39 -73.44 -4.1 -74.93 -4.15 curveto
-76.42 -4.19 -79.25 -4.24 -81.17 -4.58 curveto
-83.09 -4.91 -84 -5.44 -84.43 -5.68 curveto
-84.86 -5.92 -86.45 -6.4 -86.64 -5.97 curveto
-86.83 -5.54 -87.41 -4.05 -87.84 -3.28 curveto
-88.27 -2.51 -89.33 -1.07 -89.91 -0.64 curveto
-90.48 -0.21 -91.11 0.03 -92.07 -0.16 curveto
-93.03 -0.35 -94.56 -0.88 -95.09 -1.36 curveto
-95.62 -1.84 -96.87 -2.75 -97.11 -3.04 curveto
-97.35 -3.33 -97.92 -4.36 -99.05 -3.5 curveto
-100.18 -2.63 -100.3 -2.46 -100.92 -2.37 curveto
-101.55 -2.27 -102.29 -2.1 -102.77 -2.56 curveto
-103.25 -3.02 -103.51 -3.55 -103.71 -3.83 curveto
-103.9 -4.12 -103.73 -5.01 -103.95 -5.2 curveto
-104.16 -5.39 -104.43 -5.63 -104.64 -5.56 curveto stroke
 1 0 0 setrgbcolor
newpath 103.19 28.73 moveto
102.42 27.86 97.72 27.09 96.33 26.95 curveto
94.93 26.81 89.37 26.33 87.21 26.09 curveto
85.05 25.85 75.11 23.35 71.27 21.57 curveto
67.43 19.8 58.89 16.58 58.17 16.25 curveto
57.45 15.91 50.29 14.09 48.47 13.27 curveto
46.65 12.46 34.31 9.1 32.73 8.57 curveto
31.14 8.04 7.91 0.46 6.81 0.12 curveto
5.7 -0.21 -9.03 -4.44 -12.49 -5.69 curveto
-15.95 -6.93 -26.7 -11.01 -29.34 -10.96 curveto
-31.98 -10.92 -36.73 -10.77 -38.65 -11.3 curveto
-40.57 -11.83 -43.35 -12.36 -45.18 -11.49 curveto
-47 -10.63 -51.7 -7.89 -52.71 -7.03 curveto
-53.72 -6.16 -56.12 -4.48 -60.82 -4.44 curveto
-65.53 -4.39 -73.45 -4.1 -74.94 -4.15 curveto
-76.42 -4.2 -79.26 -4.24 -81.18 -4.58 curveto
-83.1 -4.91 -84.01 -5.44 -84.44 -5.68 curveto
-84.87 -5.92 -86.46 -6.4 -86.65 -5.97 curveto
-86.84 -5.54 -87.42 -4.05 -87.85 -3.28 curveto
-88.28 -2.51 -89.34 -1.07 -89.91 -0.64 curveto
-90.49 -0.21 -91.11 0.03 -92.07 -0.16 curveto
-93.03 -0.35 -94.57 -0.88 -95.1 -1.36 curveto
-95.62 -1.84 -96.87 -2.75 -97.11 -3.04 curveto
-97.35 -3.33 -97.93 -4.36 -99.06 -3.5 curveto
-100.18 -2.63 -100.3 -2.47 -100.93 -2.37 curveto
-101.55 -2.27 -102.3 -2.11 -102.78 -2.56 curveto
-103.26 -3.02 -103.52 -3.55 -103.71 -3.83 curveto
-103.9 -4.12 -103.74 -5.01 -103.95 -5.2 curveto
-104.17 -5.39 -104.43 -5.63 -104.65 -5.56 curveto stroke
 0 0 0 setrgbcolor 0 0.33333 dtransform truncate idtransform setlinewidth pop
newpath -103.73 -8.2 moveto
-103.25 -8.13 -102.96 -7.96 -102.77 -8.25 curveto
-102.58 -8.54 -101.67 -9.79 -101.45 -10.31 curveto
-101.23 -10.84 -100.8 -11.44 -101.21 -12.07 curveto
-101.62 -12.69 -102.72 -14.08 -103.63 -14.59 curveto
-104.55 -15.09 -106.1 -16.67 -106.37 -16.82 curveto
-106.63 -16.96 -108.89 -17.99 -109.13 -18.26 curveto
-109.37 -18.52 -110.28 -20.56 -108.29 -20.32 curveto
-106.3 -20.08 -106.13 -19.65 -105.62 -19.36 curveto
-105.12 -19.07 -103.27 -17.71 -102.55 -17.42 curveto
-101.83 -17.13 -101.28 -16.58 -100.08 -16.82 curveto
-98.88 -17.06 -97.75 -17.22 -97.15 -17.22 curveto
-96.55 -17.22 -94.99 -17.37 -94.25 -18.14 curveto
-93.5 -18.9 -92.09 -19.82 -91.54 -19.98 curveto
-90.98 -20.15 -86.33 -21.47 -85.49 -21.54 curveto
-84.65 -21.61 -79.87 -23.32 -79.37 -23.6 curveto
-78.87 -23.89 -74.36 -25.91 -73.68 -26 curveto
-73.01 -26.1 -66.51 -27.4 -65.48 -27.33 curveto
-64.45 -27.26 -60.71 -28.07 -59.97 -27.98 curveto
-59.22 -27.88 -54.35 -27.98 -53.8 -28.27 curveto
-53.25 -28.56 -49.34 -28.73 -48.64 -28.46 curveto
-47.95 -28.2 -44.64 -27.29 -44.2 -27.19 curveto
-43.77 -27.1 -39.69 -25.8 -39.14 -25.78 curveto
-38.59 -25.76 -35.06 -25.28 -34.46 -25.28 curveto
-33.86 -25.28 -31.58 -24.46 -30.93 -23.79 curveto
-30.28 -23.11 -28.15 -22.18 -27.47 -22.06 curveto
-26.8 -21.94 -21.4 -20.57 -20.47 -20.52 curveto
-19.53 -20.47 -13.82 -19.15 -13.36 -19.06 curveto
-12.91 -18.96 -7.58 -17.23 -6.9 -17.02 curveto
-6.23 -16.8 1.69 -14.21 2.17 -14.02 curveto
2.65 -13.82 9.51 -11.69 10.23 -11.33 curveto
10.95 -10.97 17.58 -8.69 18.39 -8.52 curveto
19.21 -8.35 26.27 -6.38 26.91 -6.02 curveto
27.56 -5.66 32.77 -4.27 33.3 -3.93 curveto
33.83 -3.6 39.54 -1.29 40.21 -0.93 curveto
40.88 -0.57 44.63 0.8 46.19 1.54 curveto
47.75 2.29 52.76 3.63 53.68 4.13 curveto
54.59 4.64 56.87 5.91 57.49 5.91 curveto
58.12 5.91 59.46 6.27 60.06 6.58 curveto
60.66 6.9 64.64 8.5 65.6 8.69 curveto
66.56 8.89 72.25 10.85 73.18 11.19 curveto
74.12 11.52 79.16 13.13 79.93 13.37 curveto
80.69 13.61 85.57 14.66 86.29 14.9 curveto
87.01 15.14 91.88 16.27 92.5 16.41 curveto
93.13 16.55 95 16.79 95.82 16.7 curveto
96.64 16.6 99.49 16.55 100.72 16.62 curveto
101.94 16.69 105.02 16.74 105.96 16.96 curveto
106.89 17.17 108.69 17.32 109.08 17.56 curveto
109.46 17.8 110.18 18.06 110.28 18.18 curveto stroke
 0 0 1 setrgbcolor 0 0.23332 dtransform truncate idtransform setlinewidth pop
newpath -103.73 -8.2 moveto
-103.25 -8.13 -102.96 -7.96 -102.77 -8.25 curveto
-102.58 -8.54 -101.67 -9.79 -101.45 -10.31 curveto
-101.23 -10.84 -100.8 -11.44 -101.21 -12.07 curveto
-101.62 -12.69 -102.72 -14.08 -103.63 -14.59 curveto
-104.55 -15.09 -106.1 -16.67 -106.37 -16.82 curveto
-106.63 -16.96 -108.89 -17.99 -109.13 -18.26 curveto
-109.37 -18.52 -110.28 -20.56 -108.29 -20.32 curveto
-106.3 -20.08 -106.13 -19.65 -105.62 -19.36 curveto
-105.12 -19.07 -103.27 -17.71 -102.55 -17.42 curveto
-101.83 -17.13 -101.28 -16.58 -100.08 -16.82 curveto
-98.88 -17.06 -97.75 -17.22 -97.15 -17.22 curveto
-96.55 -17.22 -94.99 -17.37 -94.25 -18.14 curveto
-93.5 -18.9 -92.09 -19.82 -91.54 -19.98 curveto
-90.98 -20.15 -86.33 -21.47 -85.49 -21.54 curveto
-84.65 -21.61 -79.87 -23.32 -79.37 -23.6 curveto
-78.87 -23.89 -74.36 -25.91 -73.68 -26 curveto
-73.01 -26.1 -66.51 -27.4 -65.48 -27.33 curveto
-64.45 -27.26 -60.71 -28.07 -59.97 -27.98 curveto
-59.22 -27.88 -54.35 -27.98 -53.8 -28.27 curveto
-53.25 -28.56 -49.34 -28.73 -48.64 -28.46 curveto
-47.95 -28.2 -44.64 -27.29 -44.2 -27.19 curveto
-43.77 -27.1 -39.69 -25.8 -39.14 -25.78 curveto
-38.59 -25.76 -35.06 -25.28 -34.46 -25.28 curveto
-33.86 -25.28 -31.58 -24.46 -30.93 -23.79 curveto
-30.28 -23.11 -28.15 -22.18 -27.47 -22.06 curveto
-26.8 -21.94 -21.4 -20.57 -20.47 -20.52 curveto
-19.53 -20.47 -13.82 -19.15 -13.36 -19.06 curveto
-12.91 -18.96 -7.58 -17.23 -6.9 -17.02 curveto
-6.23 -16.8 1.69 -14.21 2.17 -14.02 curveto
2.65 -13.82 9.51 -11.69 10.23 -11.33 curveto
10.95 -10.97 17.58 -8.69 18.39 -8.52 curveto
19.21 -8.35 26.27 -6.38 26.91 -6.02 curveto
27.56 -5.66 32.77 -4.27 33.3 -3.93 curveto
33.83 -3.6 39.54 -1.29 40.21 -0.93 curveto
40.88 -0.57 44.63 0.8 46.19 1.54 curveto
47.75 2.29 52.76 3.63 53.68 4.13 curveto
54.59 4.64 56.87 5.91 57.49 5.91 curveto
58.12 5.91 59.46 6.27 60.06 6.58 curveto
60.66 6.9 64.64 8.5 65.6 8.69 curveto
66.56 8.89 72.25 10.85 73.18 11.19 curveto
74.12 11.52 79.16 13.13 79.93 13.37 curveto
80.69 13.61 85.57 14.66 86.29 14.9 curveto
87.01 15.14 91.88 16.27 92.5 16.41 curveto
93.13 16.55 95 16.79 95.82 16.7 curveto
96.64 16.6 99.49 16.55 100.72 16.62 curveto
101.94 16.69 105.02 16.74 105.96 16.96 curveto
106.89 17.17 108.69 17.32 109.08 17.56 curveto
109.46 17.8 110.18 18.06 110.28 18.18 curveto stroke
 1 0 0 setrgbcolor
newpath -103.74 -8.2 moveto
-103.26 -8.13 -102.97 -7.96 -102.78 -8.25 curveto
-102.58 -8.54 -101.67 -9.79 -101.46 -10.31 curveto
-101.24 -10.84 -100.81 -11.44 -101.22 -12.07 curveto
-101.62 -12.69 -102.73 -14.08 -103.64 -14.59 curveto
-104.55 -15.09 -106.11 -16.67 -106.38 -16.82 curveto
-106.64 -16.96 -108.9 -17.99 -109.14 -18.26 curveto
-109.38 -18.52 -110.29 -20.56 -108.3 -20.32 curveto
-106.3 -20.08 -106.14 -19.65 -105.63 -19.36 curveto
-105.13 -19.07 -103.28 -17.71 -102.56 -17.42 curveto
-101.84 -17.13 -101.29 -16.58 -100.09 -16.82 curveto
-98.89 -17.06 -97.76 -17.23 -97.16 -17.23 curveto
-96.56 -17.23 -95 -17.37 -94.26 -18.14 curveto
-93.51 -18.91 -92.1 -19.82 -91.54 -19.99 curveto
-90.99 -20.15 -86.34 -21.47 -85.5 -21.55 curveto
-84.66 -21.62 -79.88 -23.32 -79.38 -23.61 curveto
-78.87 -23.9 -74.36 -25.91 -73.69 -26.01 curveto
-73.02 -26.11 -66.51 -27.4 -65.48 -27.33 curveto
-64.45 -27.26 -60.71 -28.08 -59.96 -27.98 curveto
-59.22 -27.88 -54.35 -27.98 -53.79 -28.27 curveto
-53.24 -28.56 -49.33 -28.72 -48.63 -28.46 curveto
-47.94 -28.2 -44.63 -27.28 -44.19 -27.19 curveto
-43.76 -27.09 -39.68 -25.8 -39.13 -25.77 curveto
-38.58 -25.75 -35.05 -25.27 -34.45 -25.27 curveto
-33.85 -25.27 -31.57 -24.45 -30.92 -23.78 curveto
-30.27 -23.11 -28.14 -22.17 -27.47 -22.05 curveto
-26.79 -21.93 -21.39 -20.56 -20.46 -20.52 curveto
-19.52 -20.47 -13.81 -19.15 -13.35 -19.05 curveto
-12.9 -18.96 -7.57 -17.23 -6.9 -17.01 curveto
-6.23 -16.8 1.69 -14.21 2.17 -14.01 curveto
2.65 -13.82 9.52 -11.69 10.24 -11.33 curveto
10.96 -10.97 17.58 -8.69 18.4 -8.52 curveto
19.21 -8.35 26.27 -6.38 26.92 -6.02 curveto
27.57 -5.66 32.77 -4.27 33.3 -3.94 curveto
33.83 -3.6 39.54 -1.3 40.21 -0.94 curveto
40.89 -0.58 44.63 0.79 46.19 1.54 curveto
47.75 2.28 52.77 3.62 53.68 4.13 curveto
54.59 4.63 56.87 5.9 57.49 5.9 curveto
58.12 5.9 59.46 6.26 60.06 6.58 curveto
60.66 6.89 64.65 8.5 65.61 8.69 curveto
66.57 8.88 72.25 10.85 73.19 11.18 curveto
74.12 11.52 79.16 13.13 79.93 13.37 curveto
80.7 13.61 85.57 14.66 86.29 14.9 curveto
87.01 15.14 91.88 16.27 92.51 16.41 curveto
93.13 16.56 95 16.8 95.82 16.7 curveto
96.64 16.61 99.49 16.56 100.72 16.63 curveto
101.94 16.7 105.01 16.75 105.95 16.97 curveto
106.88 17.18 108.68 17.33 109.07 17.57 curveto
109.45 17.81 110.17 18.07 110.27 18.19 curveto stroke
 0 0 0 setrgbcolor 0 3.98505 dtransform truncate idtransform setlinewidth pop
newpath 105.96 16.96 moveto 0 0 rlineto stroke
newpath 105.02 16.74 moveto 0 0 rlineto stroke
 0 0.23332 dtransform truncate idtransform setlinewidth pop
newpath 105.96 16.96 moveto
105.02 16.74 lineto stroke
 1 0.85 0 setrgbcolor 0 3.98505
 dtransform truncate idtransform setlinewidth pop
newpath 105.95 16.97 moveto 0 0 rlineto stroke
newpath 105.01 16.75 moveto 0 0 rlineto stroke
 0 0.23332 dtransform truncate idtransform setlinewidth pop
newpath 105.96 16.96 moveto
105.95 16.97 lineto
105.01 16.75 lineto
105.02 16.74 lineto stroke
showpage
%%EOF
