%!PS
%%BoundingBox: -52 -212 49 213 
%%HiResBoundingBox: -51.44165 -211.45001 48.25946 212.40001 
%%Creator: MetaPost 1.209
%%CreationDate: 2019.09.26:1811
%%Pages: 1
%%BeginProlog
%%EndProlog
%%Page: 1 1
 0 0 0 setrgbcolor 0 0.7 dtransform truncate idtransform setlinewidth pop
 [] 0 setdash 1 setlinejoin 10 setmiterlimit
newpath -7.03 -30 moveto
-7.03 -30 -6.13 -29.84 -5.52 -29.86 curveto
-4.91 -29.88 -3.88 -30.33 -4.04 -31.03 curveto
-4.21 -31.73 -5.43 -34.27 -6.14 -34.79 curveto
-6.86 -35.31 -8.76 -37 -8.76 -37 curveto
-9.52 -38.67 lineto
-10.14 -38.57 lineto
-10.14 -38.57 -9.8 -37.25 -9.72 -36.41 curveto
-9.65 -35.56 -8.76 -34.49 -8.26 -33.23 curveto
-7.76 -31.97 -7.03 -30 -7.03 -30 curveto closepath stroke
newpath 33.95 124.93 moveto
33.95 124.93 33.08 125.31 33.19 125.85 curveto
33.29 126.39 33.07 127.21 33.33 127.69 curveto
33.59 128.17 34.2 128.98 34.37 129.61 curveto
34.55 130.23 35.53 131.99 36.01 132.56 curveto
36.49 133.14 37.27 132.91 37.51 133.69 curveto
37.74 134.47 37.8 135.54 38.33 135.58 curveto
38.85 135.63 39.57 135.32 39.57 135.32 curveto
39.57 135.32 39.2 134.37 39.48 133.79 curveto
39.76 133.2 39.38 131.5 38.98 130.85 curveto
38.58 130.21 37.53 129.13 37.21 128.49 curveto
36.89 127.85 35.81 126.31 35.32 125.81 curveto
34.83 125.31 33.95 124.93 33.95 124.93 curveto closepath stroke
newpath 35.18 113.69 moveto
35.18 113.69 36.1 112.7 36.13 112.33 curveto
36.16 111.95 35.01 112.08 35.01 112.08 curveto
34.43 112.63 lineto
34.42 113.62 lineto
 closepath stroke
newpath 35 108.73 moveto
35.6 108.78 lineto
36.49 108.25 lineto
36.42 107.26 lineto
36.42 107.26 35.38 106.17 34.68 107.18 curveto
34.58 107.32 35 108.73 35 108.73 curveto closepath stroke
 1 setlinecap
newpath -33.5 -203.25 moveto
-32.01 -201.44 -30.05 -197.62 -28.2 -195.69 curveto
-26.36 -193.77 -20.93 -186.06 -20.09 -184.3 curveto
-19.24 -182.55 -17.2 -175.32 -16.07 -173.41 curveto
-14.95 -171.49 -12.72 -158.71 -12.81 -156.84 curveto
-12.91 -154.98 -15.41 -145.46 -15.94 -141.17 curveto
-16.47 -136.88 -16.3 -123.08 -16.26 -121.05 curveto
-16.23 -119.03 -13.1 -104.99 -12.69 -102.29 curveto
-12.29 -99.58 -10.35 -93.7 -13.1 -92.86 curveto
-15.85 -92.02 -20.21 -90.89 -19.04 -88.55 curveto
-17.88 -86.2 -18.24 -82.91 -19.13 -81.91 curveto
-20.01 -80.9 -21.76 -76.72 -20.96 -75.06 curveto
-20.17 -73.4 -18.64 -69.51 -17.86 -67.7 curveto
-17.08 -65.9 -13.29 -62.16 -11.63 -59.7 curveto
-9.97 -57.24 -3.73 -50.24 -2.34 -48.02 curveto
-0.95 -45.8 5.38 -37.35 6.27 -35.25 curveto
7.17 -33.15 7.51 -28.92 9.71 -27.64 curveto
11.91 -26.36 15.5 -24.39 16.46 -23.87 curveto stroke
newpath -20.64 -35.71 moveto
-21.29 -38.22 -28.79 -48.01 -30.88 -50.5 curveto
-32.97 -53 -39.2 -67.43 -41.76 -76.04 curveto
-44.32 -84.65 -47.48 -91.43 -48.22 -94.53 curveto
-48.96 -97.64 -40.05 -105.08 -38.96 -107.59 curveto
-37.87 -110.09 -37.29 -121.46 -36.96 -125.19 curveto
-36.63 -128.92 -41.72 -146.44 -42.47 -149.4 curveto
-43.23 -152.36 -42.96 -160.45 -42.34 -164.17 curveto
-41.72 -167.89 -46.3 -176.2 -48.64 -180.64 curveto
-50.98 -185.09 -51.56 -196.56 -50.74 -198.63 curveto
-50.06 -200.38 -46.65 -209.23 -46.47 -211.1 curveto stroke
newpath 16.43 -12.67 moveto
15.99 -13.43 14.03 -15.77 13.41 -16.19 curveto
12.8 -16.6 10.44 -19.34 10.53 -17.88 curveto
10.62 -16.43 10.93 -13.22 9.72 -11.81 curveto
8.52 -10.39 7.23 -8.84 5.58 -8.11 curveto
3.92 -7.39 0.22 -6.26 2.41 -4.92 curveto
4.61 -3.56 9.96 2.71 10.82 3.58 curveto
11.68 4.45 18.66 10.34 19.37 11.34 curveto
20.07 12.34 30.81 21.37 31.81 23.12 curveto
32.81 24.87 34.82 28.22 36.27 29 curveto
37.72 29.78 43.66 32.76 44.12 34.11 curveto
44.58 35.45 46.4 40.16 46.76 40.99 curveto
47.12 41.82 49.53 44.78 46.06 43.96 curveto
42.59 43.15 40.38 42.88 39.37 41.2 curveto
38.36 39.52 36.68 38.15 36.04 38.02 curveto
35.4 37.89 34.94 37.34 34.77 40.07 curveto
34.6 42.8 34.54 46.7 34.37 47.77 curveto
34.2 48.84 34.39 58.11 34.97 61.35 curveto
35.55 64.58 34.84 71.68 35.54 73.62 curveto
36.23 75.56 40.36 81.14 40.92 82.13 curveto
41.48 83.12 42.61 85.02 42.84 85.66 curveto
43.07 86.29 44.36 88 44.63 88.31 curveto
44.89 88.62 46.63 91.74 44.07 90.1 curveto
43.16 89.52 42.68 89.08 42.5 89.86 curveto
42.32 90.63 41.93 92.12 42.2 92.79 curveto
42.46 93.46 43.52 95.4 43.62 95.84 curveto
43.73 96.28 43.75 97.26 43.85 97.74 curveto
43.95 98.22 44.09 99.49 43.16 98.98 curveto
42.85 98.8 42.42 98.73 42.75 99.08 curveto
43.08 99.44 43.43 100.44 43.83 101.2 curveto
44.23 101.96 45.35 103.18 44.94 103.79 curveto
44.52 104.41 44.64 104.67 43.93 104.5 curveto
43.23 104.33 41.97 104.61 41.99 105.23 curveto
42.01 105.84 42.59 107.45 42.46 108.13 curveto
42.32 108.8 42.22 112.84 42.37 114.01 curveto
42.52 115.18 43.55 124.39 43.64 125.44 curveto
43.72 126.5 44.03 131.19 43.96 131.98 curveto
43.89 132.77 43.61 135.42 44.42 135.23 curveto
45.24 135.05 46.93 135.46 47.07 136.41 curveto
47.2 137.36 47.39 138.5 47.27 139.39 curveto
47.15 140.28 46.16 141.28 44.77 140.29 curveto
43.38 139.3 42.09 139.07 41.73 139.08 curveto
41.37 139.08 40.63 139.23 41.24 140.15 curveto
41.84 141.08 43.05 143.32 43.35 143.63 curveto
43.65 143.95 44.09 145.03 43.13 144.44 curveto
42.17 143.85 41.39 143.78 41.74 144.64 curveto
42.1 145.51 42.25 146.28 42.8 146.98 curveto
43.35 147.68 43.7 147.82 43.64 148.03 curveto
43.59 148.24 43.48 148.67 42.51 148.18 curveto
41.54 147.7 40.64 146.86 40.54 147.61 curveto
40.43 148.36 40.63 149.03 41.42 149.93 curveto
42.2 150.83 42.19 152.6 42.31 153.3 curveto
42.43 153.99 42.9 155.16 42.45 154.97 curveto
41.99 154.79 41.01 154.05 40.17 154.55 curveto
39.33 155.06 38.39 155.48 37.61 156.13 curveto
36.83 156.79 36.05 156.94 35.06 157.5 curveto
34.07 158.06 33.89 158.12 33.7 158.97 curveto
33.52 159.82 33.6 163.33 33.7 163.85 curveto
33.8 164.36 33.67 166.66 32.83 164.71 curveto
31.99 162.76 31.22 161.24 31.14 160.94 curveto
31.06 160.65 30.39 160.41 29.75 161.11 curveto
29.11 161.81 28.96 164.76 29.13 165.25 curveto
29.3 165.73 29.35 166.79 29.52 167.38 curveto
29.68 167.97 29.88 169.44 28.4 168.15 curveto
26.92 166.86 27.54 167.2 27.53 166.15 curveto
27.51 165.1 27.52 163.84 27.57 163.7 curveto
27.62 163.56 27.5 163.19 27.5 163.19 curveto
27.5 163.19 27.09 163.33 26.35 163.92 curveto
25.62 164.5 25.35 165.89 25.41 166.76 curveto
25.48 167.63 25.6 170.36 25.83 170.67 curveto
26.05 170.97 26.07 172.02 25.35 171.13 curveto
24.63 170.23 24.3 169.95 24.02 169.42 curveto
23.74 168.89 23.29 167.11 23.29 167.11 curveto
23.29 167.11 22.81 166.35 22.18 166.91 curveto
21.55 167.46 21.97 168.08 22.07 168.99 curveto
22.17 169.91 21.44 171.58 21.9 172.12 curveto
22.36 172.67 22.72 173.5 22.5 173.84 curveto
22.29 174.18 21.61 174.99 21.25 173.76 curveto
20.88 172.54 20.44 170.58 20.39 170.43 curveto
20.33 170.28 19.68 169.39 18.83 170.08 curveto
17.97 170.76 17.44 171.87 17.97 172.42 curveto
18.5 172.98 18.89 175 19.04 175.34 curveto
19.19 175.68 19.19 177.7 17.98 176.36 curveto
16.76 175.03 16.59 174.43 16.29 173.83 curveto
15.98 173.22 15.76 172.08 15.24 173.41 curveto
14.72 174.74 14.49 175.73 14.99 176.17 curveto
15.5 176.61 15.61 177.38 15.79 177.76 curveto
15.97 178.14 16.46 179.61 14.57 178.01 curveto
14 177.53 13.77 176.86 13.36 176.64 curveto
12.95 176.42 12.01 175.54 12.63 177.08 curveto
13.26 178.62 14.18 179.57 14.06 180.1 curveto
13.94 180.63 14.04 181.22 13.64 181.62 curveto
13.24 182.02 13.16 181.36 12.68 180.59 curveto
12.21 179.83 11.72 178.84 11.24 178.87 curveto
10.77 178.9 10.29 179.04 9.87 180.05 curveto
9.46 181.06 9.51 182.88 10 184.29 curveto
10.49 185.71 10.94 188.79 10.5 189.62 curveto
10.07 190.44 10.85 191.02 11.08 192.42 curveto
11.32 193.81 12.02 195.28 10.97 196.56 curveto
9.91 197.84 9.58 201.17 8.78 202.48 curveto
7.97 203.78 5.96 205.3 5.14 205.91 curveto
4.33 206.52 3.25 208.96 2.7 209.42 curveto
2.15 209.87 0.26 212.05 0.26 212.05 curveto stroke
newpath -16.28 -5.61 moveto
-17.19 -7.19 -18.38 -8.28 -19.94 -10.22 curveto
-21.5 -12.17 -22.86 -13.87 -23.15 -15.86 curveto
-23.43 -17.85 -24.76 -19.03 -24.57 -21.21 curveto
-24.39 -23.39 -24.15 -25.33 -22.7 -27.25 curveto
-21.26 -29.16 -21.07 -31.34 -20.83 -32.3 curveto
-20.59 -33.26 -20.64 -35.71 -20.64 -35.71 curveto stroke
newpath 22.6 100.94 moveto
22.6 100.94 23.1 97.01 23.2 95.86 curveto
23.3 94.71 23.21 89.97 23.18 88.12 curveto
23.08 82.77 22.09 81.74 19.68 79.5 curveto
17.28 77.26 18.69 73.63 19.7 72.06 curveto
20.71 70.49 20.92 68.05 21.78 65.74 curveto
22.63 63.43 23.53 57.43 22.94 55.14 curveto
22.35 52.84 25.68 42.29 26.1 40.81 curveto
26.52 39.33 27.09 30.64 27.26 29.64 curveto
27.42 28.64 22.84 26.65 21.61 25.82 curveto
20.39 24.99 19.8 25.08 18.51 25.83 curveto
17.22 26.58 17.23 26.44 17.16 25.57 curveto
17.1 24.7 17.48 22.78 16.87 22.44 curveto
16.25 22.1 11.84 18.89 10.4 18.04 curveto
8.96 17.19 9.08 15.91 7.84 16.81 curveto
6.61 17.71 6.84 16.79 6.34 15.88 curveto
5.84 14.97 6.18 14.42 5.35 14.06 curveto
4.51 13.7 1.7 11.28 -1.2 8.14 curveto
-4.09 5 -9.76 0.46 -10.82 -0.64 curveto stroke
newpath -9 202.3 moveto
-8.56 202.27 -6.92 198.44 -6.45 196.38 curveto
-5.97 194.33 -6.5 192.91 -6.25 190.11 curveto
-6 187.31 -7.43 185.52 -7.83 184.4 curveto
-8.24 183.28 -7.21 179.83 -6.42 178.24 curveto
-5.62 176.64 -5.79 173.67 -5.56 171.95 curveto
-5.34 170.23 -1.79 165.27 -0.09 163.26 curveto
1.61 161.24 11.72 152.45 12.74 151.6 curveto
13.76 150.75 20.3 145.48 21.64 144.23 curveto
22.99 142.97 26.74 139.84 28.15 138.66 curveto
29.55 137.49 29.08 137.16 28.5 136.31 curveto
27.93 135.46 25.88 133.4 24.85 132.81 curveto
23.82 132.21 22.74 128.87 22.79 127.5 curveto
22.84 126.13 20.61 123.55 19.84 122.47 curveto stroke
 0 0.24501 dtransform truncate idtransform setlinewidth pop
newpath -24.29997 -171.93 moveto
-21.50002 -171.93 lineto stroke
 0.24501 0 dtransform exch truncate exch idtransform pop setlinewidth
newpath -22.9 -173.32997 moveto
-22.9 -170.53001 lineto stroke
 0.00002 0.00018 0.00102 setrgbcolor
newpath -22.33998 -171.93 moveto
-22.33998 -171.78146 -22.39899 -171.63904 -22.50401 -171.53401 curveto
-22.60904 -171.42899 -22.75146 -171.36998 -22.9 -171.36998 curveto
-23.04852 -171.36998 -23.19095 -171.42899 -23.29597 -171.53401 curveto
-23.401 -171.63904 -23.46 -171.78146 -23.46 -171.93 curveto
-23.46 -172.07852 -23.401 -172.22095 -23.29597 -172.32597 curveto
-23.19095 -172.431 -23.04852 -172.49 -22.9 -172.49 curveto
-22.75146 -172.49 -22.60904 -172.431 -22.50401 -172.32597 curveto
-22.39899 -172.22095 -22.33998 -172.07852 -22.33998 -171.93 curveto closepath
 fill
 0 0 0 setrgbcolor 0 0.35 dtransform truncate idtransform setlinewidth pop
newpath -22.9 -171.93 moveto 0 0 rlineto stroke
 0 0.24501 dtransform truncate idtransform setlinewidth pop
newpath -33.84998 -112.05 moveto
-31.05002 -112.05 lineto stroke
 0.24501 0 dtransform exch truncate exch idtransform pop setlinewidth
newpath -32.45 -113.44998 moveto
-32.45 -110.65002 lineto stroke
 0.00002 0.00018 0.00102 setrgbcolor
newpath -31.88998 -112.05 moveto
-31.88998 -111.90147 -31.94899 -111.75905 -32.05402 -111.65402 curveto
-32.15904 -111.549 -32.30147 -111.48999 -32.45 -111.48999 curveto
-32.59853 -111.48999 -32.74095 -111.549 -32.84598 -111.65402 curveto
-32.951 -111.75905 -33.01001 -111.90147 -33.01001 -112.05 curveto
-33.01001 -112.19853 -32.951 -112.34096 -32.84598 -112.44598 curveto
-32.74095 -112.55101 -32.59853 -112.61002 -32.45 -112.61002 curveto
-32.30147 -112.61002 -32.15904 -112.55101 -32.05402 -112.44598 curveto
-31.94899 -112.34096 -31.88998 -112.19853 -31.88998 -112.05 curveto closepath
 fill
 0 0 0 setrgbcolor 0 0.35 dtransform truncate idtransform setlinewidth pop
newpath -32.45 -112.05 moveto 0 0 rlineto stroke
 0 0.24501 dtransform truncate idtransform setlinewidth pop
newpath -26.31998 -58.85 moveto
-23.52002 -58.85 lineto stroke
 0.24501 0 dtransform exch truncate exch idtransform pop setlinewidth
newpath -24.92 -60.24998 moveto
-24.92 -57.45003 lineto stroke
 0.00002 0.00018 0.00102 setrgbcolor
newpath -24.35999 -58.85 moveto
-24.35999 -58.70148 -24.41899 -58.55905 -24.52402 -58.45403 curveto
-24.62904 -58.349 -24.77147 -58.29 -24.92 -58.29 curveto
-25.06853 -58.29 -25.21095 -58.349 -25.31598 -58.45403 curveto
-25.421 -58.55905 -25.48001 -58.70148 -25.48001 -58.85 curveto
-25.48001 -58.99854 -25.421 -59.14096 -25.31598 -59.24599 curveto
-25.21095 -59.35101 -25.06853 -59.41002 -24.92 -59.41002 curveto
-24.77147 -59.41002 -24.62904 -59.35101 -24.52402 -59.24599 curveto
-24.41899 -59.14096 -24.35999 -58.99854 -24.35999 -58.85 curveto closepath fill
 0 0 0 setrgbcolor 0 0.35 dtransform truncate idtransform setlinewidth pop
newpath -24.92 -58.85 moveto 0 0 rlineto stroke
 0 0.24501 dtransform truncate idtransform setlinewidth pop
newpath 8.25002 -25.45 moveto
11.04997 -25.45 lineto stroke
 0.24501 0 dtransform exch truncate exch idtransform pop setlinewidth
newpath 9.65 -26.84998 moveto
9.65 -24.05002 lineto stroke
 0.00002 0.00018 0.00102 setrgbcolor
newpath 10.21 -25.45 moveto
10.21 -25.30147 10.151 -25.15904 10.04597 -25.05402 curveto
9.94095 -24.94899 9.79852 -24.88998 9.65 -24.88998 curveto
9.50146 -24.88998 9.35904 -24.94899 9.25401 -25.05402 curveto
9.14899 -25.15904 9.08998 -25.30147 9.08998 -25.45 curveto
9.08998 -25.59853 9.14899 -25.74095 9.25401 -25.84598 curveto
9.35904 -25.951 9.50146 -26.01001 9.65 -26.01001 curveto
9.79852 -26.01001 9.94095 -25.951 10.04597 -25.84598 curveto
10.151 -25.74095 10.21 -25.59853 10.21 -25.45 curveto closepath fill
 0 0 0 setrgbcolor 0 0.35 dtransform truncate idtransform setlinewidth pop
newpath 9.65 -25.45 moveto 0 0 rlineto stroke
 0 0.24501 dtransform truncate idtransform setlinewidth pop
newpath -5.38998 -0.73 moveto
-2.59003 -0.73 lineto stroke
 0.24501 0 dtransform exch truncate exch idtransform pop setlinewidth
newpath -3.99 -2.12997 moveto
-3.99 0.66998 lineto stroke
 0.00002 0.00018 0.00102 setrgbcolor
newpath -3.43 -0.73 moveto
-3.43 -0.58147 -3.489 -0.43904 -3.59402 -0.33401 curveto
-3.69905 -0.22899 -3.84148 -0.16998 -3.99 -0.16998 curveto
-4.13853 -0.16998 -4.28096 -0.22899 -4.38599 -0.33401 curveto
-4.49101 -0.43904 -4.55002 -0.58147 -4.55002 -0.73 curveto
-4.55002 -0.87852 -4.49101 -1.02095 -4.38599 -1.12598 curveto
-4.28096 -1.231 -4.13853 -1.29001 -3.99 -1.29001 curveto
-3.84148 -1.29001 -3.69905 -1.231 -3.59402 -1.12598 curveto
-3.489 -1.02095 -3.43 -0.87852 -3.43 -0.73 curveto closepath fill
 0 0 0 setrgbcolor 0 0.35 dtransform truncate idtransform setlinewidth pop
newpath -3.99 -0.73 moveto 0 0 rlineto stroke
 0 0.24501 dtransform truncate idtransform setlinewidth pop
newpath 33.20003 28.13 moveto
35.99998 28.13 lineto stroke
 0.24501 0 dtransform exch truncate exch idtransform pop setlinewidth
newpath 34.6 26.73003 moveto
34.6 29.52998 lineto stroke
 0.00002 0.00018 0.00102 setrgbcolor
newpath 35.16002 28.13 moveto
35.16002 28.27853 35.10101 28.42096 34.99599 28.52599 curveto
34.89096 28.63101 34.74854 28.69002 34.6 28.69002 curveto
34.45148 28.69002 34.30905 28.63101 34.20403 28.52599 curveto
34.099 28.42096 34.04 28.27853 34.04 28.13 curveto
34.04 27.98148 34.099 27.83905 34.20403 27.73402 curveto
34.30905 27.629 34.45148 27.56999 34.6 27.56999 curveto
34.74854 27.56999 34.89096 27.629 34.99599 27.73402 curveto
35.10101 27.83905 35.16002 27.98148 35.16002 28.13 curveto closepath fill
 0 0 0 setrgbcolor 0 0.35 dtransform truncate idtransform setlinewidth pop
newpath 34.6 28.13 moveto 0 0 rlineto stroke
 0 0.24501 dtransform truncate idtransform setlinewidth pop
newpath 25.68002 49.95 moveto
28.47998 49.95 lineto stroke
 0.24501 0 dtransform exch truncate exch idtransform pop setlinewidth
newpath 27.08 48.55002 moveto
27.08 51.34998 lineto stroke
 0.00002 0.00018 0.00102 setrgbcolor
newpath 27.64001 49.95 moveto
27.64001 50.09853 27.58101 50.24095 27.47598 50.34598 curveto
27.37096 50.451 27.22853 50.51001 27.08 50.51001 curveto
26.93147 50.51001 26.78905 50.451 26.68402 50.34598 curveto
26.579 50.24095 26.51999 50.09853 26.51999 49.95 curveto
26.51999 49.80147 26.579 49.65904 26.68402 49.55402 curveto
26.78905 49.44899 26.93147 49.38998 27.08 49.38998 curveto
27.22853 49.38998 27.37096 49.44899 27.47598 49.55402 curveto
27.58101 49.65904 27.64001 49.80147 27.64001 49.95 curveto closepath fill
 0 0 0 setrgbcolor 0 0.35 dtransform truncate idtransform setlinewidth pop
newpath 27.08 49.95 moveto 0 0 rlineto stroke
 0 0.24501 dtransform truncate idtransform setlinewidth pop
newpath 32.18002 73.91 moveto
34.97998 73.91 lineto stroke
 0.24501 0 dtransform exch truncate exch idtransform pop setlinewidth
newpath 33.58 72.51003 moveto
33.58 75.30998 lineto stroke
 0.00002 0.00018 0.00102 setrgbcolor
newpath 34.14001 73.91 moveto
34.14001 74.05853 34.08101 74.20096 33.97598 74.30598 curveto
33.87096 74.41101 33.72853 74.47002 33.58 74.47002 curveto
33.43147 74.47002 33.28905 74.41101 33.18402 74.30598 curveto
33.079 74.20096 33.01999 74.05853 33.01999 73.91 curveto
33.01999 73.76147 33.079 73.61905 33.18402 73.51402 curveto
33.28905 73.409 33.43147 73.34999 33.58 73.34999 curveto
33.72853 73.34999 33.87096 73.409 33.97598 73.51402 curveto
34.08101 73.61905 34.14001 73.76147 34.14001 73.91 curveto closepath fill
 0 0 0 setrgbcolor 0 0.35 dtransform truncate idtransform setlinewidth pop
newpath 33.58 73.91 moveto 0 0 rlineto stroke
 0 0.24501 dtransform truncate idtransform setlinewidth pop
newpath 29.17003 105.19 moveto
31.96999 105.19 lineto stroke
 0.24501 0 dtransform exch truncate exch idtransform pop setlinewidth
newpath 30.57 103.79002 moveto
30.57 106.58998 lineto stroke
 0.00002 0.00018 0.00102 setrgbcolor
newpath 31.13002 105.19 moveto
31.13002 105.33853 31.07101 105.48096 30.96599 105.58598 curveto
30.86096 105.69101 30.71854 105.75002 30.57 105.75002 curveto
30.42148 105.75002 30.27905 105.69101 30.17403 105.58598 curveto
30.069 105.48096 30.01 105.33853 30.01 105.19 curveto
30.01 105.04147 30.069 104.89905 30.17403 104.79402 curveto
30.27905 104.689 30.42148 104.62999 30.57 104.62999 curveto
30.71854 104.62999 30.86096 104.689 30.96599 104.79402 curveto
31.07101 104.89905 31.13002 105.04147 31.13002 105.19 curveto closepath fill
 0 0 0 setrgbcolor 0 0.35 dtransform truncate idtransform setlinewidth pop
newpath 30.57 105.19 moveto 0 0 rlineto stroke
 0 0.24501 dtransform truncate idtransform setlinewidth pop
newpath 25.33002 121.23 moveto
28.12997 121.23 lineto stroke
 0.24501 0 dtransform exch truncate exch idtransform pop setlinewidth
newpath 26.73 119.83002 moveto
26.73 122.62997 lineto stroke
 0.00002 0.00018 0.00102 setrgbcolor
newpath 27.29001 121.23 moveto
27.29001 121.37852 27.231 121.52095 27.12598 121.62598 curveto
27.02095 121.731 26.87852 121.79001 26.73 121.79001 curveto
26.58147 121.79001 26.43904 121.731 26.33401 121.62598 curveto
26.22899 121.52095 26.16998 121.37852 26.16998 121.23 curveto
26.16998 121.08147 26.22899 120.93904 26.33401 120.83401 curveto
26.43904 120.72899 26.58147 120.66998 26.73 120.66998 curveto
26.87852 120.66998 27.02095 120.72899 27.12598 120.83401 curveto
27.231 120.93904 27.29001 121.08147 27.29001 121.23 curveto closepath fill
 0 0 0 setrgbcolor 0 0.35 dtransform truncate idtransform setlinewidth pop
newpath 26.73 121.23 moveto 0 0 rlineto stroke
 0 0.24501 dtransform truncate idtransform setlinewidth pop
newpath 39.18002 140.14 moveto
41.97998 140.14 lineto stroke
 0.24501 0 dtransform exch truncate exch idtransform pop setlinewidth
newpath 40.58 138.74002 moveto
40.58 141.53998 lineto stroke
 0.00002 0.00018 0.00102 setrgbcolor
newpath 41.14001 140.14 moveto
41.14001 140.28853 41.08101 140.43095 40.97598 140.53598 curveto
40.87096 140.641 40.72853 140.70001 40.58 140.70001 curveto
40.43147 140.70001 40.28905 140.641 40.18402 140.53598 curveto
40.079 140.43095 40.01999 140.28853 40.01999 140.14 curveto
40.01999 139.99147 40.079 139.84904 40.18402 139.74402 curveto
40.28905 139.63899 40.43147 139.57999 40.58 139.57999 curveto
40.72853 139.57999 40.87096 139.63899 40.97598 139.74402 curveto
41.08101 139.84904 41.14001 139.99147 41.14001 140.14 curveto closepath fill
 0 0 0 setrgbcolor 0 0.35 dtransform truncate idtransform setlinewidth pop
newpath 40.58 140.14 moveto 0 0 rlineto stroke
 0 0.24501 dtransform truncate idtransform setlinewidth pop
newpath -0.81998 173.15 moveto
1.97998 173.15 lineto stroke
 0.24501 0 dtransform exch truncate exch idtransform pop setlinewidth
newpath 0.58 171.75002 moveto
0.58 174.54997 lineto stroke
 0.00002 0.00018 0.00102 setrgbcolor
newpath 1.14001 173.15 moveto
1.14001 173.29852 1.08101 173.44095 0.97598 173.54597 curveto
0.87096 173.651 0.72853 173.71 0.58 173.71 curveto
0.43147 173.71 0.28905 173.651 0.18402 173.54597 curveto
0.079 173.44095 0.01999 173.29852 0.01999 173.15 curveto
0.01999 173.00146 0.079 172.85904 0.18402 172.75401 curveto
0.28905 172.64899 0.43147 172.58998 0.58 172.58998 curveto
0.72853 172.58998 0.87096 172.64899 0.97598 172.75401 curveto
1.08101 172.85904 1.14001 173.00146 1.14001 173.15 curveto closepath fill
 0 0 0 setrgbcolor 0 0.35 dtransform truncate idtransform setlinewidth pop
newpath 0.58 173.15 moveto 0 0 rlineto stroke
 0 0.24501 dtransform truncate idtransform setlinewidth pop
newpath -33.36998 -199.08 moveto
-30.57002 -199.08 lineto stroke
 0.24501 0 dtransform exch truncate exch idtransform pop setlinewidth
newpath -31.97 -200.47998 moveto
-31.97 -197.68002 lineto stroke
 0.00002 0.00018 0.00102 setrgbcolor
newpath -31.40999 -199.08 moveto
-31.40999 -198.93147 -31.469 -198.78905 -31.57402 -198.68402 curveto
-31.67905 -198.579 -31.82147 -198.51999 -31.97 -198.51999 curveto
-32.11853 -198.51999 -32.26096 -198.579 -32.36598 -198.68402 curveto
-32.47101 -198.78905 -32.53001 -198.93147 -32.53001 -199.08 curveto
-32.53001 -199.22853 -32.47101 -199.37096 -32.36598 -199.47598 curveto
-32.26096 -199.58101 -32.11853 -199.64001 -31.97 -199.64001 curveto
-31.82147 -199.64001 -31.67905 -199.58101 -31.57402 -199.47598 curveto
-31.469 -199.37096 -31.40999 -199.22853 -31.40999 -199.08 curveto closepath
 fill
 0 0 0 setrgbcolor 0 0.35 dtransform truncate idtransform setlinewidth pop
newpath -31.97 -199.08 moveto 0 0 rlineto stroke
showpage
%%EOF
