%!PS
%%BoundingBox: -220 -139 216 137 
%%HiResBoundingBox: -219.47252 -138.82152 215.5294 136.71251 
%%Creator: MetaPost 1.209
%%CreationDate: 2019.09.26:1811
%%Pages: 1
%%BeginProlog
%%EndProlog
%%Page: 1 1
 0 0 0 setrgbcolor 0 0.24501 dtransform truncate idtransform setlinewidth pop
 [] 0 setdash 1 setlinecap 1 setlinejoin 10 setmiterlimit
newpath -219.35 -127.42 moveto
-219.1 -127.84 -216.6 -129.93 -214.8 -129.91 curveto
-212.99 -129.89 -209.17 -131.44 -207.81 -133.71 curveto
-206.46 -135.98 -204.84 -136.27 -203.54 -136.23 curveto
-202.24 -136.19 -190.44 -136.01 -187.3 -135.5 curveto
-184.17 -135 -178.41 -139.54 -178.72 -138.56 curveto
-179.02 -137.57 -176.66 -135.7 -174.76 -133.5 curveto
-172.87 -131.3 -166.55 -130.88 -161.88 -129.66 curveto
-157.22 -128.44 -160.32 -122.94 -160.68 -122.97 curveto
-161.04 -123 -164.94 -119.16 -164.94 -119.16 curveto
-168.18 -116.06 lineto
-168.18 -116.06 -161.19 -113.4 -159.45 -114.98 curveto
-157.72 -116.56 -151.24 -117.78 -149.19 -115.71 curveto
-147.14 -113.64 -140.1 -113.94 -137.88 -113.81 curveto
-135.65 -113.67 -131.3 -112.27 -126.81 -111.64 curveto
-122.31 -111.02 -122.47 -110.02 -121.39 -106.74 curveto
-120.31 -103.47 -117.58 -104.16 -116.56 -104.14 curveto
-115.55 -104.12 -114.73 -108.46 -115.13 -108.86 curveto
-115.53 -109.25 -115.36 -112.71 -115.06 -113.62 curveto
-114.76 -114.54 -111.79 -122.66 -111.79 -122.66 curveto
-111.79 -122.66 -110.12 -124.32 -108.36 -122.99 curveto
-106.59 -121.67 -106.14 -121.21 -105.71 -121.17 curveto
-105.27 -121.13 -99.55 -118.01 -98.46 -117.33 curveto
-97.36 -116.65 -92.19 -112.27 -89.17 -109.68 curveto
-86.15 -107.09 -86.34 -105.81 -85.97 -105.12 curveto
-85.6 -104.44 -83.4 -98.39 -82.69 -95.08 curveto
-81.98 -91.76 -80.46 -93.36 -79.88 -93.45 curveto
-79.29 -93.54 -78.17 -93.88 -73.58 -96.65 curveto
-68.99 -99.41 -68.66 -96.71 -68.12 -96.22 curveto
-67.59 -95.74 -63.29 -91.22 -62.28 -91.2 curveto
-61.27 -91.18 -57.47 -89.17 -56.33 -88.27 curveto
-55.18 -87.37 -50.59 -85.36 -49.11 -84.22 curveto
-47.62 -83.07 -45 -82.47 -44.37 -81.47 curveto
-43.74 -80.48 -42.31 -78.68 -40.02 -76.89 curveto
-37.72 -75.09 -37.79 -74.37 -38.37 -72.69 curveto
-38.96 -71.01 -39.62 -64.49 -39.21 -63.44 curveto
-38.79 -62.39 -30.55 -55.28 -27.23 -53.68 curveto
-23.91 -52.08 -16.9 -48.77 -14.19 -48.46 curveto
-11.47 -48.14 -2.93 -44.99 -1.46 -42.9 curveto
0.02 -40.82 4.47 -38.1 5.6 -36.99 curveto
6.73 -35.87 15.31 -30.04 16.17 -29.1 curveto
17.02 -28.15 24.25 -22.51 24.77 -21.81 curveto
25.28 -21.12 33.18 -7.68 33.8 -6.61 curveto
34.43 -5.54 37.66 3.5 37.82 4.09 curveto
37.99 4.69 41.11 13.35 41.56 14.7 curveto
42.02 16.04 41.99 21.17 43.75 24.15 curveto
45.5 27.13 45.62 32.99 45.56 33.64 curveto
45.51 34.28 48.31 42.49 49 45.23 curveto
49.69 47.96 52.99 53.11 54.73 53.84 curveto
56.47 54.58 64.18 55.72 66.75 55.24 curveto
69.33 54.75 79.53 55.31 79.53 55.31 curveto
79.53 55.31 79.84 52.67 80.61 52.16 curveto
81.37 51.65 86.38 51.45 90.12 51.64 curveto
93.86 51.83 94.68 46.77 98.87 43.68 curveto
103.06 40.58 101.84 33.31 101.84 33.31 curveto
101.84 33.31 101.34 25.24 105.81 25.43 curveto
110.27 25.62 113.5 21.93 113.82 21.53 curveto
114.15 21.12 119.53 14.38 121.2 12.72 curveto
122.87 11.07 127.59 6.15 132.84 3.31 curveto
138.09 0.46 144.16 2.03 144.88 2.82 curveto
145.6 3.6 148.11 4.63 151.71 7.99 curveto
155.3 11.35 163.79 9.44 163.79 9.44 curveto
163.79 9.44 172.02 7.87 175.29 9.32 curveto
178.55 10.78 178.08 11.96 178.08 11.96 curveto
179.45 18.45 lineto
179.45 18.45 182.29 27.81 183.24 34.05 curveto
184.19 40.28 188.72 42.13 189.05 42.53 curveto
189.38 42.92 191.01 50.44 191.07 51.38 curveto
191.13 52.33 192.5 58.67 192.37 59.38 curveto
192.23 60.09 190.9 61.99 191.12 66.85 curveto
191.33 71.72 194.04 69.72 195.46 69.2 curveto
196.88 68.67 202.61 67.74 208.56 68.35 curveto
214.5 68.96 214.25 74.15 215.17 76.76 curveto
216.09 79.38 214.12 89.83 212.86 91.74 curveto
211.61 93.65 209.92 105.93 209.9 110.99 curveto
209.88 116.05 207.6 122.14 207.6 122.93 curveto
207.6 123.73 205.72 126.88 205.16 128.28 curveto
204.6 129.68 197.71 129.13 195.34 129.78 curveto
192.96 130.44 188.46 132.2 187.95 133.02 curveto
187.44 133.84 176.2 136.59 176.2 136.59 curveto stroke
newpath 165.64 135.7 moveto
165.64 135.7 168.38 130.23 172.63 129.68 curveto
176.87 129.12 185.9 118.94 186.47 118.27 curveto
187.03 117.6 197.48 106.84 198.95 102.56 curveto
200.41 98.28 202.66 95.8 201.52 90.85 curveto
200.39 85.9 199.74 83.46 199.74 83.46 curveto
199.74 83.46 198.62 80.68 194.39 81.96 curveto
190.15 83.25 186.7 80.62 185.01 76.86 curveto
183.33 73.1 180.82 68.75 181.99 65.38 curveto
183.16 62.02 184.25 61.18 181.89 59.37 curveto
179.52 57.57 176.19 48.01 176.09 47.57 curveto
175.98 47.13 175.24 44.89 179.33 44.54 curveto
183.41 44.18 179.25 42.14 179.03 40.61 curveto
178.81 39.07 175.84 31.93 175.94 30.78 curveto
176.05 29.64 173.61 26.23 173.16 25.61 curveto
172.71 24.99 167.14 21.09 169.83 17.72 curveto
172.52 14.35 172.57 13.85 172.57 13.85 curveto
172.57 13.85 167.07 17.9 165.8 17.57 curveto
164.53 17.24 152.42 19.33 151.41 19.24 curveto
150.41 19.15 135.67 20.7 134.24 22.09 curveto
132.81 23.48 129.38 23.81 126.74 28.92 curveto
124.11 34.03 120.89 36.12 115.62 36.88 curveto
110.34 37.63 106.08 42.45 104.78 43.13 curveto
103.49 43.81 97.06 50.1 96.41 50.91 curveto
95.75 51.72 93.83 54.51 93.11 54.52 curveto
92.39 54.52 90.93 56.99 91.29 59.48 curveto
91.64 61.97 89.81 67.01 88.91 66.57 curveto
88.01 66.12 86.32 63.29 86.32 63.29 curveto
86.32 63.29 79.39 63.32 78.33 63.8 curveto
77.28 64.28 68 64.6 65.65 65.83 curveto
63.29 67.07 60.76 66.26 59.42 65.92 curveto
58.08 65.58 55.12 65.45 54.74 64.84 curveto stroke
newpath 48.61 60.67 moveto
48.61 60.67 45.91 58.54 44.9 56.93 curveto
43.89 55.32 37.86 49.28 37.79 48.48 curveto
37.72 47.68 33.81 38.94 34.1 36.51 curveto
34.39 34.07 33.14 27.89 32.98 25.7 curveto
32.81 23.52 26.16 8.32 25.11 6.41 curveto
24.05 4.51 19.64 -5.94 19.25 -6.41 curveto
18.86 -6.88 15.25 -15.73 12.04 -17.76 curveto
8.82 -19.78 -0.83 -28.97 -1.74 -29.34 curveto
-2.65 -29.71 -8.75 -31.78 -10.44 -33.08 curveto
-12.13 -34.39 -24.62 -40.22 -26.93 -41.01 curveto
-29.25 -41.79 -40.34 -44.61 -42.68 -45.11 curveto
-45.02 -45.61 -55.75 -46.01 -56.77 -48.34 curveto
-57.78 -50.67 -60.98 -53.71 -59.84 -54.33 curveto
-58.7 -54.95 -68.47 -54.03 -71.71 -54.11 curveto
-74.96 -54.18 -81.84 -50.83 -83.88 -48.2 curveto
-85.93 -45.56 -94.09 -42.47 -99.59 -45.57 curveto
-105.09 -48.67 -103.47 -49.03 -111.73 -48.04 curveto
-119.99 -47.05 -129.1 -45.49 -129.4 -45.37 curveto
-129.7 -45.26 -133.44 -43.06 -136.9 -47.21 curveto
-140.35 -51.36 -141.64 -51.48 -143.04 -51.17 curveto
-144.44 -50.86 -148.8 -45.84 -149.37 -45.17 curveto
-149.93 -44.49 -153.28 -41.91 -152.83 -38.97 curveto
-152.37 -36.04 -152.2 -31.55 -151.46 -31.04 curveto
-150.71 -30.54 -146.73 -28.95 -146.21 -29.19 curveto
-145.68 -29.43 -146.82 -24.84 -149.18 -24.33 curveto
-151.53 -23.83 -154.72 -21.37 -156.21 -21.65 curveto
-157.7 -21.93 -162.62 -24.25 -160.5 -26.09 curveto
-158.39 -27.92 -155.56 -28.02 -155.56 -28.02 curveto
-155.56 -28.02 -153.41 -28.62 -158.06 -30.71 curveto
-162.71 -32.79 -165.39 -32.74 -164.85 -37.1 curveto
-164.31 -41.46 -165.23 -44.8 -166.11 -46.32 curveto
-166.98 -47.85 -168.35 -53.46 -168.07 -54.16 curveto
-167.79 -54.86 -166.38 -57.69 -164.05 -54.66 curveto
-161.72 -51.64 -162.41 -49.67 -162.43 -49.39 curveto
-162.46 -49.1 -162.42 -47.14 -159.67 -47.98 curveto
-156.92 -48.82 -156.87 -50.91 -156.79 -52.56 curveto
-156.72 -54.22 -155.64 -59.69 -155.65 -60.41 curveto
-155.65 -61.13 -153.76 -67.61 -157.77 -72.09 curveto
-161.77 -76.58 -167.43 -82.01 -168.08 -83.58 curveto
-168.73 -85.16 -170.93 -88.03 -170.84 -90.7 curveto
-170.74 -93.37 -173.34 -95.84 -173.99 -98.22 curveto
-174.64 -100.59 -174.77 -107.98 -174.49 -108.67 curveto
-174.21 -109.37 -173.51 -113.07 -173.34 -113.41 curveto
-173.16 -113.76 -172.46 -116.66 -176.68 -118.06 curveto
-180.88 -119.45 -182.21 -119.94 -185.87 -117.74 curveto
-187.42 -116.82 -192.03 -117.5 -192.71 -117.13 curveto
-193.4 -116.75 -196.57 -114.36 -198.37 -115.31 curveto
-200.16 -116.27 -206.44 -117.18 -208.33 -116.26 curveto
-210.22 -115.34 -216.11 -115.79 -216.5 -117.13 curveto stroke
newpath -162.96 -96.21 moveto
-162.96 -96.21 -159.49 -95.39 -159.01 -95.92 curveto
-158.53 -96.46 -158.48 -93.78 -155.6 -88.09 curveto
-152.71 -82.41 -149.62 -76.64 -147.93 -74.6 curveto
-146.23 -72.57 -141.21 -68.14 -140.4 -67.49 curveto
-139.59 -66.83 -137.81 -64.94 -137.63 -63.77 curveto
-137.44 -62.59 -135.29 -60.88 -132.54 -60.05 curveto
-129.8 -59.22 -127.77 -57.66 -127.65 -57.36 curveto
-127.54 -57.06 -122.4 -57.97 -118.95 -57.81 curveto
-115.49 -57.64 -107.62 -59.1 -106.74 -59.31 curveto
-105.85 -59.51 -98.29 -61.58 -97.57 -61.51 curveto
-96.85 -61.45 -87.53 -62.99 -85.67 -63.54 curveto
-83.82 -64.1 -73.45 -63.66 -72.73 -63.6 curveto
-72.01 -63.53 -59.32 -63.17 -58.83 -63.06 curveto
-58.33 -62.94 -49.95 -62.9 -48.39 -64.13 curveto
-46.84 -65.36 -40.43 -66.73 -45.73 -72.06 curveto
-51.03 -77.38 -55.27 -77.62 -56.24 -78.07 curveto
-57.21 -78.52 -63.59 -83.14 -64.45 -84.81 curveto
-65.31 -86.48 -66.65 -89.28 -68.41 -86.69 curveto
-70.16 -84.1 -69.2 -83.51 -69.2 -83.51 curveto
-69.2 -83.51 -70.76 -89.44 -71.79 -90.91 curveto
-72.81 -92.38 -71.54 -96.03 -75.37 -92.9 curveto
-79.2 -89.78 -83.9 -88.1 -83.9 -88.1 curveto
-83.9 -88.1 -88.42 -87.64 -89.67 -89.78 curveto
-90.92 -91.91 -92.61 -94.88 -92.41 -96.31 curveto
-92.21 -97.74 -91.32 -98.81 -96.3 -102.88 curveto
-101.28 -106.95 -102.7 -110.41 -103.28 -111.26 curveto
-103.85 -112.1 -106.75 -117.58 -107.55 -107.88 curveto
-108.35 -98.19 -109.49 -95.18 -112.67 -94.39 curveto
-115.85 -93.59 -120.07 -93.32 -121.94 -96.74 curveto
-123.8 -100.16 -124.38 -102.53 -129.57 -101.12 curveto
-134.76 -99.72 -135.18 -105.4 -140.18 -106 curveto
-145.18 -106.6 -150.92 -108.57 -154.9 -105.39 curveto
-158.88 -102.2 -160.82 -102.3 -161.33 -101.48 curveto
-161.84 -100.66 -162.96 -96.21 -162.96 -96.21 curveto closepath stroke
showpage
%%EOF
