%!PS
%%BoundingBox: -194 -90 198 91 
%%HiResBoundingBox: -193.72673 -89.31438 197.63 90.06073 
%%Creator: MetaPost 1.209
%%CreationDate: 2019.09.26:1811
%%Pages: 1
%%BeginProlog
%%EndProlog
%%Page: 1 1
 0 0 0 setrgbcolor 0 0.35 dtransform truncate idtransform setlinewidth pop
 [] 0 setdash 1 setlinecap 1 setlinejoin 10 setmiterlimit
newpath -20.05 -38.32 moveto
-20.05 -38.32 lineto stroke
 0.35 0 dtransform exch truncate exch idtransform pop setlinewidth
newpath -19.03 -55.29 moveto
-19.12532 -53.70474 lineto stroke
 0 0.7 dtransform truncate idtransform setlinewidth pop
newpath 8.61 -64.84 moveto
9.3 -65.28 10.82 -66.02 12.75 -67.45 curveto
14.69 -68.87 17.29 -67.12 19.6 -66.2 curveto
21.91 -65.27 25.77 -62.98 27.49 -61.88 curveto
29.2 -60.79 34.37 -57.93 35.74 -57.08 curveto
37.11 -56.24 42.94 -53.62 44.83 -52.87 curveto
46.71 -52.13 53.73 -48.18 55.92 -47.62 curveto
58.11 -47.06 63.73 -42.8 66.59 -41.61 curveto
69.45 -40.41 78.37 -39.11 82.67 -38.73 curveto
86.97 -38.35 89.4 -40.37 91.17 -40.79 curveto
92.94 -41.21 98.46 -41.37 103.51 -42.08 curveto
108.56 -42.78 116.22 -38.7 117.43 -38.52 curveto
118.64 -38.34 128.64 -33.7 130.87 -32.78 curveto
133.1 -31.86 137.12 -29.91 138.57 -28.33 curveto
140.02 -26.76 144.52 -24.55 145.88 -23.64 curveto
147.25 -22.72 150.22 -24.48 152.38 -26.75 curveto stroke
newpath 163.64 -23.36 moveto
163.48 -22.36 158.46 -17.1 155.18 -15.22 curveto
151.91 -13.34 146.35 -14.27 144.06 -14.55 curveto
141.78 -14.82 129.83 -18.63 127.97 -19.74 curveto
126.12 -20.84 115.88 -25.94 114.58 -26.78 curveto
113.28 -27.62 106.68 -25.74 104.57 -24.78 curveto
102.45 -23.81 97.02 -22.05 95.91 -21.79 curveto
94.8 -21.52 86.34 -23.15 84.1 -23.93 curveto
81.85 -24.71 69.12 -24.61 66.55 -24.99 curveto
63.98 -25.36 55.88 -29.34 54.32 -30.49 curveto
52.76 -31.64 42.26 -37.05 40.76 -38.13 curveto
39.27 -39.2 29.33 -45.22 28.35 -45.59 curveto
27.37 -45.97 23.19 -47.78 22.25 -48.59 curveto stroke
newpath 22.25 -48.59 moveto
22.25 -48.59 21.41 -47.22 21.31 -46.14 curveto
21.21 -45.07 21.09 -43.63 20.3 -42.91 curveto
19.51 -42.18 17.64 -42.27 15.98 -42.35 curveto
14.32 -42.42 6.37 -43.1 5.2 -42.91 curveto
4.03 -42.72 -0.84 -43.21 -2.07 -43.17 curveto
-3.3 -43.13 -7.89 -43.51 -9.8 -42.3 curveto
-11.71 -41.09 -14.62 -39.23 -17.35 -39.47 curveto
-20.08 -39.7 -22.35 -40.18 -23.33 -39.76 curveto
-24.3 -39.34 -28.03 -38.07 -28.72 -37.69 curveto
-29.4 -37.32 -33.64 -35.23 -37.22 -36.41 curveto
-40.81 -37.58 -47.62 -40.78 -50.03 -41.42 curveto
-52.43 -42.06 -62.74 -45.76 -64.89 -46.74 curveto
-67.05 -47.72 -76.47 -51.86 -79.72 -52 curveto
-82.96 -52.15 -89.21 -52.56 -91.33 -52.39 curveto
-93.44 -52.21 -100.35 -52.54 -103.31 -52.59 curveto
-106.27 -52.63 -110.86 -52.97 -114.38 -53.28 curveto
-117.89 -53.59 -127.06 -55.35 -127.97 -55.64 curveto
-128.88 -55.94 -133.14 -56.9 -135.01 -55.33 curveto
-136.89 -53.76 -139.1 -50.85 -139.94 -49.48 curveto
-140.79 -48.11 -141.61 -47.03 -142.57 -46.76 curveto
-143.54 -46.48 -144.51 -46.13 -144.57 -45.42 curveto
-144.64 -44.7 -144.68 -43.41 -144.68 -43.41 curveto
-144.68 -43.41 -142.8 -41.87 -141.21 -41.01 curveto
-139.63 -40.14 -133.98 -36.17 -132.68 -35.34 curveto
-131.39 -34.5 -126.31 -30.51 -124.81 -29.5 curveto
-123.31 -28.5 -114.72 -22.53 -113 -21.57 curveto
-111.27 -20.62 -103.86 -15.4 -103.71 -13.87 curveto
-103.56 -12.34 -103.11 -11.69 -103.46 -10.63 curveto
-103.81 -9.58 -103.95 -9.28 -104.37 -8.98 curveto
-104.71 -8.72 -105.02 -8.96 -105.08 -8.68 curveto
-105.14 -8.4 -104.7 -8.07 -104.47 -7.8 curveto
-104.24 -7.52 -102.38 -6.09 -101.59 -5.62 curveto
-100.8 -5.15 -98.33 -3.71 -97.28 -3.29 curveto
-96.24 -2.87 -92.08 -1.23 -91.19 -0.75 curveto
-90.29 -0.28 -83.64 4.19 -81.86 4.89 curveto
-80.08 5.59 -75.22 6.6 -73.39 6.76 curveto
-71.56 6.92 -67.53 7.1 -65.38 7.79 curveto
-63.24 8.49 -58.63 11.94 -57.55 12.75 curveto
-56.46 13.57 -52.59 15.54 -51.04 16.04 curveto
-49.5 16.54 -44.72 17.72 -43.87 17.91 curveto
-43.02 18.09 -41.18 18.58 -40.89 18.53 curveto stroke
newpath -40.89 18.53 moveto
-40.55 18.31 -37.88 18.01 -36.42 17.88 curveto
-34.97 17.76 -30.68 18.33 -29.13 18.32 curveto
-27.57 18.32 -22.92 18.08 -21.97 18.31 curveto
-21.01 18.54 -18.78 19.03 -16.57 20.13 curveto
-14.35 21.23 -9.01 23.37 -8.04 23.75 curveto
-7.06 24.12 1.09 26.73 2.07 27.11 curveto
3.05 27.49 13.91 32.18 15.28 32.59 curveto
16.65 33 27.32 36.62 28.53 37.24 curveto
29.74 37.85 40.63 42.18 41.55 42.77 curveto
42.48 43.35 47.42 45.85 49.34 45.88 curveto
51.25 45.91 54.87 45.94 57.35 45.7 curveto
59.83 45.45 65.6 44.74 66.54 44.75 curveto
67.48 44.76 71.89 45.23 72.53 44.96 curveto
73.16 44.69 74.68 43.53 75.47 42.37 curveto
76.26 41.21 77.82 38.74 77.82 38.74 curveto stroke
newpath 88.91 43.6 moveto
88.67 44.27 86.81 49.24 86.82 50.4 curveto
86.82 51.56 86.33 54.66 86.7 55.77 curveto
87.07 56.89 89.53 61.3 90.96 62.19 curveto
92.4 63.08 97.3 65.65 97.82 65.98 curveto
98.33 66.32 103.99 70.15 105.03 70.17 curveto
106.08 70.19 110.49 70.12 111.27 69.5 curveto
112.05 68.88 115.32 66.57 115.89 65.86 curveto
116.46 65.15 121.79 61.33 122.93 60.74 curveto
124.06 60.16 130.45 57.37 133.2 57.43 curveto
135.94 57.49 141.39 58.7 142.39 58.93 curveto
143.38 59.17 147.69 60.27 149.38 60.78 curveto
151.07 61.3 157.85 63.81 158.66 64.14 curveto
159.46 64.46 167.94 67.42 169.12 68.36 curveto
170.3 69.29 174.32 72.14 175.04 72.53 curveto
175.76 72.92 179.28 74.03 180.64 74.22 curveto
181.99 74.42 185.69 75.04 187.87 76.1 curveto
190.05 77.16 193.56 78.74 194.23 79.73 curveto
194.91 80.73 195.78 83.09 196.04 83.87 curveto
196.3 84.65 196.59 85.07 197.28 85.39 curveto stroke
newpath 103.97 72.75 moveto
103.97 72.75 103.36 73.92 103.61 74.38 curveto
103.86 74.83 104.76 76 104.76 76 curveto
105.23 77.2 lineto
106.33 77.08 lineto
107.19 76.36 lineto
109.13 75.67 lineto
110.78 75.81 lineto
109.21 74.81 lineto
107.28 73.7 lineto
106.49 73.62 lineto
105.95 73.21 lineto
104.49 72.58 lineto
 closepath stroke
 0 0.35 dtransform truncate idtransform setlinewidth pop
newpath 122.97 79.69995 moveto
122.97 75.85004 lineto
121.92004 74.10004 lineto stroke
newpath 122.97 75.85004 moveto
124.01996 74.10004 lineto stroke
newpath 116.94 74.31996 moveto
116.94 70.47005 lineto
115.89005 68.72005 lineto stroke
newpath 116.94 70.47005 moveto
117.98996 68.72005 lineto stroke
 0 0.7 dtransform truncate idtransform setlinewidth pop
newpath -144.33 -29.51 moveto
-142.8 -28.86 lineto
-139.52 -27.56 lineto
-138.26 -30.34 lineto
-139.47 -31.32 lineto
-140.99 -32.17 lineto
-141.94 -32.83 lineto
-143.22 -33.09 lineto
-143.22 -33.09 -143.5 -32.32 -143.55 -31.82 curveto
-143.59 -31.32 -144.33 -29.51 -144.33 -29.51 curveto closepath stroke
newpath 196.77 88.78 moveto
195.65 88.32 192.98 88.26 192.33 88.2 curveto
191.69 88.15 186.89 87.58 186.41 87.32 curveto
185.93 87.06 183.59 86.09 182.68 85.36 curveto
181.77 84.63 177.44 82.11 176.69 81.61 curveto
175.94 81.11 170.16 79 169.02 78.5 curveto
167.87 78 160.65 75.01 159.66 74.82 curveto
158.66 74.62 152.22 73.94 151.79 73.9 curveto
151.36 73.86 146.12 74.59 144.48 75.2 curveto
142.83 75.82 140.69 75.55 140 76.39 curveto
139.31 77.24 138.64 77.86 139.17 79.18 curveto
139.71 80.49 144.07 85.11 144.87 85.39 curveto
145.68 85.68 146.76 86.97 147.21 87.16 curveto
147.66 87.34 148.02 87.77 148.37 87.59 curveto
148.71 87.4 149.13 87.15 149.13 87.15 curveto stroke
newpath 149.41 88.04 moveto
148.93 88.14 147.99 88.53 147.37 88.58 curveto
146.75 88.64 144.93 88.8 143.68 88.61 curveto
142.43 88.43 138.33 87.88 137.4 87.73 curveto
136.47 87.57 133.77 87.48 132.73 87.39 curveto
131.69 87.29 130.61 86.87 129.74 86.87 curveto
128.87 86.86 124.66 86.67 124.44 86.76 curveto
124.21 86.84 120.45 86.87 120.29 86.67 curveto
120.13 86.48 119.51 86.53 118.52 86.26 curveto
117.53 85.99 117 86.31 115.42 87 curveto
113.84 87.69 110.42 89.95 108.78 89.69 curveto
107.14 89.44 100.47 88.92 99.45 88.9 curveto
98.44 88.88 95.56 88.37 95.03 88.21 curveto
94.51 88.06 93.81 88.94 92.41 88.48 curveto
91 88.03 85.27 86.65 84.38 86.54 curveto
83.49 86.42 75.35 84.03 74.18 83.79 curveto
73.01 83.54 69.3 82.99 69.3 82.99 curveto stroke
newpath 69.3 82.99 moveto
68.63 82.78 65.41 81.96 63.78 81.59 curveto
62.15 81.23 54.85 78.8 53.56 78.29 curveto
52.27 77.78 43.49 74.13 42.37 73.31 curveto
41.25 72.49 35.53 68.9 34.98 68.63 curveto
34.42 68.37 28.3 66.16 27.04 65.61 curveto
25.79 65.07 20.73 62.63 19.55 61.76 curveto
18.36 60.9 6.25 52.42 4.93 51.43 curveto
3.6 50.45 -4.16 44.66 -7.75 43.61 curveto
-11.34 42.57 -14.45 40.52 -16.56 39.07 curveto
-18.67 37.61 -20.79 36.23 -22.38 35.44 curveto
-23.97 34.65 -28.07 32.4 -29.02 31.74 curveto stroke
newpath -29.02 31.74 moveto
-29.81 31.2 -36.47 28.9 -38.13 27.74 curveto
-39.8 26.58 -40.93 26.23 -42.49 25.08 curveto
-44.05 23.93 -44.4 22.63 -46.4 22.38 curveto
-48.4 22.13 -53.79 21.33 -55.36 21.08 curveto
-56.93 20.83 -62.69 20.18 -64.08 19.62 curveto
-65.48 19.06 -70.47 16.99 -71.24 16.38 curveto
-72.02 15.77 -75.48 13.26 -77.2 12.24 curveto
-78.92 11.22 -81.47 9.44 -83.61 7.91 curveto
-85.75 6.38 -90.12 4.69 -91.19 4.13 curveto
-92.26 3.56 -93.77 3.14 -95.71 2.17 curveto
-97.65 1.2 -101.39 -1.41 -102.05 -2.09 curveto
-102.72 -2.76 -107.78 -5.96 -108.38 -6.16 curveto
-108.97 -6.35 -112.11 -7.29 -114.64 -6.82 curveto
-117.18 -6.36 -118.48 -8.36 -120.04 -9.08 curveto
-121.6 -9.79 -123.78 -11.76 -124.94 -12.55 curveto
-126.1 -13.34 -128.4 -15.53 -129.27 -17.13 curveto
-130.14 -18.73 -131.21 -22.22 -132.2 -22.89 curveto
-133.19 -23.56 -134.74 -25.25 -136.48 -25.19 curveto
-138.22 -25.13 -141.58 -26.73 -142.54 -27.25 curveto
-143.51 -27.77 -147.7 -29.44 -148.67 -29.89 curveto
-149.64 -30.34 -153.97 -32.78 -155.35 -33.19 curveto
-156.72 -33.6 -158.46 -33.94 -160.19 -34.78 curveto
-161.92 -35.62 -163.61 -36.13 -164.22 -36.55 curveto
-164.84 -36.96 -166.14 -38.56 -167.58 -37.78 curveto
-169.02 -37.01 -169.94 -36.04 -170.71 -35.06 curveto stroke
newpath -170.71 -35.06 moveto
-171.07 -34.73 -171.26 -34.21 -172.1 -33.7 curveto
-172.94 -33.2 -173.34 -32.77 -174.34 -32.1 curveto
-175.34 -31.43 -176.55 -30.78 -177.14 -30.32 curveto
-177.72 -29.87 -180.28 -29.05 -180.88 -28.85 curveto
-181.48 -28.65 -183.27 -28.77 -183.94 -29.41 curveto
-184.6 -30.05 -185.48 -31.17 -186.13 -31.99 curveto
-186.78 -32.81 -187.78 -34.09 -188.32 -34.21 curveto
-188.85 -34.33 -190.35 -34.06 -190.35 -34.06 curveto stroke
newpath -191.39 -35.75 moveto
-190.97 -36.11 -190.53 -36.14 -190.45 -36.64 curveto
-190.37 -37.14 -190.53 -37.76 -191.11 -37.67 curveto
-191.7 -37.58 -193.97 -37.64 -193.23 -38.29 curveto
-192.48 -38.95 -191.47 -40.59 -191.16 -41.22 curveto
-190.85 -41.84 -188.69 -46.63 -188.33 -47.43 curveto
-187.97 -48.23 -185.99 -54.31 -185.84 -55.16 curveto
-185.69 -56.01 -184.28 -59.25 -183.78 -60.04 curveto
-183.27 -60.82 -182.9 -61.4 -183.3 -62.13 curveto
-183.71 -62.85 -186.29 -65.1 -186.57 -65.63 curveto
-186.85 -66.16 -189 -69.93 -188.96 -70.4 curveto
-188.92 -70.86 -189.9 -72.47 -190.16 -73.25 curveto
-190.41 -74.03 -189.7 -76.32 -189.28 -77.36 curveto
-188.87 -78.41 -187.44 -82.26 -187.23 -83 curveto
-187.02 -83.74 -186.69 -85.48 -186.26 -86.2 curveto
-185.84 -86.92 -185.17 -88.7 -184.66 -88.8 curveto stroke
newpath -184.66 -88.8 moveto
-184.66 -88.8 -184.06 -89.04 -183.74 -88.94 curveto
-183.42 -88.84 -181.49 -87.47 -180.53 -86.88 curveto
-179.57 -86.29 -174.73 -83.37 -174.13 -82.81 curveto
-173.53 -82.25 -168.09 -79.6 -167.57 -79.41 curveto
-167.04 -79.22 -157.07 -75.47 -156.41 -75.23 curveto
-155.74 -74.99 -145.03 -70.72 -143.4 -70.71 curveto
-141.77 -70.71 -139.26 -71.76 -137.41 -73.83 curveto
-135.57 -75.91 -133.07 -77.6 -132.43 -77.9 curveto
-131.78 -78.21 -130.77 -79.46 -129.35 -79.55 curveto
-127.93 -79.64 -124.96 -78.97 -124.29 -78.73 curveto
-123.63 -78.49 -120.63 -78.05 -120.08 -77.75 curveto
-119.53 -77.44 -119.69 -76.81 -119.3 -76.77 curveto
-118.91 -76.74 -117.89 -76.76 -117.89 -76.76 curveto stroke
newpath -118.1 -75.58 moveto
-118.28 -75.24 -118.89 -74.93 -118.25 -74.4 curveto
-117.61 -73.88 -116.22 -72.74 -114.72 -72.21 curveto
-113.21 -71.68 -107.26 -69.52 -106.57 -69.17 curveto
-105.88 -68.82 -100.49 -67.19 -99.89 -66.99 curveto
-99.3 -66.79 -91.66 -64.13 -90.09 -63.88 curveto
-88.52 -63.63 -85.7 -62.8 -84.73 -62.72 curveto
-83.77 -62.63 -81.37 -62.34 -81.18 -62.44 curveto
-80.99 -62.53 -80.55 -62.67 -80.66 -63 curveto
-80.78 -63.34 -80.97 -63.61 -81.13 -63.77 curveto stroke
newpath -80.9 -66.42 moveto
-80.44 -66.34 -80.74 -65.36 -80.16 -65.81 curveto
-79.58 -66.27 -76.88 -68.26 -76.46 -68.91 curveto
-76.04 -69.56 -72.09 -73.05 -71.82 -73.28 curveto
-71.55 -73.51 -66.52 -77.66 -65.39 -78.21 curveto
-64.26 -78.76 -61.69 -80.38 -60.24 -80.08 curveto
-58.78 -79.77 -56.45 -78.34 -55.4 -77.09 curveto
-54.36 -75.85 -52.18 -73.89 -51.59 -72.76 curveto
-51 -71.62 -50.68 -70.8 -50.41 -70.52 curveto
-50.15 -70.25 -49.84 -70.44 -49.17 -70.27 curveto stroke
newpath -48.26 -66.59 moveto
-48.94 -66.21 -50.22 -65.71 -50.27 -65.1 curveto
-50.32 -64.49 -49.75 -62.78 -49.3 -62.02 curveto
-48.86 -61.26 -45.84 -56.46 -44.74 -56.18 curveto
-43.64 -55.91 -39.7 -54.55 -38.97 -54.27 curveto
-38.23 -53.99 -35.18 -53.73 -34.59 -54.29 curveto
-34 -54.86 -30.71 -56.45 -29.61 -56.68 curveto
-28.5 -56.91 -25.87 -56.9 -25.13 -56.22 curveto
-24.39 -55.54 -21.99 -53.67 -21.46 -53.44 curveto
-20.94 -53.22 -19.43 -53.56 -19.28 -53.18 curveto
-19.13 -52.81 -19.3 -52.57 -19.21 -52.27 curveto
-19.13 -51.98 -17.84 -51.51 -17.19 -52.25 curveto
-16.55 -52.99 -14.45 -53.89 -13.8 -53.91 curveto
-13.15 -53.93 -8.96 -53.5 -7.94 -53.6 curveto
-6.92 -53.69 -3.32 -53.96 -2.14 -53.43 curveto
-0.96 -52.9 2.63 -51.76 3.52 -51.18 curveto
4.41 -50.6 8.91 -50.04 10.02 -49.87 curveto
11.13 -49.71 14.31 -49.8 14.91 -50.04 curveto
15.51 -50.28 16.67 -50.68 16.59 -51.81 curveto
16.51 -52.94 15.43 -53.47 14.47 -54.49 curveto
13.51 -55.52 12.85 -55.83 12.32 -55.98 curveto
11.79 -56.13 11.07 -56.19 10.96 -56.17 curveto stroke
 0 0.24501 dtransform truncate idtransform setlinewidth pop
newpath 194.32002 85.55 moveto
197.11998 85.55 lineto stroke
 0.24501 0 dtransform exch truncate exch idtransform pop setlinewidth
newpath 195.72 84.15002 moveto
195.72 86.94998 lineto stroke
 0.00002 0.00018 0.0017 setrgbcolor
newpath 196.28001 85.55 moveto
196.28001 85.69853 196.22101 85.84096 196.11598 85.94598 curveto
196.01096 86.05101 195.86853 86.11002 195.72 86.11002 curveto
195.57147 86.11002 195.42905 86.05101 195.32402 85.94598 curveto
195.219 85.84096 195.15999 85.69853 195.15999 85.55 curveto
195.15999 85.40147 195.219 85.25905 195.32402 85.15402 curveto
195.42905 85.049 195.57147 84.98999 195.72 84.98999 curveto
195.86853 84.98999 196.01096 85.049 196.11598 85.15402 curveto
196.22101 85.25905 196.28001 85.40147 196.28001 85.55 curveto closepath fill
 0 0 0 setrgbcolor 0 0.35 dtransform truncate idtransform setlinewidth pop
newpath 195.72 85.55 moveto 0 0 rlineto stroke
 0 0.24501 dtransform truncate idtransform setlinewidth pop
newpath 188.32002 80.62 moveto
191.11998 80.62 lineto stroke
 0.24501 0 dtransform exch truncate exch idtransform pop setlinewidth
newpath 189.72 79.22002 moveto
189.72 82.01997 lineto stroke
 0.00002 0.00018 0.0017 setrgbcolor
newpath 190.28001 80.62 moveto
190.28001 80.76852 190.22101 80.91095 190.11598 81.01598 curveto
190.01096 81.121 189.86853 81.18001 189.72 81.18001 curveto
189.57147 81.18001 189.42905 81.121 189.32402 81.01598 curveto
189.219 80.91095 189.15999 80.76852 189.15999 80.62 curveto
189.15999 80.47147 189.219 80.32904 189.32402 80.22401 curveto
189.42905 80.11899 189.57147 80.05998 189.72 80.05998 curveto
189.86853 80.05998 190.01096 80.11899 190.11598 80.22401 curveto
190.22101 80.32904 190.28001 80.47147 190.28001 80.62 curveto closepath fill
 0 0 0 setrgbcolor 0 0.35 dtransform truncate idtransform setlinewidth pop
newpath 189.72 80.62 moveto 0 0 rlineto stroke
 0 0.24501 dtransform truncate idtransform setlinewidth pop
newpath 142.18002 65.02 moveto
144.97998 65.02 lineto stroke
 0.24501 0 dtransform exch truncate exch idtransform pop setlinewidth
newpath 143.58 63.62003 moveto
143.58 66.41998 lineto stroke
 0.00002 0.00018 0.0017 setrgbcolor
newpath 144.14001 65.02 moveto
144.14001 65.16853 144.08101 65.31096 143.97598 65.41599 curveto
143.87096 65.52101 143.72853 65.58002 143.58 65.58002 curveto
143.43147 65.58002 143.28905 65.52101 143.18402 65.41599 curveto
143.079 65.31096 143.01999 65.16853 143.01999 65.02 curveto
143.01999 64.87148 143.079 64.72905 143.18402 64.62402 curveto
143.28905 64.519 143.43147 64.45999 143.58 64.45999 curveto
143.72853 64.45999 143.87096 64.519 143.97598 64.62402 curveto
144.08101 64.72905 144.14001 64.87148 144.14001 65.02 curveto closepath fill
 0 0 0 setrgbcolor 0 0.35 dtransform truncate idtransform setlinewidth pop
newpath 143.58 65.02 moveto 0 0 rlineto stroke
 0 0.24501 dtransform truncate idtransform setlinewidth pop
newpath 115.75002 85.6 moveto
118.54997 85.6 lineto stroke
 0.24501 0 dtransform exch truncate exch idtransform pop setlinewidth
newpath 117.15 84.20003 moveto
117.15 86.99998 lineto stroke
 0.00002 0.00018 0.0017 setrgbcolor
newpath 117.71 85.6 moveto
117.71 85.74854 117.651 85.89096 117.54597 85.99599 curveto
117.44095 86.10101 117.29852 86.16002 117.15 86.16002 curveto
117.00146 86.16002 116.85904 86.10101 116.75401 85.99599 curveto
116.64899 85.89096 116.58998 85.74854 116.58998 85.6 curveto
116.58998 85.45148 116.64899 85.30905 116.75401 85.20403 curveto
116.85904 85.099 117.00146 85.04 117.15 85.04 curveto
117.29852 85.04 117.44095 85.099 117.54597 85.20403 curveto
117.651 85.30905 117.71 85.45148 117.71 85.6 curveto closepath fill
 0 0 0 setrgbcolor 0 0.35 dtransform truncate idtransform setlinewidth pop
newpath 117.15 85.6 moveto 0 0 rlineto stroke
 0 0.24501 dtransform truncate idtransform setlinewidth pop
newpath 58.28001 59.34 moveto
61.07997 59.34 lineto stroke
 0.24501 0 dtransform exch truncate exch idtransform pop setlinewidth
newpath 59.68 57.94002 moveto
59.68 60.73997 lineto stroke
 0.00002 0.00018 0.0017 setrgbcolor
newpath 60.24 59.34 moveto
60.24 59.48853 60.181 59.63095 60.07597 59.73598 curveto
59.97095 59.841 59.82852 59.90001 59.68 59.90001 curveto
59.53146 59.90001 59.38904 59.841 59.28401 59.73598 curveto
59.17899 59.63095 59.11998 59.48853 59.11998 59.34 curveto
59.11998 59.19147 59.17899 59.04904 59.28401 58.94402 curveto
59.38904 58.83899 59.53146 58.77998 59.68 58.77998 curveto
59.82852 58.77998 59.97095 58.83899 60.07597 58.94402 curveto
60.181 59.04904 60.24 59.19147 60.24 59.34 curveto closepath fill
 0 0 0 setrgbcolor 0 0.35 dtransform truncate idtransform setlinewidth pop
newpath 59.68 59.34 moveto 0 0 rlineto stroke
 0 0.24501 dtransform truncate idtransform setlinewidth pop
newpath 46.92003 55.75 moveto
49.71999 55.75 lineto stroke
 0.24501 0 dtransform exch truncate exch idtransform pop setlinewidth
newpath 48.32 54.35002 moveto
48.32 57.14998 lineto stroke
 0.00002 0.00018 0.0017 setrgbcolor
newpath 48.88002 55.75 moveto
48.88002 55.89853 48.82101 56.04095 48.71599 56.14598 curveto
48.61096 56.251 48.46854 56.31001 48.32 56.31001 curveto
48.17148 56.31001 48.02905 56.251 47.92403 56.14598 curveto
47.819 56.04095 47.76 55.89853 47.76 55.75 curveto
47.76 55.60147 47.819 55.45905 47.92403 55.35402 curveto
48.02905 55.249 48.17148 55.18999 48.32 55.18999 curveto
48.46854 55.18999 48.61096 55.249 48.71599 55.35402 curveto
48.82101 55.45905 48.88002 55.60147 48.88002 55.75 curveto closepath fill
 0 0 0 setrgbcolor 0 0.35 dtransform truncate idtransform setlinewidth pop
newpath 48.32 55.75 moveto 0 0 rlineto stroke
 0 0.24501 dtransform truncate idtransform setlinewidth pop
newpath 7.37003 30.98 moveto
10.16998 30.98 lineto stroke
 0.24501 0 dtransform exch truncate exch idtransform pop setlinewidth
newpath 8.77 29.58002 moveto
8.77 32.37997 lineto stroke
 0.00002 0.00018 0.0017 setrgbcolor
newpath 9.33002 30.98 moveto
9.33002 31.12852 9.27101 31.27095 9.16599 31.37598 curveto
9.06096 31.481 8.91853 31.54001 8.77 31.54001 curveto
8.62148 31.54001 8.47905 31.481 8.37402 31.37598 curveto
8.269 31.27095 8.20999 31.12852 8.20999 30.98 curveto
8.20999 30.83147 8.269 30.68904 8.37402 30.58401 curveto
8.47905 30.47899 8.62148 30.41998 8.77 30.41998 curveto
8.91853 30.41998 9.06096 30.47899 9.16599 30.58401 curveto
9.27101 30.68904 9.33002 30.83147 9.33002 30.98 curveto closepath fill
 0 0 0 setrgbcolor 0 0.35 dtransform truncate idtransform setlinewidth pop
newpath 8.77 30.98 moveto 0 0 rlineto stroke
 0 0.24501 dtransform truncate idtransform setlinewidth pop
newpath -42.65997 21.81 moveto
-39.86002 21.81 lineto stroke
 0.24501 0 dtransform exch truncate exch idtransform pop setlinewidth
newpath -41.26 20.41002 moveto
-41.26 23.20998 lineto stroke
 0.00002 0.00018 0.0017 setrgbcolor
newpath -40.69998 21.81 moveto
-40.69998 21.95853 -40.75899 22.10095 -40.86401 22.20598 curveto
-40.96904 22.311 -41.11147 22.37001 -41.26 22.37001 curveto
-41.40852 22.37001 -41.55095 22.311 -41.65598 22.20598 curveto
-41.761 22.10095 -41.82 21.95853 -41.82 21.81 curveto
-41.82 21.66147 -41.761 21.51904 -41.65598 21.41402 curveto
-41.55095 21.30899 -41.40852 21.24998 -41.26 21.24998 curveto
-41.11147 21.24998 -40.96904 21.30899 -40.86401 21.41402 curveto
-40.75899 21.51904 -40.69998 21.66147 -40.69998 21.81 curveto closepath fill
 0 0 0 setrgbcolor 0 0.35 dtransform truncate idtransform setlinewidth pop
newpath -41.26 21.81 moveto 0 0 rlineto stroke
 0 0.24501 dtransform truncate idtransform setlinewidth pop
newpath -82.32997 6.29 moveto
-79.53001 6.29 lineto stroke
 0.24501 0 dtransform exch truncate exch idtransform pop setlinewidth
newpath -80.93 4.89001 moveto
-80.93 7.68997 lineto stroke
 0.00002 0.00018 0.0017 setrgbcolor
newpath -80.36998 6.29 moveto
-80.36998 6.43852 -80.42899 6.58095 -80.53401 6.68597 curveto
-80.63904 6.791 -80.78146 6.85 -80.93 6.85 curveto
-81.07852 6.85 -81.22095 6.791 -81.32597 6.68597 curveto
-81.431 6.58095 -81.49 6.43852 -81.49 6.29 curveto
-81.49 6.14146 -81.431 5.99904 -81.32597 5.89401 curveto
-81.22095 5.78899 -81.07852 5.72998 -80.93 5.72998 curveto
-80.78146 5.72998 -80.63904 5.78899 -80.53401 5.89401 curveto
-80.42899 5.99904 -80.36998 6.14146 -80.36998 6.29 curveto closepath fill
 0 0 0 setrgbcolor 0 0.35 dtransform truncate idtransform setlinewidth pop
newpath -80.93 6.29 moveto 0 0 rlineto stroke
 0 0.24501 dtransform truncate idtransform setlinewidth pop
newpath -120.62997 -14.1 moveto
-117.83002 -14.1 lineto stroke
 0.24501 0 dtransform exch truncate exch idtransform pop setlinewidth
newpath -119.23 -15.49998 moveto
-119.23 -12.70003 lineto stroke
 0.00002 0.00018 0.0017 setrgbcolor
newpath -118.66998 -14.1 moveto
-118.66998 -13.95148 -118.72899 -13.80905 -118.83401 -13.70403 curveto
-118.93904 -13.599 -119.08147 -13.54 -119.23 -13.54 curveto
-119.37852 -13.54 -119.52095 -13.599 -119.62598 -13.70403 curveto
-119.731 -13.80905 -119.79001 -13.95148 -119.79001 -14.1 curveto
-119.79001 -14.24854 -119.731 -14.39096 -119.62598 -14.49599 curveto
-119.52095 -14.60101 -119.37852 -14.66002 -119.23 -14.66002 curveto
-119.08147 -14.66002 -118.93904 -14.60101 -118.83401 -14.49599 curveto
-118.72899 -14.39096 -118.66998 -14.24854 -118.66998 -14.1 curveto closepath
 fill
 0 0 0 setrgbcolor 0 0.35 dtransform truncate idtransform setlinewidth pop
newpath -119.23 -14.1 moveto 0 0 rlineto stroke
 0 0.24501 dtransform truncate idtransform setlinewidth pop
newpath -132.26997 -32.94 moveto
-129.47002 -32.94 lineto stroke
 0.24501 0 dtransform exch truncate exch idtransform pop setlinewidth
newpath -130.87 -34.33998 moveto
-130.87 -31.54002 lineto stroke
 0.00002 0.00018 0.0017 setrgbcolor
newpath -130.30998 -32.94 moveto
-130.30998 -32.79147 -130.36899 -32.64905 -130.47401 -32.54402 curveto
-130.57904 -32.439 -130.72147 -32.37999 -130.87 -32.37999 curveto
-131.01852 -32.37999 -131.16095 -32.439 -131.26598 -32.54402 curveto
-131.371 -32.64905 -131.43001 -32.79147 -131.43001 -32.94 curveto
-131.43001 -33.08853 -131.371 -33.23096 -131.26598 -33.33598 curveto
-131.16095 -33.44101 -131.01852 -33.50002 -130.87 -33.50002 curveto
-130.72147 -33.50002 -130.57904 -33.44101 -130.47401 -33.33598 curveto
-130.36899 -33.23096 -130.30998 -33.08853 -130.30998 -32.94 curveto closepath
 fill
 0 0 0 setrgbcolor 0 0.35 dtransform truncate idtransform setlinewidth pop
newpath -130.87 -32.94 moveto 0 0 rlineto stroke
 0 0.24501 dtransform truncate idtransform setlinewidth pop
newpath -173.02998 -45.83 moveto
-170.23003 -45.83 lineto stroke
 0.24501 0 dtransform exch truncate exch idtransform pop setlinewidth
newpath -171.63 -47.22998 moveto
-171.63 -44.43002 lineto stroke
 0.00002 0.00018 0.0017 setrgbcolor
newpath -171.06999 -45.83 moveto
-171.06999 -45.68147 -171.129 -45.53905 -171.23402 -45.43402 curveto
-171.33905 -45.329 -171.48148 -45.26999 -171.63 -45.26999 curveto
-171.77853 -45.26999 -171.92096 -45.329 -172.02599 -45.43402 curveto
-172.13101 -45.53905 -172.19002 -45.68147 -172.19002 -45.83 curveto
-172.19002 -45.97853 -172.13101 -46.12096 -172.02599 -46.22598 curveto
-171.92096 -46.33101 -171.77853 -46.39001 -171.63 -46.39001 curveto
-171.48148 -46.39001 -171.33905 -46.33101 -171.23402 -46.22598 curveto
-171.129 -46.12096 -171.06999 -45.97853 -171.06999 -45.83 curveto closepath
 fill
 0 0 0 setrgbcolor 0 0.35 dtransform truncate idtransform setlinewidth pop
newpath -171.63 -45.83 moveto 0 0 rlineto stroke
 0 0.24501 dtransform truncate idtransform setlinewidth pop
newpath -134.59998 -56.43 moveto
-131.80002 -56.43 lineto stroke
 0.24501 0 dtransform exch truncate exch idtransform pop setlinewidth
newpath -133.2 -57.82997 moveto
-133.2 -55.03001 lineto stroke
 0.00002 0.00018 0.0017 setrgbcolor
newpath -132.63998 -56.43 moveto
-132.63998 -56.28146 -132.69899 -56.13904 -132.80402 -56.03401 curveto
-132.90904 -55.92899 -133.05147 -55.86998 -133.2 -55.86998 curveto
-133.34853 -55.86998 -133.49095 -55.92899 -133.59598 -56.03401 curveto
-133.701 -56.13904 -133.76001 -56.28146 -133.76001 -56.43 curveto
-133.76001 -56.57852 -133.701 -56.72095 -133.59598 -56.82597 curveto
-133.49095 -56.931 -133.34853 -56.99 -133.2 -56.99 curveto
-133.05147 -56.99 -132.90904 -56.931 -132.80402 -56.82597 curveto
-132.69899 -56.72095 -132.63998 -56.57852 -132.63998 -56.43 curveto closepath
 fill
 0 0 0 setrgbcolor 0 0.35 dtransform truncate idtransform setlinewidth pop
newpath -133.2 -56.43 moveto 0 0 rlineto stroke
 0 0.24501 dtransform truncate idtransform setlinewidth pop
newpath -72.58998 -60.45 moveto
-69.79002 -60.45 lineto stroke
 0.24501 0 dtransform exch truncate exch idtransform pop setlinewidth
newpath -71.19 -61.84998 moveto
-71.19 -59.05002 lineto stroke
 0.00002 0.00018 0.0017 setrgbcolor
newpath -70.62999 -60.45 moveto
-70.62999 -60.30147 -70.689 -60.15904 -70.79402 -60.05402 curveto
-70.89905 -59.94899 -71.04147 -59.88998 -71.19 -59.88998 curveto
-71.33853 -59.88998 -71.48096 -59.94899 -71.58598 -60.05402 curveto
-71.69101 -60.15904 -71.75002 -60.30147 -71.75002 -60.45 curveto
-71.75002 -60.59853 -71.69101 -60.74095 -71.58598 -60.84598 curveto
-71.48096 -60.951 -71.33853 -61.01001 -71.19 -61.01001 curveto
-71.04147 -61.01001 -70.89905 -60.951 -70.79402 -60.84598 curveto
-70.689 -60.74095 -70.62999 -60.59853 -70.62999 -60.45 curveto closepath fill
 0 0 0 setrgbcolor 0 0.35 dtransform truncate idtransform setlinewidth pop
newpath -71.19 -60.45 moveto 0 0 rlineto stroke
 0 0.24501 dtransform truncate idtransform setlinewidth pop
newpath -51.00998 -43.66 moveto
-48.21002 -43.66 lineto stroke
 0.24501 0 dtransform exch truncate exch idtransform pop setlinewidth
newpath -49.61 -45.05998 moveto
-49.61 -42.26003 lineto stroke
 0.00002 0.00018 0.0017 setrgbcolor
newpath -49.04999 -43.66 moveto
-49.04999 -43.51147 -49.109 -43.36905 -49.21402 -43.26402 curveto
-49.31905 -43.159 -49.46147 -43.09999 -49.61 -43.09999 curveto
-49.75853 -43.09999 -49.90096 -43.159 -50.00598 -43.26402 curveto
-50.11101 -43.36905 -50.17001 -43.51147 -50.17001 -43.66 curveto
-50.17001 -43.80853 -50.11101 -43.95096 -50.00598 -44.05598 curveto
-49.90096 -44.16101 -49.75853 -44.22002 -49.61 -44.22002 curveto
-49.46147 -44.22002 -49.31905 -44.16101 -49.21402 -44.05598 curveto
-49.109 -43.95096 -49.04999 -43.80853 -49.04999 -43.66 curveto closepath fill
 0 0 0 setrgbcolor 0 0.35 dtransform truncate idtransform setlinewidth pop
newpath -49.61 -43.66 moveto 0 0 rlineto stroke
 0 0.24501 dtransform truncate idtransform setlinewidth pop
newpath -20.99998 -51.34 moveto
-18.20003 -51.34 lineto stroke
 0.24501 0 dtransform exch truncate exch idtransform pop setlinewidth
newpath -19.6 -52.73997 moveto
-19.6 -49.94002 lineto stroke
 0.00002 0.00018 0.0017 setrgbcolor
newpath -19.04 -51.34 moveto
-19.04 -51.19147 -19.099 -51.04904 -19.20403 -50.94402 curveto
-19.30905 -50.83899 -19.45148 -50.77998 -19.6 -50.77998 curveto
-19.74854 -50.77998 -19.89096 -50.83899 -19.99599 -50.94402 curveto
-20.10101 -51.04904 -20.16002 -51.19147 -20.16002 -51.34 curveto
-20.16002 -51.48853 -20.10101 -51.63095 -19.99599 -51.73598 curveto
-19.89096 -51.841 -19.74854 -51.90001 -19.6 -51.90001 curveto
-19.45148 -51.90001 -19.30905 -51.841 -19.20403 -51.73598 curveto
-19.099 -51.63095 -19.04 -51.48853 -19.04 -51.34 curveto closepath fill
 0 0 0 setrgbcolor 0 0.35 dtransform truncate idtransform setlinewidth pop
newpath -19.6 -51.34 moveto 0 0 rlineto stroke
 0 0.24501 dtransform truncate idtransform setlinewidth pop
newpath 14.29002 -49.17 moveto
17.08998 -49.17 lineto stroke
 0.24501 0 dtransform exch truncate exch idtransform pop setlinewidth
newpath 15.69 -50.56998 moveto
15.69 -47.77002 lineto stroke
 0.00002 0.00018 0.0017 setrgbcolor
newpath 16.25002 -49.17 moveto
16.25002 -49.02147 16.19101 -48.87904 16.08598 -48.77402 curveto
15.98096 -48.66899 15.83853 -48.60999 15.69 -48.60999 curveto
15.54147 -48.60999 15.39905 -48.66899 15.29402 -48.77402 curveto
15.189 -48.87904 15.12999 -49.02147 15.12999 -49.17 curveto
15.12999 -49.31853 15.189 -49.46095 15.29402 -49.56598 curveto
15.39905 -49.671 15.54147 -49.73001 15.69 -49.73001 curveto
15.83853 -49.73001 15.98096 -49.671 16.08598 -49.56598 curveto
16.19101 -49.46095 16.25002 -49.31853 16.25002 -49.17 curveto closepath fill
 0 0 0 setrgbcolor 0 0.35 dtransform truncate idtransform setlinewidth pop
newpath 15.69 -49.17 moveto 0 0 rlineto stroke
 0 0.24501 dtransform truncate idtransform setlinewidth pop
newpath 21.03001 -50.61 moveto
23.82997 -50.61 lineto stroke
 0.24501 0 dtransform exch truncate exch idtransform pop setlinewidth
newpath 22.43 -52.00998 moveto
22.43 -49.21002 lineto stroke
 0.00002 0.00018 0.0017 setrgbcolor
newpath 22.99 -50.61 moveto
22.99 -50.46147 22.931 -50.31905 22.82597 -50.21402 curveto
22.72095 -50.109 22.57852 -50.04999 22.43 -50.04999 curveto
22.28146 -50.04999 22.13904 -50.109 22.03401 -50.21402 curveto
21.92899 -50.31905 21.86998 -50.46147 21.86998 -50.61 curveto
21.86998 -50.75853 21.92899 -50.90096 22.03401 -51.00598 curveto
22.13904 -51.11101 22.28146 -51.17001 22.43 -51.17001 curveto
22.57852 -51.17001 22.72095 -51.11101 22.82597 -51.00598 curveto
22.931 -50.90096 22.99 -50.75853 22.99 -50.61 curveto closepath fill
 0 0 0 setrgbcolor 0 0.35 dtransform truncate idtransform setlinewidth pop
newpath 22.43 -50.61 moveto 0 0 rlineto stroke
 0 0.24501 dtransform truncate idtransform setlinewidth pop
newpath 59.11002 -38.32 moveto
61.90997 -38.32 lineto stroke
 0.24501 0 dtransform exch truncate exch idtransform pop setlinewidth
newpath 60.51 -39.71999 moveto
60.51 -36.92003 lineto stroke
 0.00002 0.00018 0.0017 setrgbcolor
newpath 61.07 -38.32 moveto
61.07 -38.17148 61.011 -38.02905 60.90598 -37.92403 curveto
60.80095 -37.819 60.65852 -37.76 60.51 -37.76 curveto
60.36147 -37.76 60.21904 -37.819 60.11401 -37.92403 curveto
60.00899 -38.02905 59.94998 -38.17148 59.94998 -38.32 curveto
59.94998 -38.46854 60.00899 -38.61096 60.11401 -38.71599 curveto
60.21904 -38.82101 60.36147 -38.88002 60.51 -38.88002 curveto
60.65852 -38.88002 60.80095 -38.82101 60.90598 -38.71599 curveto
61.011 -38.61096 61.07 -38.46854 61.07 -38.32 curveto closepath fill
 0 0 0 setrgbcolor 0 0.35 dtransform truncate idtransform setlinewidth pop
newpath 60.51 -38.32 moveto 0 0 rlineto stroke
 0 0.24501 dtransform truncate idtransform setlinewidth pop
newpath 87.73003 -31.99 moveto
90.52998 -31.99 lineto stroke
 0.24501 0 dtransform exch truncate exch idtransform pop setlinewidth
newpath 89.13 -33.38998 moveto
89.13 -30.59003 lineto stroke
 0.00002 0.00018 0.0017 setrgbcolor
newpath 89.69002 -31.99 moveto
89.69002 -31.84148 89.63101 -31.69905 89.52599 -31.59402 curveto
89.42096 -31.489 89.27853 -31.43 89.13 -31.43 curveto
88.98148 -31.43 88.83905 -31.489 88.73402 -31.59402 curveto
88.629 -31.69905 88.56999 -31.84148 88.56999 -31.99 curveto
88.56999 -32.13853 88.629 -32.28096 88.73402 -32.38599 curveto
88.83905 -32.49101 88.98148 -32.55002 89.13 -32.55002 curveto
89.27853 -32.55002 89.42096 -32.49101 89.52599 -32.38599 curveto
89.63101 -32.28096 89.69002 -32.13853 89.69002 -31.99 curveto closepath fill
 0 0 0 setrgbcolor 0 0.35 dtransform truncate idtransform setlinewidth pop
newpath 89.13 -31.99 moveto 0 0 rlineto stroke
 0 0.24501 dtransform truncate idtransform setlinewidth pop
newpath 102.61002 -37.91 moveto
105.40997 -37.91 lineto stroke
 0.24501 0 dtransform exch truncate exch idtransform pop setlinewidth
newpath 104.01 -39.30998 moveto
104.01 -36.51003 lineto stroke
 0.00002 0.00018 0.0017 setrgbcolor
newpath 104.57 -37.91 moveto
104.57 -37.76147 104.511 -37.61905 104.40598 -37.51402 curveto
104.30095 -37.409 104.15852 -37.34999 104.01 -37.34999 curveto
103.86147 -37.34999 103.71904 -37.409 103.61401 -37.51402 curveto
103.50899 -37.61905 103.44998 -37.76147 103.44998 -37.91 curveto
103.44998 -38.05853 103.50899 -38.20096 103.61401 -38.30598 curveto
103.71904 -38.41101 103.86147 -38.47002 104.01 -38.47002 curveto
104.15852 -38.47002 104.30095 -38.41101 104.40598 -38.30598 curveto
104.511 -38.20096 104.57 -38.05853 104.57 -37.91 curveto closepath fill
 0 0 0 setrgbcolor 0 0.35 dtransform truncate idtransform setlinewidth pop
newpath 104.01 -37.91 moveto 0 0 rlineto stroke
 0 0.24501 dtransform truncate idtransform setlinewidth pop
newpath 143.07002 -19.89 moveto
145.86998 -19.89 lineto stroke
 0.24501 0 dtransform exch truncate exch idtransform pop setlinewidth
newpath 144.47 -21.28998 moveto
144.47 -18.49002 lineto stroke
 0.00002 0.00018 0.0017 setrgbcolor
newpath 145.03001 -19.89 moveto
145.03001 -19.74147 144.97101 -19.59904 144.86598 -19.49402 curveto
144.76096 -19.38899 144.61853 -19.32999 144.47 -19.32999 curveto
144.32147 -19.32999 144.17905 -19.38899 144.07402 -19.49402 curveto
143.969 -19.59904 143.90999 -19.74147 143.90999 -19.89 curveto
143.90999 -20.03853 143.969 -20.18095 144.07402 -20.28598 curveto
144.17905 -20.391 144.32147 -20.45001 144.47 -20.45001 curveto
144.61853 -20.45001 144.76096 -20.391 144.86598 -20.28598 curveto
144.97101 -20.18095 145.03001 -20.03853 145.03001 -19.89 curveto closepath fill
 0 0 0 setrgbcolor 0 0.35 dtransform truncate idtransform setlinewidth pop
newpath 144.47 -19.89 moveto 0 0 rlineto stroke
showpage
%%EOF
