%!PS
%%BoundingBox: -120 -34 120 38 
%%HiResBoundingBox: -119.1625 -33.32251 119.23251 37.68251 
%%Creator: MetaPost 1.209
%%CreationDate: 2019.09.26:1811
%%Pages: 1
%%BeginProlog
%%EndProlog
%%Page: 1 1
 0 0 0 setrgbcolor 0 0.24501 dtransform truncate idtransform setlinewidth pop
 [] 0 setdash 1 setlinecap 1 setlinejoin 10 setmiterlimit
newpath -119.04 0.23 moveto
-119.04 0.23 -115.26 0.12 -110.16 1.94 curveto
-105.05 3.76 -102.23 4.82 -96.26 3.2 curveto
-87.3 0.78 -65 -0.73 -62.17 0.27 curveto
-58.74 1.49 -49.32 2.19 -44.51 2.32 curveto
-39.71 2.46 -27.69 4.45 -23.22 1.69 curveto
-18.42 -1.27 -16.4 -0.55 -12.38 -8.32 curveto
-8.37 -16.09 -7.85 -20.99 -1.34 -23.74 curveto
5.39 -26.59 19.74 -26.95 22.42 -28.21 curveto
25.1 -29.47 31.74 -32.93 33.72 -33.2 curveto stroke
newpath 38.96 -32.88 moveto
38.96 -32.88 48.94 -30.02 53.5 -27.2 curveto
58.07 -24.38 62.33 -21.58 62.59 -17.79 curveto
62.85 -14.01 63.27 -10.36 65.46 -9.56 curveto
67.64 -8.75 72.9 -8.58 75.04 -7.33 curveto
77.19 -6.08 81.43 -4.65 82.32 -4.57 curveto stroke
newpath 84.56 -4.36 moveto
84.56 -4.36 89.91 -1.92 91.04 -1.07 curveto
92.17 -0.21 96.16 2.25 97.26 3.41 curveto
98.36 4.56 101.42 9.06 102.13 11.23 curveto
102.84 13.4 104.24 18.51 105.68 20.29 curveto stroke
newpath 119.11 30.4 moveto
117.83 30.78 116.74 31.17 115.62 31.11 curveto
114.5 31.05 112 30.75 111.01 29.98 curveto
110.03 29.21 109.15 28.15 108.84 27.37 curveto
108.54 26.59 108.61 25.76 107.42 25.16 curveto
106.23 24.57 104.25 24.01 102.64 23.9 curveto
101.03 23.79 100.62 23.3 99.24 23.55 curveto
97.86 23.8 96.68 23.92 96.15 24.36 curveto
95.63 24.8 95.49 25.05 95.16 25.33 curveto stroke
newpath 93.49 23.4 moveto
93.49 23.4 93.82 22.27 93.61 20.82 curveto
93.41 19.37 92.82 17.09 92.81 16.34 curveto
92.81 15.58 92.66 13.87 91.79 12.7 curveto
90.92 11.53 89.55 9.56 88.49 8.87 curveto
87.42 8.17 86.08 7.18 85.16 6.57 curveto
84.23 5.96 82.1 5.01 80.74 4.25 curveto
79.37 3.49 77.63 2.8 76.43 2.28 curveto
75.24 1.76 72.62 1.14 70.98 0.62 curveto
69.33 0.09 67.29 -1.11 66.23 -1.39 curveto stroke
newpath 55.26 -4.6 moveto
55.26 -4.6 50.99 -7.36 49.36 -8.41 curveto
47.72 -9.46 44.84 -10.93 43.5 -11.92 curveto
42.16 -12.9 39.78 -14.06 38.76 -14.45 curveto
37.74 -14.85 36.4 -15.87 35.39 -15.55 curveto
34.39 -15.22 31.94 -13.6 31.02 -13 curveto
30.1 -12.41 28.04 -10.97 26.96 -10.73 curveto
25.89 -10.49 24.98 -10.09 24.09 -9.41 curveto
23.2 -8.74 18.54 -4.65 17.35 -4.49 curveto
16.17 -4.34 11.24 -2.68 10 -2.26 curveto
8.76 -1.85 8.14 -1.27 6.81 -0.33 curveto
5.48 0.6 3.43 2.49 2.5 3.61 curveto
1.57 4.73 1.38 6.03 0.39 7.37 curveto
-0.6 8.71 -2.88 11.03 -3.89 11.8 curveto
-4.9 12.57 -5.4 13.55 -6 13.98 curveto
-6.61 14.41 -9.42 17.25 -9.98 18.44 curveto stroke
newpath -14.86 37.38 moveto
-14.86 37.38 -18.66 37.79 -20.4 37.03 curveto
-22.14 36.27 -23.59 35.69 -26.13 35.46 curveto
-28.67 35.23 -32.45 35.34 -34.75 35.89 curveto
-37.06 36.43 -38.49 37.2 -39.57 37.56 curveto stroke
newpath -41.21 22.35 moveto
-41.21 22.35 -38.18 22.17 -37.19 21.21 curveto
-36.2 20.24 -34.85 18.71 -35.87 18.31 curveto
-36.89 17.92 -41.46 16.97 -45.11 17.18 curveto
-49.19 17.41 -60.54 16.38 -60.54 16.38 curveto
-60.54 16.38 -62.36 16.52 -65.98 16.49 curveto
-69.59 16.47 -68.38 16.43 -70.18 16.27 curveto
-71.97 16.1 -81.99 15.34 -81.99 15.34 curveto stroke
newpath -81.99 15.34 moveto
-81.99 15.34 -89.25 15.59 -93.64 15.79 curveto
-98.02 16 -104.98 16.27 -107.76 17.07 curveto
-110.55 17.88 -114.35 18.28 -115.99 18.13 curveto stroke
showpage
%%EOF
