%!PS
%%BoundingBox: -577 -275 577 275 
%%HiResBoundingBox: -576.75667 -274.74667 576.87666 274.37599 
%%Creator: MetaPost 1.209
%%CreationDate: 2018.11.10:1625
%%Pages: 1
%%BeginProlog
%%EndProlog
%%Page: 1 1
 0 0 0 setrgbcolor 0 0.33333 dtransform truncate idtransform setlinewidth pop
 [] 0 setdash 1 setlinecap 1 setlinejoin 10 setmiterlimit
newpath 175.21 72.88 moveto
176.56 74.52 180.29 77.14 181.06 78.2 curveto
181.83 79.26 185.57 81.76 187.87 83.19 curveto
190.17 84.63 198.23 86.82 200.44 88.15 curveto
202.65 89.49 210.5 91.59 212.04 93.35 curveto
213.57 95.09 221.87 97.33 223.7 98.01 curveto
225.52 98.68 232.62 101.2 236.56 101.97 curveto
240.5 102.75 255.76 109.61 259.5 110.86 curveto
263.24 112.12 282.64 117.16 286.38 118.42 curveto
290.12 119.68 302.11 122.3 307.77 124.43 curveto
313.43 126.55 315.54 129.72 316.5 130.87 curveto
317.46 132.02 318.42 140.35 318.52 142.55 curveto
318.62 144.75 318.45 150.3 318.08 152.79 curveto
317.7 155.28 316.16 153.75 315.59 153.84 curveto
315.01 153.93 314.45 157.67 314.07 158.63 curveto
313.69 159.59 312.55 167.07 311.59 168.89 curveto
310.63 170.71 310.64 175.99 311.22 177.82 curveto
311.8 179.65 311.42 184.37 312.38 185.93 curveto
313.34 187.48 317 189.56 319.65 190.44 curveto
323.86 191.82 326.81 195.71 328.04 197.46 curveto
329.28 199.2 330.69 205.08 331.45 207.39 curveto
332.21 209.7 332.67 216.9 332.18 218.53 curveto
331.69 220.16 332.36 221.22 333.03 221.41 curveto
333.7 221.6 338.12 222.66 340.04 222.85 curveto
341.96 223.04 347.04 224.48 350.31 224.67 curveto
353.57 224.86 361.92 227.83 367.68 227.25 curveto
373.44 226.67 379.68 221.87 381.51 221.2 curveto
383.33 220.53 385.35 219.28 386.6 218.32 curveto
387.84 217.36 390.05 214.39 390.43 213.43 curveto
390.82 212.47 393.31 209.97 395.33 208.54 curveto
397.34 207.1 401.08 204.6 402.81 203.06 curveto
404.54 201.53 411.07 197.49 412.99 195.67 curveto
414.91 193.84 422.4 190.77 423.55 189.91 curveto
424.7 189.04 427.58 188.95 428.93 188.08 curveto
430.27 187.22 431.52 185.3 433.25 183.95 curveto
434.98 182.61 432.96 182.61 432.2 182.23 curveto
431.43 181.84 428.84 180.31 426.15 179.35 curveto
423.46 178.39 420.29 174.74 418.75 173.69 curveto
417.22 172.63 416.26 173.11 413.95 170.52 curveto
411.65 167.93 416.83 166.2 418.56 165.43 curveto
420.29 164.66 423.36 162.36 424.8 161.2 curveto
426.24 160.05 429.79 156.88 431.71 155.25 curveto
433.63 153.62 439.01 149.97 440.74 147.47 curveto
442.47 144.97 451.01 137.67 453.89 136.23 curveto
456.77 134.79 460.37 133.18 461.71 131.93 curveto
463.06 130.69 465.6 127.93 466.95 125.48 curveto
468.26 123.1 470.31 117.71 471.84 113.97 curveto
473.37 110.22 473.85 111.28 475.29 110.22 curveto
476.73 109.17 479.13 109.26 480 109.74 curveto
480.86 110.22 486.53 112.24 488.73 113.1 curveto
490.94 113.96 495.46 115.12 497.95 116.27 curveto
500.45 117.42 501.5 115.31 501.98 114.06 curveto
502.46 112.81 505.34 109.55 506.4 107.91 curveto
507.45 106.28 509.66 100.24 510.34 98.51 curveto
511.01 96.78 517.54 91.98 518.69 90.83 curveto
519.84 89.68 523.68 84.02 524.83 82.1 curveto
525.98 80.18 531.55 72.59 532.71 70.96 curveto
533.86 69.33 536.16 65.58 535.97 64.24 curveto
535.78 62.89 535.2 59.63 534.24 56.85 curveto
533.28 54.06 534.34 52.14 535.11 51.09 curveto
535.88 50.03 540.58 46.38 541.35 45.8 curveto
542.12 45.23 549.03 41 552.2 40.43 curveto
555.37 39.85 560.36 39.47 562.95 39.47 curveto
565.55 39.47 573.13 41.39 575.24 41.39 curveto stroke
 0 0 1 setrgbcolor 0 0.23332 dtransform truncate idtransform setlinewidth pop
newpath 175.21 72.88 moveto
176.56 74.52 180.29 77.14 181.06 78.2 curveto
181.83 79.25 185.57 81.76 187.87 83.19 curveto
190.17 84.63 198.23 86.82 200.44 88.15 curveto
202.65 89.49 210.5 91.59 212.04 93.35 curveto
213.57 95.09 221.87 97.34 223.7 98.01 curveto
225.52 98.68 232.62 101.2 236.56 101.97 curveto
240.5 102.75 255.76 109.61 259.5 110.86 curveto
263.24 112.12 282.64 117.16 286.38 118.42 curveto
290.12 119.68 302.11 122.3 307.77 124.43 curveto
313.43 126.55 315.54 129.72 316.5 130.87 curveto
317.46 132.02 318.42 140.35 318.52 142.55 curveto
318.62 144.75 318.45 150.3 318.08 152.79 curveto
317.7 155.28 316.16 153.75 315.59 153.84 curveto
315.01 153.93 314.45 157.67 314.07 158.63 curveto
313.69 159.59 312.55 167.07 311.59 168.89 curveto
310.63 170.71 310.64 175.99 311.22 177.82 curveto
311.8 179.65 311.42 184.37 312.38 185.93 curveto
313.34 187.48 317 189.56 319.65 190.44 curveto
323.86 191.82 326.81 195.71 328.04 197.46 curveto
329.28 199.2 330.69 205.08 331.45 207.39 curveto
332.21 209.7 332.66 216.9 332.18 218.53 curveto
331.69 220.16 332.36 221.22 333.03 221.41 curveto
333.7 221.6 338.12 222.66 340.04 222.85 curveto
341.96 223.04 347.04 224.48 350.31 224.67 curveto
353.57 224.86 361.92 227.83 367.68 227.25 curveto
373.44 226.67 379.68 221.87 381.51 221.2 curveto
383.33 220.53 385.35 219.28 386.6 218.32 curveto
387.84 217.36 390.05 214.39 390.43 213.43 curveto
390.82 212.47 393.31 209.97 395.33 208.54 curveto
397.34 207.1 401.08 204.6 402.81 203.06 curveto
404.54 201.53 411.07 197.49 412.99 195.67 curveto
414.91 193.84 422.4 190.77 423.55 189.91 curveto
424.7 189.04 427.58 188.95 428.93 188.08 curveto
430.27 187.22 431.52 185.3 433.25 183.95 curveto
434.98 182.61 432.96 182.61 432.2 182.23 curveto
431.43 181.84 428.84 180.31 426.15 179.35 curveto
423.46 178.39 420.29 174.74 418.75 173.69 curveto
417.22 172.63 416.26 173.11 413.95 170.52 curveto
411.65 167.93 416.83 166.2 418.56 165.43 curveto
420.29 164.66 423.36 162.36 424.8 161.2 curveto
426.24 160.05 429.79 156.88 431.71 155.25 curveto
433.63 153.62 439.01 149.97 440.74 147.47 curveto
442.47 144.97 451.01 137.67 453.89 136.23 curveto
456.77 134.79 460.37 133.18 461.71 131.93 curveto
463.06 130.69 465.6 127.93 466.95 125.48 curveto
468.26 123.1 470.31 117.71 471.84 113.97 curveto
473.37 110.22 473.85 111.28 475.29 110.22 curveto
476.73 109.17 479.13 109.26 480 109.74 curveto
480.86 110.22 486.53 112.24 488.73 113.1 curveto
490.94 113.96 495.46 115.12 497.95 116.27 curveto
500.45 117.42 501.5 115.31 501.98 114.06 curveto
502.46 112.81 505.34 109.55 506.4 107.91 curveto
507.45 106.28 509.66 100.24 510.34 98.51 curveto
511.01 96.78 517.54 91.98 518.69 90.83 curveto
519.84 89.68 523.68 84.02 524.83 82.1 curveto
525.98 80.18 531.55 72.59 532.71 70.96 curveto
533.86 69.33 536.16 65.58 535.97 64.24 curveto
535.78 62.89 535.2 59.63 534.24 56.85 curveto
533.28 54.06 534.34 52.14 535.11 51.09 curveto
535.88 50.03 540.58 46.38 541.35 45.8 curveto
542.12 45.23 549.03 41 552.2 40.43 curveto
555.37 39.85 560.36 39.47 562.95 39.47 curveto
565.55 39.47 573.13 41.39 575.24 41.39 curveto stroke
 1 0 0 setrgbcolor
newpath 175.22 73.01 moveto
176.56 74.64 180.3 77.24 181.07 78.29 curveto
181.84 79.35 185.58 81.85 187.88 83.29 curveto
190.18 84.73 198.25 86.95 200.46 88.29 curveto
202.66 89.64 210.44 91.66 211.97 93.39 curveto
213.51 95.12 221.86 97.34 223.68 98.01 curveto
225.51 98.68 232.61 101.19 236.54 101.96 curveto
240.48 102.73 255.74 109.56 259.48 110.81 curveto
263.23 112.06 282.62 117.07 286.36 118.32 curveto
290.11 119.57 302.11 122.17 307.77 124.29 curveto
313.43 126.41 315.54 129.58 316.5 130.73 curveto
317.46 131.88 318.41 140.24 318.51 142.45 curveto
318.6 144.65 318.4 150.22 318.02 152.72 curveto
317.63 155.21 316.1 153.68 315.52 153.77 curveto
314.95 153.87 314.37 157.61 313.98 158.57 curveto
313.6 159.53 312.44 167.02 311.48 168.84 curveto
310.51 170.67 310.51 175.95 311.09 177.77 curveto
311.66 179.6 311.27 184.3 312.23 185.84 curveto
313.19 187.38 316.86 189.41 319.52 190.26 curveto
323.75 191.61 326.72 195.45 327.97 197.18 curveto
329.21 198.91 330.65 204.77 331.42 207.07 curveto
332.18 209.38 332.66 216.58 332.17 218.21 curveto
331.69 219.84 332.36 220.9 333.04 221.09 curveto
333.71 221.28 338.12 222.34 340.04 222.54 curveto
341.96 222.73 347.05 224.18 350.32 224.37 curveto
353.58 224.57 361.93 227.55 367.69 226.98 curveto
373.45 226.41 379.7 221.61 381.52 220.94 curveto
383.35 220.27 385.37 219.02 386.61 218.06 curveto
387.86 217.1 390.07 214.13 390.46 213.17 curveto
390.84 212.21 393.34 209.72 395.36 208.28 curveto
397.38 206.84 401.12 204.35 402.85 202.81 curveto
404.58 201.28 411.11 197.25 413.04 195.43 curveto
414.96 193.6 422.45 190.54 423.6 189.67 curveto
424.76 188.81 427.64 188.72 428.98 187.85 curveto
430.33 186.99 431.58 185.07 433.3 183.73 curveto
435.03 182.39 433.02 182.38 432.25 182 curveto
431.48 181.62 428.89 180.08 426.2 179.11 curveto
423.52 178.15 420.35 174.5 418.82 173.44 curveto
417.28 172.39 416.32 172.87 414.02 170.27 curveto
411.72 167.68 416.9 165.95 418.63 165.19 curveto
420.36 164.42 423.43 162.12 424.87 160.97 curveto
426.32 159.82 429.87 156.65 431.79 155.02 curveto
433.71 153.39 439.09 149.75 440.82 147.25 curveto
442.55 144.76 451.11 137.47 453.99 136.03 curveto
456.87 134.59 460.47 132.98 461.81 131.73 curveto
463.16 130.49 465.71 127.73 467.05 125.28 curveto
468.36 122.9 470.42 117.51 471.96 113.77 curveto
473.5 110.02 473.98 111.08 475.42 110.03 curveto
476.86 108.97 479.26 109.07 480.12 109.55 curveto
480.99 110.03 486.65 112.05 488.86 112.92 curveto
491.07 113.78 495.58 114.94 498.07 116.09 curveto
500.57 117.25 501.63 115.14 502.11 113.89 curveto
502.59 112.64 505.47 109.38 506.53 107.75 curveto
507.59 106.12 509.8 100.07 510.47 98.34 curveto
511.15 96.61 517.68 91.82 518.83 90.67 curveto
519.99 89.52 523.83 83.85 524.98 81.93 curveto
526.14 80.01 531.71 72.43 532.87 70.8 curveto
534.02 69.17 536.33 65.43 536.14 64.08 curveto
535.95 62.74 535.37 59.48 534.41 56.69 curveto
533.46 53.91 534.51 51.99 535.28 50.93 curveto
536.05 49.87 540.76 46.23 541.53 45.65 curveto
542.3 45.08 549.21 40.86 552.38 40.29 curveto
555.55 39.71 560.54 39.33 563.14 39.34 curveto
565.73 39.34 573.31 41.26 575.43 41.27 curveto stroke
 0 0 0 setrgbcolor 0 0.16667 dtransform truncate idtransform setlinewidth pop
newpath 443.93 107.61 moveto
443.92995 107.60995 lineto stroke
newpath 446.11 109.47 moveto
445.72041 109.13759 lineto stroke
newpath 446.11 109.47 moveto
445.91537 110.01024 lineto stroke
newpath 445.13 112.19 moveto
445.42744 111.36444 lineto stroke
newpath 445.13 112.19 moveto
443.9774 112.45174 lineto stroke
newpath 440.33 113.28 moveto
441.68309 112.97273 lineto stroke
newpath 440.33 113.28 moveto
438.94539 113.05023 lineto stroke
newpath 435.75 112.52 moveto
436.22678 112.5991 lineto stroke
newpath 435.75 112.52 moveto
436.09132 111.9253 lineto stroke
newpath 437.38 109.68 moveto
436.53465 111.15288 lineto stroke
newpath 437.38 109.68 moveto
439.47575 108.96895 lineto stroke
newpath 441.86 108.16 moveto
440.70848 108.5507 lineto stroke
newpath 441.86 108.16 moveto
443.01265 107.85374 lineto stroke
newpath 443.93 107.61 moveto
443.92801 107.61053 lineto stroke
 0 0.33333 dtransform truncate idtransform setlinewidth pop
newpath 390.47 220.53 moveto
390.47 220.53 393.53 220.31 394.18 220.09 curveto
394.83 219.87 399.09 218.02 400.4 218.01 curveto
401.71 218.01 404.55 218.34 405.75 215.94 curveto
406.95 213.55 409.99 207.99 412.4 205.69 curveto
414.8 203.4 420.14 199.8 423.09 198.49 curveto
426.03 197.18 426.72 196.37 428.45 195.96 curveto stroke
 0 0 1 setrgbcolor 0 0.23332 dtransform truncate idtransform setlinewidth pop
newpath 390.47 220.53 moveto
390.47 220.53 393.53 220.31 394.18 220.09 curveto
394.83 219.87 399.09 218.02 400.4 218.01 curveto
401.71 218.01 404.55 218.34 405.75 215.94 curveto
406.95 213.54 409.99 207.99 412.4 205.69 curveto
414.8 203.4 420.14 199.8 423.09 198.49 curveto
426.03 197.18 426.72 196.37 428.45 195.96 curveto stroke
 1 0 0 setrgbcolor
newpath 390.49 220.27 moveto
390.49 220.27 393.55 220.05 394.2 219.84 curveto
394.86 219.62 399.11 217.77 400.42 217.77 curveto
401.73 217.77 404.57 218.1 405.77 215.7 curveto
406.97 213.3 410.03 207.74 412.43 205.45 curveto
414.84 203.16 420.19 199.56 423.13 198.26 curveto
426.08 196.95 426.76 196.14 428.49 195.73 curveto stroke
 0 0 0 setrgbcolor 0 0.33333 dtransform truncate idtransform setlinewidth pop
newpath 133.66 140.28 moveto
133.66 140.28 134.91 139.42 134.91 138.07 curveto
134.91 136.73 135.88 132.98 136.45 129.43 curveto
137.03 125.87 137.51 119.54 136.65 116.66 curveto
135.78 113.78 132.62 109.74 129.55 106.57 curveto
126.48 103.4 118.9 102.83 116.7 102.35 curveto
114.49 101.87 112.57 98.42 111.22 95.83 curveto
109.88 93.24 100.76 87.76 97.78 86.13 curveto
94.8 84.5 75.13 83.26 72.92 83.07 curveto
70.71 82.88 59 79.72 55.25 78.76 curveto
51.5 77.8 42.67 71.94 35.95 66.56 curveto
29.23 61.18 22.89 49.47 22.41 47.83 curveto
21.93 46.2 16.17 33.82 15.11 31.03 curveto
14.06 28.25 9.45 17.3 5.99 13.85 curveto
2.54 10.39 -8.5 11.93 -12.53 12.61 curveto
-16.57 13.28 -26.93 12.99 -28.76 13.47 curveto
-30.58 13.95 -37.69 12.89 -42.3 11.35 curveto
-46.9 9.81 -45.08 10.39 -46.42 8.76 curveto
-47.77 7.13 -49.78 9.62 -50.45 10.77 curveto
-51.13 11.92 -52.86 15.95 -52.95 18.16 curveto
-53.05 20.37 -51.51 24.01 -50.74 27.47 curveto
-49.97 30.93 -50.06 40.62 -50.54 43.79 curveto
-51.02 46.96 -54.09 57.33 -54.76 59.92 curveto
-55.44 62.51 -60.14 72.02 -61.1 74.42 curveto
-62.06 76.82 -67.34 84.5 -68.78 85.94 curveto
-70.22 87.38 -79.35 95.35 -81.75 97.27 curveto
-84.15 99.19 -93.08 106.39 -95.86 107.26 curveto
-98.65 108.12 -100.57 112.25 -105.65 111.67 curveto
-110.74 111.1 -122.93 115.61 -126.1 116.47 curveto
-129.27 117.34 -140.3 122.9 -142.7 123.96 curveto
-145.1 125.01 -153.65 129.53 -156.72 130.58 curveto
-159.79 131.64 -174.86 134.33 -179.75 135.77 curveto
-184.65 137.21 -194.53 138.56 -198.09 139.04 curveto
-201.64 139.52 -217.48 139.8 -220.27 139.8 curveto
-223.05 139.8 -233.71 140.19 -238.12 140.57 curveto
-242.54 140.95 -250.32 142.11 -253.78 142.59 curveto
-257.23 143.07 -261.75 144.79 -266.35 146.04 curveto
-270.96 147.29 -276.43 146.23 -281.52 146.13 curveto
-286.61 146.04 -292.27 146.14 -299.37 145.37 curveto
-306.47 144.6 -317.23 139.23 -319.53 138.08 curveto
-321.83 136.93 -325.67 135.87 -327.11 136.64 curveto stroke
 0 0 1 setrgbcolor 0 0.23332 dtransform truncate idtransform setlinewidth pop
newpath 133.66 140.28 moveto
133.66 140.28 134.91 139.42 134.91 138.07 curveto
134.91 136.73 135.88 132.98 136.45 129.43 curveto
137.03 125.87 137.51 119.54 136.65 116.66 curveto
135.78 113.78 132.62 109.74 129.55 106.57 curveto
126.48 103.4 118.9 102.83 116.7 102.35 curveto
114.49 101.87 112.57 98.42 111.22 95.83 curveto
109.88 93.24 100.76 87.76 97.78 86.13 curveto
94.8 84.5 75.13 83.26 72.92 83.07 curveto
70.71 82.88 59 79.72 55.25 78.76 curveto
51.5 77.8 42.67 71.94 35.95 66.56 curveto
29.23 61.18 22.89 49.47 22.41 47.83 curveto
21.93 46.2 16.17 33.82 15.11 31.03 curveto
14.06 28.25 9.45 17.3 5.99 13.85 curveto
2.54 10.39 -8.5 11.93 -12.53 12.61 curveto
-16.57 13.28 -26.93 12.99 -28.76 13.47 curveto
-30.58 13.95 -37.69 12.89 -42.3 11.35 curveto
-46.9 9.81 -45.08 10.39 -46.42 8.76 curveto
-47.77 7.13 -49.78 9.62 -50.45 10.77 curveto
-51.13 11.92 -52.86 15.95 -52.95 18.16 curveto
-53.05 20.37 -51.51 24.01 -50.74 27.47 curveto
-49.97 30.93 -50.06 40.62 -50.54 43.79 curveto
-51.02 46.96 -54.09 57.33 -54.76 59.92 curveto
-55.44 62.51 -60.14 72.02 -61.1 74.42 curveto
-62.06 76.82 -67.34 84.5 -68.78 85.94 curveto
-70.22 87.38 -79.35 95.35 -81.75 97.27 curveto
-84.15 99.19 -93.08 106.39 -95.86 107.26 curveto
-98.65 108.12 -100.57 112.25 -105.65 111.67 curveto
-110.74 111.1 -122.93 115.61 -126.1 116.47 curveto
-129.27 117.34 -140.3 122.9 -142.7 123.96 curveto
-145.1 125.01 -153.65 129.53 -156.72 130.58 curveto
-159.79 131.64 -174.86 134.33 -179.75 135.77 curveto
-184.65 137.21 -194.53 138.56 -198.09 139.04 curveto
-201.64 139.52 -217.48 139.8 -220.27 139.8 curveto
-223.05 139.8 -233.71 140.19 -238.12 140.57 curveto
-242.54 140.95 -250.32 142.11 -253.78 142.59 curveto
-257.23 143.07 -261.75 144.79 -266.35 146.04 curveto
-270.96 147.29 -276.43 146.23 -281.52 146.13 curveto
-286.61 146.04 -292.27 146.14 -299.37 145.37 curveto
-306.47 144.6 -317.23 139.23 -319.53 138.08 curveto
-321.83 136.93 -325.67 135.87 -327.11 136.64 curveto stroke
 1 0 0 setrgbcolor
newpath 133.59 140.66 moveto
133.59 140.66 134.84 139.8 134.84 138.45 curveto
134.84 137.11 135.8 133.37 136.38 129.81 curveto
136.96 126.26 137.44 119.93 136.58 117.05 curveto
135.72 114.16 132.56 110.13 129.49 106.96 curveto
126.42 103.79 118.83 103.2 116.62 102.72 curveto
114.42 102.24 112.5 98.78 111.16 96.19 curveto
109.81 93.6 100.7 88.12 97.72 86.48 curveto
94.75 84.85 75.07 83.58 72.86 83.39 curveto
70.65 83.19 58.94 80.02 55.19 79.05 curveto
51.45 78.09 42.62 72.23 35.91 66.84 curveto
29.19 61.46 22.86 49.74 22.38 48.11 curveto
21.9 46.48 16.15 34.09 15.1 31.3 curveto
14.05 28.52 9.45 17.57 5.99 14.11 curveto
2.54 10.65 -8.5 12.18 -12.54 12.84 curveto
-16.57 13.51 -26.94 13.22 -28.76 13.7 curveto
-30.59 14.17 -37.69 13.11 -42.3 11.57 curveto
-46.91 10.03 -45.08 10.61 -46.43 8.98 curveto
-47.77 7.34 -49.79 9.84 -50.46 10.99 curveto
-51.13 12.14 -52.86 16.17 -52.96 18.38 curveto
-53.06 20.59 -51.53 24.24 -50.76 27.7 curveto
-50 31.15 -50.1 40.85 -50.58 44.02 curveto
-51.07 47.19 -54.15 57.55 -54.82 60.14 curveto
-55.49 62.74 -60.21 72.24 -61.17 74.64 curveto
-62.13 77.04 -67.42 84.71 -68.86 86.15 curveto
-70.3 87.59 -79.43 95.55 -81.83 97.47 curveto
-84.23 99.39 -93.17 106.58 -95.95 107.45 curveto
-98.74 108.31 -100.66 112.43 -105.75 111.85 curveto
-110.84 111.27 -123.04 115.78 -126.2 116.64 curveto
-129.37 117.5 -140.42 123.06 -142.82 124.11 curveto
-145.22 125.17 -153.77 129.67 -156.84 130.73 curveto
-159.92 131.78 -174.99 134.46 -179.89 135.89 curveto
-184.79 137.33 -194.68 138.67 -198.23 139.14 curveto
-201.79 139.62 -217.63 139.89 -220.41 139.89 curveto
-223.2 139.89 -233.85 140.27 -238.27 140.65 curveto
-242.69 141.03 -250.47 142.17 -253.92 142.65 curveto
-257.38 143.13 -261.89 144.85 -266.5 146.1 curveto
-271.11 147.34 -276.59 146.28 -281.67 146.18 curveto
-286.76 146.08 -292.43 146.17 -299.53 145.4 curveto
-306.64 144.62 -317.39 139.24 -319.69 138.08 curveto
-321.99 136.93 -325.83 135.87 -327.27 136.64 curveto stroke
 0 0 0 setrgbcolor 0 0.33333 dtransform truncate idtransform setlinewidth pop
newpath 178.39 211.52 moveto
176.83 210.26 175.78 210.66 172.97 210.18 curveto
170.17 209.7 166.1 208.16 163.87 206.32 curveto
161.64 204.49 156.13 196.87 154.78 195.42 curveto
153.43 193.98 147.35 186.28 146.2 183.49 curveto
145.04 180.7 139.39 171.46 136.8 168.19 curveto
134.21 164.92 131.83 155.68 131.44 154.33 curveto
131.06 152.98 131.74 147.3 132.22 145.48 curveto stroke
 0 0 1 setrgbcolor 0 0.23332 dtransform truncate idtransform setlinewidth pop
newpath 178.39 211.52 moveto
176.83 210.26 175.78 210.65 172.97 210.18 curveto
170.17 209.7 166.1 208.16 163.87 206.32 curveto
161.64 204.49 156.13 196.87 154.78 195.42 curveto
153.43 193.98 147.35 186.28 146.2 183.49 curveto
145.04 180.7 139.39 171.46 136.8 168.19 curveto
134.21 164.92 131.83 155.68 131.44 154.33 curveto
131.06 152.98 131.74 147.3 132.22 145.48 curveto stroke
 1 0 0 setrgbcolor
newpath 178.08 211.75 moveto
176.54 210.5 175.49 210.88 172.7 210.4 curveto
169.92 209.92 165.89 208.38 163.68 206.55 curveto
161.47 204.73 156.01 197.14 154.67 195.69 curveto
153.32 194.25 147.28 186.57 146.13 183.78 curveto
144.98 181 139.32 171.77 136.73 168.51 curveto
134.14 165.24 131.75 156.02 131.37 154.68 curveto
130.98 153.33 131.66 147.67 132.14 145.85 curveto stroke
 0 0 0 setrgbcolor 0 0.33333 dtransform truncate idtransform setlinewidth pop
newpath 282.43 265.9 moveto
281.28 264.84 275.22 262.65 271.66 260.63 curveto
268.1 258.62 258.96 254.37 257.04 252.92 curveto
255.12 251.46 247.53 248.35 243.87 246.89 curveto
240.21 245.42 241.47 243.7 241.28 242.74 curveto
241.08 241.77 243.78 235.82 244.45 234.67 curveto
245.12 233.51 251.8 233.76 254.69 234.06 curveto
257.57 234.35 258.13 232.81 259.47 232.12 curveto
260.82 231.43 259.27 228.54 259.17 227.57 curveto
259.08 226.6 255.01 219.99 252.22 218.92 curveto
249.42 217.85 244.02 219.37 241.7 220.03 curveto
239.39 220.69 233.25 219.78 230.29 219.25 curveto
227.33 218.72 218.97 217.02 215.87 216.9 curveto
212.76 216.78 207.58 218.69 205.31 219.36 curveto
203.04 220.02 200.38 219.75 198.19 219.66 curveto
195.99 219.57 192.02 217.46 190.76 216.98 curveto stroke
 0 0 1 setrgbcolor 0 0.23332 dtransform truncate idtransform setlinewidth pop
newpath 282.43 265.9 moveto
281.28 264.84 275.22 262.65 271.66 260.63 curveto
268.1 258.61 258.96 254.37 257.04 252.92 curveto
255.12 251.46 247.53 248.35 243.87 246.89 curveto
240.21 245.42 241.47 243.7 241.28 242.74 curveto
241.08 241.77 243.78 235.82 244.45 234.67 curveto
245.12 233.51 251.8 233.76 254.69 234.06 curveto
257.57 234.35 258.13 232.81 259.47 232.12 curveto
260.82 231.44 259.27 228.54 259.17 227.57 curveto
259.08 226.6 255.01 219.99 252.22 218.92 curveto
249.42 217.85 244.02 219.37 241.7 220.03 curveto
239.39 220.69 233.25 219.77 230.29 219.25 curveto
227.34 218.71 218.97 217.04 215.87 216.9 curveto
212.76 216.79 207.58 218.69 205.31 219.36 curveto
203.04 220.03 200.38 219.75 198.19 219.66 curveto
195.99 219.57 192.02 217.46 190.76 216.98 curveto stroke
 1 0 0 setrgbcolor
newpath 282.4 265.5 moveto
281.25 264.45 275.2 262.23 271.65 260.22 curveto
268.1 258.2 258.98 253.96 257.06 252.52 curveto
255.15 251.08 247.56 248 243.92 246.56 curveto
240.27 245.12 241.52 243.39 241.33 242.43 curveto
241.14 241.47 243.83 235.52 244.5 234.37 curveto
245.17 233.21 251.8 233.41 254.68 233.7 curveto
257.56 233.99 258.14 232.46 259.48 231.79 curveto
260.83 231.11 259.29 228.23 259.2 227.27 curveto
259.1 226.31 255.08 219.78 252.29 218.72 curveto
249.51 217.66 244.13 219.2 241.83 219.87 curveto
239.52 220.54 233.38 219.67 230.4 219.18 curveto
227.42 218.7 218.88 217.25 215.71 217.16 curveto
212.54 217.06 207.26 218.97 204.96 219.64 curveto
202.65 220.31 199.96 220.02 197.76 219.93 curveto
195.55 219.83 191.61 217.71 190.36 217.23 curveto stroke
 0 0 0 setrgbcolor 0 0.33333 dtransform truncate idtransform setlinewidth pop
newpath 387.17 270.36 moveto
387.26 269.3 386.69 269.21 384.77 266.71 curveto
382.85 264.22 374.98 264.21 372.67 264.12 curveto
370.37 264.02 355.78 268.06 353.28 268.82 curveto
350.78 269.59 341.37 270.65 339.45 271.42 curveto
337.53 272.18 329.27 272.18 326.96 272.09 curveto
324.66 271.99 315.05 272.37 312.84 273.14 curveto
310.63 273.91 307.75 274.01 305.83 274.2 curveto
303.91 274.39 297.58 271.62 295.28 270.66 curveto
292.98 269.71 287.22 268 285.79 267.52 curveto stroke
 0 0 1 setrgbcolor 0 0.23332 dtransform truncate idtransform setlinewidth pop
newpath 387.17 270.36 moveto
387.26 269.3 386.69 269.21 384.77 266.71 curveto
382.85 264.22 374.98 264.21 372.67 264.12 curveto
370.37 264.02 355.78 268.06 353.28 268.82 curveto
350.78 269.59 341.37 270.65 339.45 271.42 curveto
337.53 272.18 329.27 272.18 326.96 272.09 curveto
324.66 271.99 315.05 272.37 312.84 273.14 curveto
310.63 273.91 307.75 274.01 305.83 274.2 curveto
303.91 274.39 297.58 271.62 295.28 270.66 curveto
292.98 269.71 287.22 268 285.79 267.52 curveto stroke
 1 0 0 setrgbcolor
newpath 387.15 270.1 moveto
387.24 269.05 386.67 268.95 384.75 266.45 curveto
382.83 263.95 374.96 263.95 372.66 263.85 curveto
370.35 263.75 355.75 267.77 353.26 268.54 curveto
350.76 269.31 341.35 270.35 339.43 271.12 curveto
337.51 271.89 329.25 271.88 326.95 271.78 curveto
324.64 271.68 315.04 272.06 312.83 272.83 curveto
310.62 273.59 307.74 273.69 305.82 273.88 curveto
303.9 274.07 297.57 271.28 295.26 270.32 curveto
292.96 269.35 287.2 267.62 285.76 267.14 curveto stroke
 0 0 0 setrgbcolor 0 0.33333 dtransform truncate idtransform setlinewidth pop
newpath 428.45 195.96 moveto
428.45 195.96 433.54 195.57 436.32 195.28 curveto
439.11 194.99 443.53 195.86 448.33 195.48 curveto
453.13 195.09 456.01 191.44 457.26 190.48 curveto
458.5 189.52 461.67 186.93 463.69 186.16 curveto
465.71 185.4 473.87 183.77 475.98 183.1 curveto
478.09 182.42 488.27 180.41 490.76 180.89 curveto
493.26 181.37 495.37 185.79 496.43 188.19 curveto
497.48 190.59 496.62 194.52 496.43 195.96 curveto
496.23 197.4 493.16 203.74 492.49 205.08 curveto
491.82 206.43 489.42 211.13 487.78 212.95 curveto
486.15 214.78 481.26 215.16 478.18 215.54 curveto
475.11 215.93 472.71 218.14 471.56 219.86 curveto
470.41 221.59 466.95 224.38 465.22 226.01 curveto
463.5 227.64 456.29 228.98 454.18 229.85 curveto
452.07 230.71 442.66 232.73 439.78 232.92 curveto
436.9 233.11 425.86 236.85 423.36 237.33 curveto
420.87 237.81 418.37 239.25 416.93 240.41 curveto
415.49 241.56 414.63 243.86 413.96 245.97 curveto
413.28 248.09 409.06 250.97 407.91 252.6 curveto
406.75 254.23 399.74 261.62 398.4 263.06 curveto
397.06 264.5 392.74 268.25 392.06 269.69 curveto stroke
 0 0 1 setrgbcolor 0 0.23332 dtransform truncate idtransform setlinewidth pop
newpath 428.45 195.96 moveto
428.45 195.96 433.54 195.57 436.32 195.28 curveto
439.11 194.99 443.53 195.86 448.33 195.48 curveto
453.13 195.09 456.01 191.44 457.26 190.48 curveto
458.5 189.52 461.67 186.93 463.69 186.16 curveto
465.71 185.4 473.87 183.77 475.98 183.1 curveto
478.09 182.42 488.27 180.41 490.76 180.89 curveto
493.26 181.37 495.37 185.79 496.43 188.19 curveto
497.48 190.59 496.62 194.52 496.43 195.96 curveto
496.23 197.4 493.16 203.74 492.49 205.08 curveto
491.82 206.43 489.42 211.13 487.78 212.95 curveto
486.15 214.78 481.26 215.16 478.18 215.54 curveto
475.11 215.93 472.71 218.14 471.56 219.86 curveto
470.41 221.59 466.95 224.38 465.22 226.01 curveto
463.5 227.64 456.29 228.98 454.18 229.85 curveto
452.07 230.71 442.66 232.73 439.78 232.92 curveto
436.9 233.11 425.86 236.85 423.36 237.33 curveto
420.87 237.81 418.37 239.25 416.93 240.41 curveto
415.49 241.56 414.63 243.86 413.96 245.97 curveto
413.28 248.09 409.06 250.97 407.91 252.6 curveto
406.75 254.23 399.74 261.62 398.4 263.06 curveto
397.06 264.5 392.74 268.25 392.06 269.69 curveto stroke
 1 0 0 setrgbcolor
newpath 428.49 195.73 moveto
428.49 195.73 433.58 195.35 436.37 195.06 curveto
439.15 194.78 443.57 195.64 448.37 195.26 curveto
453.17 194.88 456.05 191.24 457.3 190.28 curveto
458.55 189.32 461.72 186.73 463.74 185.96 curveto
465.76 185.2 473.92 183.57 476.03 182.9 curveto
478.14 182.23 488.32 180.22 490.82 180.7 curveto
493.32 181.19 495.42 185.6 496.48 188.01 curveto
497.53 190.41 496.66 194.34 496.47 195.78 curveto
496.28 197.22 493.2 203.56 492.53 204.9 curveto
491.85 206.24 489.45 210.95 487.82 212.77 curveto
486.18 214.59 481.29 214.97 478.21 215.35 curveto
475.14 215.74 472.74 217.94 471.58 219.67 curveto
470.43 221.4 466.97 224.18 465.24 225.81 curveto
463.51 227.44 456.31 228.78 454.2 229.64 curveto
452.09 230.5 442.67 232.51 439.79 232.7 curveto
436.91 232.89 425.87 236.63 423.37 237.1 curveto
420.88 237.58 418.38 239.02 416.94 240.17 curveto
415.5 241.32 414.63 243.63 413.96 245.74 curveto
413.28 247.85 409.05 250.73 407.9 252.36 curveto
406.75 253.99 399.73 261.38 398.39 262.82 curveto
397.04 264.25 392.72 268 392.05 269.44 curveto stroke
 0 0 0 setrgbcolor 0 0.33333 dtransform truncate idtransform setlinewidth pop
newpath 466.09 147.46 moveto
465.22 147.37 465.32 146.89 463.88 147.47 curveto
462.44 148.04 462.63 149.67 461.77 150.92 curveto
460.9 152.17 458.31 151.02 456.97 150.73 curveto
455.62 150.44 453.99 150.93 452.94 151.69 curveto
451.88 152.46 449.48 155.34 447.37 156.78 curveto
445.25 158.22 440.65 161.49 438.82 162.74 curveto
437 163.99 434.6 166.29 431.91 168.69 curveto
429.22 171.09 433.92 171.96 434.88 172.63 curveto
435.84 173.3 438.82 176.66 440.16 177.81 curveto
441.51 178.96 443.23 181.94 443.04 183.57 curveto
442.85 185.2 440.64 186.35 439.97 186.45 curveto stroke
 0 0 1 setrgbcolor 0 0.23332 dtransform truncate idtransform setlinewidth pop
newpath 466.09 147.46 moveto
465.22 147.37 465.32 146.89 463.88 147.47 curveto
462.44 148.04 462.63 149.67 461.77 150.92 curveto
460.9 152.17 458.31 151.02 456.97 150.73 curveto
455.62 150.44 453.99 150.93 452.94 151.69 curveto
451.88 152.46 449.48 155.34 447.37 156.78 curveto
445.25 158.22 440.65 161.49 438.82 162.74 curveto
437 163.99 434.6 166.29 431.91 168.69 curveto
429.22 171.09 433.92 171.96 434.88 172.63 curveto
435.84 173.3 438.82 176.66 440.16 177.81 curveto
441.51 178.96 443.23 181.94 443.04 183.57 curveto
442.85 185.2 440.64 186.35 439.97 186.45 curveto stroke
 1 0 0 setrgbcolor
newpath 466.17 147.27 moveto
465.31 147.17 465.4 146.69 463.96 147.27 curveto
462.52 147.84 462.71 149.48 461.85 150.72 curveto
460.98 151.97 458.39 150.82 457.05 150.53 curveto
455.7 150.24 454.07 150.72 453.01 151.48 curveto
451.96 152.25 449.55 155.13 447.44 156.57 curveto
445.33 158.01 440.72 161.27 438.89 162.51 curveto
437.07 163.76 434.66 166.06 431.97 168.46 curveto
429.28 170.86 433.99 171.73 434.95 172.4 curveto
435.91 173.07 438.88 176.44 440.22 177.59 curveto
441.57 178.74 443.29 181.72 443.1 183.35 curveto
442.91 184.99 440.7 186.14 440.02 186.23 curveto stroke
 0 0 0 setrgbcolor 0 0.33333 dtransform truncate idtransform setlinewidth pop
newpath 515.13 103.02 moveto
513.89 103.88 512.54 106.19 512.35 108.49 curveto
512.16 110.79 510.72 116.07 510.14 118.28 curveto
509.57 120.49 507.53 123.53 506.77 125.94 curveto
506.04 128.21 501.51 126.25 498.24 125.77 curveto
494.98 125.29 490.77 123.36 488.65 122.01 curveto
486.54 120.67 484 121.42 480.25 120.26 curveto
476.51 119.11 477.31 121.83 476.83 122.51 curveto
476.35 123.18 473.6 130.52 472.8 132.3 curveto
472.05 133.97 470.6 136.04 470.02 137 curveto
469.45 137.96 469.83 139.21 470.31 139.69 curveto stroke
 0 0 1 setrgbcolor 0 0.23332 dtransform truncate idtransform setlinewidth pop
newpath 515.13 103.02 moveto
513.89 103.88 512.54 106.19 512.35 108.49 curveto
512.16 110.79 510.72 116.07 510.14 118.28 curveto
509.57 120.49 507.53 123.53 506.77 125.94 curveto
506.04 128.21 501.51 126.25 498.24 125.77 curveto
494.98 125.29 490.77 123.36 488.65 122.01 curveto
486.54 120.67 484 121.42 480.25 120.26 curveto
476.51 119.11 477.31 121.83 476.83 122.51 curveto
476.35 123.18 473.6 130.52 472.8 132.3 curveto
472.05 133.97 470.6 136.04 470.02 137 curveto
469.45 137.96 469.83 139.21 470.31 139.69 curveto stroke
 1 0 0 setrgbcolor
newpath 515.27 102.86 moveto
514.02 103.72 512.68 106.02 512.48 108.33 curveto
512.29 110.63 510.84 115.91 510.27 118.12 curveto
509.69 120.33 507.64 123.37 506.88 125.77 curveto
506.15 128.04 501.62 126.08 498.35 125.6 curveto
495.09 125.12 490.88 123.17 488.77 121.83 curveto
486.66 120.48 484.11 121.23 480.37 120.08 curveto
476.62 118.92 477.43 121.64 476.95 122.32 curveto
476.46 122.99 473.7 130.33 472.9 132.11 curveto
472.15 133.78 470.69 135.85 470.12 136.81 curveto
469.54 137.77 469.92 139.02 470.4 139.5 curveto stroke
 0 0 0 setrgbcolor 0 0.33333 dtransform truncate idtransform setlinewidth pop
newpath 515.13 103.02 moveto
516 102.64 518.78 101.39 520.99 101.01 curveto
523.2 100.62 529.05 100.34 529.44 98.32 curveto
529.82 96.31 528.58 94.48 529.73 93.04 curveto
530.88 91.6 530.78 90.07 531.46 89.97 curveto
532.13 89.87 533.38 91.6 534.05 90.83 curveto
534.72 90.07 536.16 87.95 534.91 87.57 curveto
533.67 87.19 532.13 88.72 533.09 86.32 curveto
534.05 83.92 535.49 82.48 537.12 82 curveto
538.75 81.52 540.77 79.31 542.88 78.35 curveto
545 77.39 547.01 76.05 548.26 74.71 curveto
549.51 73.36 552.39 70.96 552.97 70.29 curveto
553.54 69.62 554.89 68.85 554.89 68.85 curveto stroke
 0 0 1 setrgbcolor 0 0.23332 dtransform truncate idtransform setlinewidth pop
newpath 515.13 103.02 moveto
516 102.64 518.78 101.39 520.99 101.01 curveto
523.2 100.62 529.05 100.34 529.44 98.32 curveto
529.82 96.31 528.58 94.48 529.73 93.04 curveto
530.88 91.6 530.78 90.07 531.46 89.97 curveto
532.13 89.87 533.38 91.6 534.05 90.83 curveto
534.72 90.07 536.16 87.95 534.91 87.57 curveto
533.67 87.19 532.13 88.72 533.09 86.32 curveto
534.05 83.92 535.49 82.48 537.12 82 curveto
538.75 81.52 540.77 79.31 542.88 78.35 curveto
545 77.39 547.01 76.05 548.26 74.71 curveto
549.51 73.36 552.39 70.96 552.97 70.29 curveto
553.54 69.62 554.89 68.85 554.89 68.85 curveto stroke
 1 0 0 setrgbcolor
newpath 515.27 102.86 moveto
516.13 102.47 518.92 101.23 521.13 100.85 curveto
523.34 100.46 529.19 100.18 529.58 98.16 curveto
529.97 96.15 528.72 94.32 529.87 92.88 curveto
531.03 91.44 530.93 89.91 531.6 89.81 curveto
532.28 89.72 533.52 91.45 534.19 90.68 curveto
534.87 89.91 536.31 87.8 535.06 87.42 curveto
533.81 87.03 532.28 88.57 533.24 86.17 curveto
534.2 83.77 535.64 82.33 537.27 81.85 curveto
538.91 81.37 540.93 79.16 543.04 78.2 curveto
545.15 77.25 547.17 75.9 548.42 74.56 curveto
549.67 73.22 552.55 70.82 553.13 70.15 curveto
553.7 69.48 555.05 68.71 555.05 68.71 curveto stroke
 0 0 0 setrgbcolor 0 0.33333 dtransform truncate idtransform setlinewidth pop
newpath 576.59 55.41 moveto
576.59 55.41 569.96 54.74 567.56 54.16 curveto
565.16 53.58 561.07 55.01 559.24 55.69 curveto
557.42 56.36 552.4 59.16 551.82 59.83 curveto
551.25 60.5 553.06 63.95 553.73 66.06 curveto
554.41 68.18 554.89 68.85 554.89 68.85 curveto stroke
 0 0 1 setrgbcolor 0 0.23332 dtransform truncate idtransform setlinewidth pop
newpath 576.59 55.41 moveto
576.59 55.41 569.96 54.74 567.56 54.16 curveto
565.16 53.58 561.07 55.01 559.24 55.69 curveto
557.42 56.36 552.4 59.16 551.82 59.83 curveto
551.25 60.5 553.06 63.95 553.73 66.06 curveto
554.41 68.18 554.89 68.85 554.89 68.85 curveto stroke
 1 0 0 setrgbcolor
newpath 576.76 55.28 moveto
576.76 55.28 570.13 54.61 567.73 54.03 curveto
565.33 53.45 561.24 54.88 559.41 55.55 curveto
557.59 56.22 552.57 59.02 551.99 59.69 curveto
551.41 60.36 553.23 63.81 553.9 65.92 curveto
554.57 68.04 555.05 68.71 555.05 68.71 curveto stroke
 0 0 0 setrgbcolor 0 0.33333 dtransform truncate idtransform setlinewidth pop
newpath -327.73 134.49 moveto
-327.73 134.49 -326.24 134.17 -325.28 133.74 curveto
-324.32 133.31 -323.89 131.18 -323.47 128.62 curveto
-323.04 126.06 -322.51 120.19 -322.4 117.53 curveto
-322.29 114.86 -325.71 108.99 -326.66 107.18 curveto
-327.62 105.37 -327.84 98.22 -327.73 94.49 curveto
-327.63 90.76 -325.39 82.44 -325.07 80.3 curveto
-324.75 78.17 -321.44 74.44 -320.8 72.63 curveto
-320.16 70.81 -320.59 70.92 -321.33 70.6 curveto
-322.08 70.28 -330.08 68.89 -331.26 68.89 curveto
-332.43 68.89 -339.04 67.39 -342.46 67.17 curveto
-345.87 66.96 -350.35 66.75 -352.17 66.64 curveto
-353.98 66.53 -362.73 66.21 -365.72 66 curveto
-368.7 65.78 -374.04 60.24 -376.38 58.74 curveto
-378.73 57.25 -384.48 51.81 -387.04 47.76 curveto
-389.6 43.71 -392.59 37.74 -393.34 36.03 curveto
-394.09 34.32 -397.93 27.39 -399.64 25.26 curveto
-401.35 23.12 -406.58 17.04 -408.28 15.22 curveto
-409.99 13.41 -414.57 6.69 -415.75 4.45 curveto
-416.92 2.21 -423.32 -6.65 -424.92 -12.09 curveto
-426.52 -17.53 -436.75 -28.83 -437.61 -30.43 curveto
-438.46 -32.03 -447.85 -40.13 -449.66 -41.73 curveto
-451.48 -43.33 -456.28 -50.04 -457.34 -51.64 curveto
-458.41 -53.24 -462.78 -60.5 -466.19 -63.16 curveto
-469.61 -65.83 -471.1 -69.78 -472.48 -72.55 curveto
-473.87 -75.32 -474.51 -79.59 -474.83 -80.66 curveto stroke
 0 0 1 setrgbcolor 0 0.23332 dtransform truncate idtransform setlinewidth pop
newpath -327.73 134.49 moveto
-327.73 134.49 -326.24 134.17 -325.28 133.74 curveto
-324.32 133.31 -323.89 131.18 -323.47 128.62 curveto
-323.04 126.06 -322.51 120.19 -322.4 117.53 curveto
-322.29 114.86 -325.71 108.99 -326.66 107.18 curveto
-327.62 105.37 -327.84 98.22 -327.73 94.49 curveto
-327.63 90.76 -325.39 82.44 -325.07 80.3 curveto
-324.75 78.17 -321.44 74.44 -320.8 72.63 curveto
-320.16 70.81 -320.59 70.92 -321.33 70.6 curveto
-322.08 70.28 -330.08 68.89 -331.26 68.89 curveto
-332.43 68.89 -339.04 67.39 -342.46 67.17 curveto
-345.87 66.96 -350.35 66.75 -352.17 66.64 curveto
-353.98 66.53 -362.73 66.21 -365.72 66 curveto
-368.7 65.78 -374.03 60.24 -376.38 58.74 curveto
-378.73 57.25 -384.48 51.81 -387.04 47.76 curveto
-389.61 43.71 -392.59 37.74 -393.34 36.03 curveto
-394.09 34.32 -397.93 27.39 -399.64 25.26 curveto
-401.35 23.12 -406.58 17.04 -408.28 15.22 curveto
-409.99 13.41 -414.57 6.69 -415.75 4.45 curveto
-416.92 2.21 -423.32 -6.65 -424.92 -12.09 curveto
-426.52 -17.53 -436.75 -28.83 -437.61 -30.43 curveto
-438.46 -32.03 -447.85 -40.13 -449.66 -41.73 curveto
-451.48 -43.33 -456.28 -50.04 -457.34 -51.64 curveto
-458.41 -53.24 -462.78 -60.5 -466.19 -63.16 curveto
-469.61 -65.83 -471.1 -69.78 -472.48 -72.55 curveto
-473.87 -75.32 -474.51 -79.59 -474.83 -80.66 curveto stroke
 1 0 0 setrgbcolor
newpath -327.89 134.48 moveto
-327.89 134.48 -326.4 134.16 -325.44 133.74 curveto
-324.47 133.31 -324.05 131.18 -323.62 128.62 curveto
-323.19 126.06 -322.65 120.19 -322.54 117.52 curveto
-322.43 114.86 -325.84 108.99 -326.8 107.17 curveto
-327.76 105.36 -327.97 98.21 -327.86 94.48 curveto
-327.75 90.74 -325.5 82.42 -325.18 80.29 curveto
-324.86 78.16 -321.55 74.42 -320.9 72.61 curveto
-320.26 70.8 -320.69 70.9 -321.44 70.58 curveto
-322.18 70.26 -330.18 68.87 -331.36 68.87 curveto
-332.53 68.87 -339.14 67.37 -342.56 67.15 curveto
-345.97 66.94 -350.45 66.72 -352.26 66.61 curveto
-354.08 66.5 -362.83 66.18 -365.81 65.96 curveto
-368.8 65.74 -374.13 60.19 -376.47 58.7 curveto
-378.82 57.2 -384.58 51.76 -387.13 47.7 curveto
-389.69 43.64 -392.67 37.67 -393.42 35.96 curveto
-394.16 34.25 -398 27.32 -399.7 25.18 curveto
-401.41 23.05 -406.63 16.96 -408.34 15.15 curveto
-410.04 13.33 -414.62 6.61 -415.8 4.36 curveto
-416.97 2.12 -423.36 -6.74 -424.96 -12.18 curveto
-426.55 -17.62 -436.78 -28.94 -437.64 -30.54 curveto
-438.49 -32.14 -447.87 -40.25 -449.68 -41.86 curveto
-451.49 -43.46 -456.29 -50.18 -457.35 -51.78 curveto
-458.42 -53.38 -462.79 -60.64 -466.2 -63.31 curveto
-469.61 -65.98 -471.1 -69.93 -472.49 -72.71 curveto
-473.87 -75.48 -474.51 -79.75 -474.83 -80.82 curveto stroke
 0 0 0 setrgbcolor 0 0.33333 dtransform truncate idtransform setlinewidth pop
newpath -466.72 -80.44 moveto
-466.4 -79.38 -464.38 -76.82 -463.31 -75.32 curveto
-462.25 -73.83 -453.29 -66.25 -451.69 -65.19 curveto
-450.09 -64.12 -444.98 -58.37 -443.91 -56.23 curveto
-442.84 -54.1 -436.86 -45.15 -434.94 -43.44 curveto
-433.02 -41.74 -425.45 -32.99 -423.74 -30.86 curveto
-422.04 -28.73 -415.32 -19.23 -414.14 -16.89 curveto
-412.97 -14.54 -406.57 -0.67 -405.72 1.03 curveto
-404.87 2.74 -401.56 9.89 -399.96 12.24 curveto
-398.36 14.59 -394.09 17.58 -393.03 18.43 curveto
-391.96 19.28 -387.8 24.19 -386.95 25.47 curveto
-386.09 26.75 -382.57 32.29 -381.93 34.53 curveto
-381.29 36.77 -380.11 39.97 -378.3 42.64 curveto
-376.49 45.31 -371.69 49.47 -368.92 51.92 curveto
-366.14 54.37 -361.77 56.18 -360.17 56.72 curveto
-358.57 57.25 -352.81 59.06 -350.03 59.49 curveto
-347.26 59.92 -340.75 59.71 -338.4 59.28 curveto
-336.05 58.85 -329.55 60.78 -327.52 61.1 curveto
-325.49 61.42 -314.93 63.67 -313.54 64.09 curveto
-312.16 64.52 -308.74 67.51 -307.57 68.25 curveto stroke
 0 0 1 setrgbcolor 0 0.23332 dtransform truncate idtransform setlinewidth pop
newpath -466.72 -80.44 moveto
-466.4 -79.38 -464.38 -76.82 -463.31 -75.32 curveto
-462.25 -73.83 -453.29 -66.25 -451.69 -65.19 curveto
-450.09 -64.12 -444.98 -58.37 -443.91 -56.23 curveto
-442.84 -54.1 -436.86 -45.15 -434.94 -43.44 curveto
-433.02 -41.74 -425.45 -32.99 -423.74 -30.86 curveto
-422.04 -28.73 -415.32 -19.23 -414.14 -16.89 curveto
-412.97 -14.54 -406.57 -0.67 -405.72 1.03 curveto
-404.87 2.74 -401.56 9.89 -399.96 12.24 curveto
-398.36 14.59 -394.09 17.58 -393.03 18.43 curveto
-391.96 19.28 -387.8 24.19 -386.95 25.47 curveto
-386.09 26.75 -382.57 32.29 -381.93 34.53 curveto
-381.29 36.77 -380.11 39.97 -378.3 42.64 curveto
-376.49 45.31 -371.69 49.47 -368.92 51.92 curveto
-366.14 54.37 -361.77 56.18 -360.17 56.72 curveto
-358.57 57.25 -352.81 59.06 -350.03 59.49 curveto
-347.26 59.92 -340.75 59.71 -338.4 59.28 curveto
-336.05 58.85 -329.55 60.78 -327.52 61.1 curveto
-325.49 61.42 -314.93 63.67 -313.54 64.09 curveto
-312.16 64.52 -308.74 67.51 -307.57 68.25 curveto stroke
 1 0 0 setrgbcolor
newpath -466.72 -80.6 moveto
-466.4 -79.53 -464.38 -76.97 -463.31 -75.47 curveto
-462.24 -73.98 -453.29 -66.4 -451.69 -65.33 curveto
-450.09 -64.26 -444.97 -58.49 -443.91 -56.36 curveto
-442.84 -54.23 -436.88 -45.26 -434.96 -43.55 curveto
-433.04 -41.84 -425.47 -33.09 -423.77 -30.95 curveto
-422.06 -28.82 -415.35 -19.32 -414.18 -16.97 curveto
-413.01 -14.62 -406.62 -0.75 -405.76 0.96 curveto
-404.91 2.67 -401.61 9.82 -400.01 12.17 curveto
-398.41 14.51 -394.15 17.5 -393.08 18.36 curveto
-392.02 19.21 -387.86 24.12 -387.01 25.4 curveto
-386.16 26.69 -382.64 32.24 -382 34.48 curveto
-381.36 36.72 -380.19 39.92 -378.38 42.59 curveto
-376.57 45.26 -371.77 49.42 -369 51.88 curveto
-366.23 54.33 -361.86 56.15 -360.26 56.68 curveto
-358.66 57.22 -352.9 59.04 -350.12 59.47 curveto
-347.35 59.89 -340.84 59.69 -338.5 59.26 curveto
-336.15 58.84 -329.64 60.76 -327.62 61.08 curveto
-325.59 61.41 -315.03 63.66 -313.64 64.08 curveto
-312.26 64.51 -308.85 67.5 -307.67 68.25 curveto stroke
 0 0 0 setrgbcolor 0 0.33333 dtransform truncate idtransform setlinewidth pop
newpath -306.08 71.24 moveto
-305.86 73.16 -305.44 74.02 -303.73 75.19 curveto
-302.03 76.36 -299.47 80.2 -299.89 83.83 curveto
-300.32 87.45 -300.54 93 -301.92 96.3 curveto
-303.31 99.61 -305.76 103.24 -306.19 105.58 curveto
-306.61 107.93 -307.47 111.66 -305.66 112.94 curveto
-303.84 114.22 -291.15 119.97 -288.81 121.15 curveto
-286.46 122.32 -279 125.94 -276.76 124.66 curveto
-274.52 123.38 -267.58 120.93 -265.02 120.5 curveto
-262.46 120.07 -252 119.76 -249.34 120.29 curveto
-246.67 120.82 -231.95 122.21 -229.17 122.64 curveto
-226.4 123.07 -208.37 124.03 -206.24 123.07 curveto
-204.1 122.11 -199.09 116.46 -198.02 115.07 curveto
-196.96 113.68 -195.78 111.23 -188.96 110.8 curveto
-182.13 110.38 -170.08 110.69 -167.2 110.27 curveto
-164.32 109.84 -155.04 108.24 -152.06 106.85 curveto
-149.07 105.47 -137.02 100.88 -134.89 100.13 curveto
-132.75 99.39 -123.05 98.64 -120.17 98.32 curveto
-117.29 98 -108.33 95.12 -106.52 92.77 curveto
-104.71 90.43 -101.29 85.2 -99.48 82.42 curveto
-97.66 79.65 -93.29 72.5 -91.37 70.47 curveto
-89.45 68.45 -84.65 62.9 -82.94 60.34 curveto
-81.23 57.78 -75.58 49.13 -74.94 47.96 curveto
-74.3 46.79 -70.24 39.96 -70.03 36.97 curveto
-69.82 33.99 -70.46 29.51 -71.53 25.99 curveto
-72.59 22.47 -73.02 16.71 -73.45 14.25 curveto
-73.88 11.8 -73.56 7 -73.56 4.97 curveto
-73.56 2.95 -72.92 1.35 -73.88 0.17 curveto
-74.84 -1 -76.54 -1 -75.8 -1.85 curveto
-75.05 -2.71 -74.41 -3.13 -73.56 -2.49 curveto
-72.7 -1.85 -72.17 -0.36 -72.06 -1.64 curveto
-71.96 -2.92 -72.17 -4.09 -70.36 -4.63 curveto
-68.54 -5.16 -61.61 -6.97 -60.33 -7.72 curveto
-59.05 -8.46 -53.18 -11.02 -51.47 -12.62 curveto
-49.77 -14.22 -45.93 -17.74 -45.5 -19.12 curveto
-45.07 -20.51 -45.82 -26.06 -49.02 -30.22 curveto
-52.21 -34.38 -58.29 -45.15 -60.75 -48.46 curveto
-63.2 -51.77 -73.76 -61.05 -76.43 -62.75 curveto
-79.09 -64.46 -98.08 -71.39 -99.79 -72.14 curveto
-101.5 -72.89 -125.71 -80.46 -130.83 -81.21 curveto
-135.95 -81.95 -174.67 -92.83 -178.41 -94.54 curveto
-182.14 -96.24 -200.06 -101.68 -201.55 -102.11 curveto
-203.05 -102.54 -209.77 -103.28 -210.19 -103.18 curveto stroke
 0 0 1 setrgbcolor 0 0.23332 dtransform truncate idtransform setlinewidth pop
newpath -306.08 71.24 moveto
-305.86 73.16 -305.44 74.02 -303.73 75.19 curveto
-302.03 76.36 -299.47 80.2 -299.89 83.83 curveto
-300.32 87.45 -300.54 93 -301.92 96.3 curveto
-303.31 99.61 -305.76 103.24 -306.19 105.58 curveto
-306.61 107.93 -307.47 111.66 -305.66 112.94 curveto
-303.84 114.22 -291.15 119.97 -288.81 121.15 curveto
-286.46 122.32 -279 125.94 -276.76 124.66 curveto
-274.52 123.38 -267.58 120.93 -265.02 120.5 curveto
-262.46 120.07 -252 119.76 -249.34 120.29 curveto
-246.67 120.82 -231.95 122.21 -229.17 122.64 curveto
-226.4 123.07 -208.37 124.03 -206.24 123.07 curveto
-204.1 122.11 -199.09 116.46 -198.02 115.07 curveto
-196.96 113.68 -195.78 111.23 -188.96 110.8 curveto
-182.13 110.38 -170.08 110.69 -167.2 110.27 curveto
-164.32 109.84 -155.04 108.24 -152.06 106.85 curveto
-149.07 105.47 -137.02 100.88 -134.89 100.13 curveto
-132.75 99.39 -123.05 98.64 -120.17 98.32 curveto
-117.29 98 -108.33 95.12 -106.52 92.77 curveto
-104.71 90.43 -101.29 85.2 -99.48 82.42 curveto
-97.66 79.65 -93.29 72.5 -91.37 70.47 curveto
-89.45 68.45 -84.65 62.9 -82.94 60.34 curveto
-81.23 57.78 -75.58 49.13 -74.94 47.96 curveto
-74.3 46.79 -70.24 39.96 -70.03 36.97 curveto
-69.82 33.99 -70.46 29.51 -71.53 25.99 curveto
-72.59 22.47 -73.02 16.71 -73.45 14.25 curveto
-73.88 11.8 -73.56 7 -73.56 4.97 curveto
-73.56 2.95 -72.92 1.35 -73.88 0.17 curveto
-74.84 -1 -76.54 -1 -75.8 -1.85 curveto
-75.05 -2.71 -74.41 -3.13 -73.56 -2.49 curveto
-72.7 -1.85 -72.17 -0.36 -72.06 -1.64 curveto
-71.96 -2.92 -72.17 -4.09 -70.36 -4.63 curveto
-68.54 -5.16 -61.61 -6.97 -60.33 -7.72 curveto
-59.05 -8.46 -53.18 -11.02 -51.47 -12.62 curveto
-49.77 -14.22 -45.93 -17.74 -45.5 -19.12 curveto
-45.07 -20.51 -45.82 -26.06 -49.02 -30.22 curveto
-52.21 -34.38 -58.29 -45.15 -60.75 -48.46 curveto
-63.2 -51.77 -73.76 -61.05 -76.43 -62.75 curveto
-79.09 -64.46 -98.08 -71.39 -99.79 -72.14 curveto
-101.5 -72.89 -125.71 -80.46 -130.83 -81.21 curveto
-135.95 -81.95 -174.67 -92.83 -178.41 -94.54 curveto
-182.14 -96.24 -200.06 -101.68 -201.55 -102.11 curveto
-203.05 -102.54 -209.77 -103.28 -210.19 -103.18 curveto stroke
 1 0 0 setrgbcolor
newpath -306.18 71.24 moveto
-305.97 73.16 -305.54 74.01 -303.84 75.19 curveto
-302.13 76.36 -299.57 80.2 -300 83.83 curveto
-300.43 87.46 -300.65 93 -302.04 96.31 curveto
-303.43 99.62 -305.89 103.24 -306.32 105.59 curveto
-306.75 107.93 -307.6 111.67 -305.79 112.95 curveto
-303.98 114.23 -291.29 120 -288.94 121.18 curveto
-286.59 122.35 -279.13 125.99 -276.89 124.71 curveto
-274.65 123.43 -267.71 120.98 -265.15 120.56 curveto
-262.59 120.13 -252.13 119.82 -249.47 120.36 curveto
-246.8 120.89 -232.08 122.29 -229.31 122.72 curveto
-226.53 123.15 -208.5 124.12 -206.37 123.17 curveto
-204.24 122.21 -199.22 116.56 -198.15 115.17 curveto
-197.08 113.79 -195.91 111.33 -189.08 110.91 curveto
-182.25 110.49 -170.2 110.82 -167.31 110.4 curveto
-164.43 109.97 -155.15 108.38 -152.16 106.99 curveto
-149.18 105.61 -137.12 101.03 -134.98 100.29 curveto
-132.85 99.54 -123.14 98.8 -120.26 98.49 curveto
-117.38 98.17 -108.41 95.3 -106.6 92.95 curveto
-104.78 90.6 -101.37 85.38 -99.55 82.61 curveto
-97.73 79.84 -93.35 72.69 -91.43 70.67 curveto
-89.51 68.64 -84.7 63.1 -83 60.54 curveto
-81.29 57.98 -75.63 49.34 -74.98 48.17 curveto
-74.34 47 -70.28 40.17 -70.07 37.19 curveto
-69.85 34.2 -70.49 29.72 -71.55 26.2 curveto
-72.62 22.67 -73.04 16.91 -73.46 14.46 curveto
-73.89 12.01 -73.56 7.21 -73.56 5.18 curveto
-73.56 3.15 -72.92 1.55 -73.88 0.38 curveto
-74.84 -0.8 -76.54 -0.8 -75.8 -1.65 curveto
-75.05 -2.5 -74.41 -2.93 -73.56 -2.29 curveto
-72.7 -1.65 -72.17 -0.16 -72.06 -1.44 curveto
-71.96 -2.72 -72.17 -3.89 -70.35 -4.42 curveto
-68.54 -4.95 -61.6 -6.76 -60.32 -7.51 curveto
-59.04 -8.25 -53.17 -10.81 -51.46 -12.41 curveto
-49.76 -14.01 -45.91 -17.52 -45.49 -18.91 curveto
-45.06 -20.3 -45.8 -25.84 -49 -30.01 curveto
-52.19 -34.17 -58.27 -44.95 -60.72 -48.26 curveto
-63.17 -51.57 -73.72 -60.86 -76.39 -62.57 curveto
-79.05 -64.28 -98.04 -71.23 -99.74 -71.97 curveto
-101.45 -72.72 -125.66 -80.32 -130.78 -81.07 curveto
-135.9 -81.82 -174.62 -92.73 -178.35 -94.44 curveto
-182.08 -96.15 -200 -101.61 -201.49 -102.03 curveto
-202.99 -102.46 -209.71 -103.21 -210.13 -103.11 curveto stroke
 0 0 0 setrgbcolor 0 0.33333 dtransform truncate idtransform setlinewidth pop
newpath -212.43 -101.47 moveto
-213.5 -102.32 -216.81 -103.82 -219.16 -105.1 curveto
-221.5 -106.38 -227.16 -107.12 -229.61 -108.94 curveto
-232.06 -110.75 -234.73 -113.21 -235.37 -115.66 curveto
-236.01 -118.11 -235.8 -122.17 -237.82 -124.09 curveto
-239.85 -126.01 -246.89 -130.82 -249.13 -131.78 curveto
-251.37 -132.74 -258.73 -134.02 -261.18 -134.34 curveto
-263.63 -134.66 -272.91 -138.18 -275.58 -139.57 curveto
-278.24 -140.96 -289.97 -148.63 -292.43 -150.66 curveto
-294.88 -152.69 -308.96 -162.6 -311.52 -164.31 curveto
-314.08 -166.01 -334.25 -180.52 -336.49 -181.7 curveto
-338.73 -182.87 -356.76 -190.12 -360.17 -191.19 curveto
-363.59 -192.26 -380.44 -194.61 -382.57 -195.25 curveto
-384.71 -195.89 -391.42 -201.44 -393.98 -195.14 curveto
-396.54 -188.85 -399 -182.98 -401.88 -179.46 curveto
-404.76 -175.94 -411.16 -168.48 -414.67 -167.3 curveto
-418.19 -166.13 -435.47 -163.02 -439.84 -162.28 curveto
-444.22 -161.53 -455.84 -159.07 -459.26 -158.11 curveto
-462.67 -157.15 -472.91 -155.34 -476.53 -154.81 curveto
-480.16 -154.27 -489.97 -152.57 -494.24 -153.85 curveto
-498.5 -155.13 -504.9 -157.48 -509.28 -159.83 curveto
-513.65 -162.17 -524.96 -165.91 -528.59 -167.4 curveto
-532.22 -168.9 -551.2 -176.48 -556.22 -186.4 curveto
-561.23 -196.31 -561.76 -198.13 -562.4 -203.56 curveto
-563.04 -209 -562.94 -223.61 -562.83 -229.16 curveto
-562.72 -234.71 -562.09 -245.41 -562.4 -250.5 curveto
-562.73 -255.76 -565.07 -264.45 -567.42 -267.44 curveto
-569.76 -270.43 -574.45 -273.01 -576.59 -274.39 curveto stroke
 0 0 1 setrgbcolor 0 0.23332 dtransform truncate idtransform setlinewidth pop
newpath -212.43 -101.47 moveto
-213.5 -102.32 -216.81 -103.82 -219.16 -105.1 curveto
-221.5 -106.38 -227.16 -107.12 -229.61 -108.94 curveto
-232.06 -110.75 -234.73 -113.21 -235.37 -115.66 curveto
-236.01 -118.11 -235.8 -122.17 -237.82 -124.09 curveto
-239.85 -126.01 -246.89 -130.82 -249.13 -131.78 curveto
-251.37 -132.74 -258.73 -134.02 -261.18 -134.34 curveto
-263.63 -134.66 -272.91 -138.18 -275.58 -139.57 curveto
-278.24 -140.96 -289.97 -148.63 -292.43 -150.66 curveto
-294.88 -152.69 -308.96 -162.6 -311.52 -164.31 curveto
-314.08 -166.01 -334.25 -180.52 -336.49 -181.7 curveto
-338.73 -182.87 -356.76 -190.12 -360.17 -191.19 curveto
-363.59 -192.26 -380.44 -194.61 -382.57 -195.25 curveto
-384.71 -195.89 -391.42 -201.44 -393.98 -195.14 curveto
-396.54 -188.85 -399 -182.98 -401.88 -179.46 curveto
-404.76 -175.94 -411.16 -168.48 -414.67 -167.3 curveto
-418.19 -166.13 -435.47 -163.02 -439.84 -162.28 curveto
-444.22 -161.53 -455.84 -159.07 -459.26 -158.11 curveto
-462.67 -157.15 -472.91 -155.34 -476.53 -154.81 curveto
-480.16 -154.27 -489.97 -152.57 -494.24 -153.85 curveto
-498.5 -155.13 -504.9 -157.48 -509.28 -159.83 curveto
-513.65 -162.17 -524.96 -165.91 -528.59 -167.4 curveto
-532.22 -168.9 -551.2 -176.48 -556.22 -186.4 curveto
-561.23 -196.31 -561.76 -198.13 -562.4 -203.56 curveto
-563.04 -209 -562.93 -223.61 -562.83 -229.16 curveto
-562.72 -234.71 -562.09 -245.41 -562.4 -250.5 curveto
-562.73 -255.76 -565.07 -264.45 -567.42 -267.44 curveto
-569.76 -270.43 -574.45 -273.01 -576.59 -274.39 curveto stroke
 1 0 0 setrgbcolor
newpath -212.37 -101.4 moveto
-213.44 -102.26 -216.75 -103.75 -219.09 -105.04 curveto
-221.44 -106.32 -227.09 -107.07 -229.54 -108.89 curveto
-232 -110.7 -234.66 -113.16 -235.3 -115.61 curveto
-235.94 -118.07 -235.72 -122.12 -237.75 -124.04 curveto
-239.77 -125.96 -246.81 -130.77 -249.05 -131.73 curveto
-251.29 -132.69 -258.65 -133.98 -261.1 -134.3 curveto
-263.55 -134.62 -272.83 -138.15 -275.5 -139.54 curveto
-278.16 -140.93 -289.89 -148.62 -292.34 -150.65 curveto
-294.8 -152.68 -308.87 -162.61 -311.43 -164.32 curveto
-313.99 -166.03 -334.14 -180.55 -336.38 -181.73 curveto
-338.62 -182.9 -356.64 -190.17 -360.05 -191.24 curveto
-363.47 -192.31 -380.32 -194.67 -382.45 -195.32 curveto
-384.59 -195.96 -391.3 -201.51 -393.87 -195.22 curveto
-396.43 -188.93 -398.89 -183.06 -401.78 -179.54 curveto
-404.66 -176.02 -411.07 -168.56 -414.59 -167.39 curveto
-418.11 -166.22 -435.39 -163.14 -439.77 -162.4 curveto
-444.14 -161.66 -455.77 -159.21 -459.19 -158.25 curveto
-462.6 -157.3 -472.85 -155.49 -476.47 -154.96 curveto
-480.1 -154.43 -489.92 -152.73 -494.18 -154.01 curveto
-498.45 -155.3 -504.85 -157.65 -509.22 -160 curveto
-513.59 -162.35 -524.9 -166.09 -528.52 -167.59 curveto
-532.15 -169.09 -551.13 -176.68 -556.14 -186.6 curveto
-561.14 -196.53 -561.68 -198.34 -562.31 -203.78 curveto
-562.95 -209.22 -562.83 -223.84 -562.72 -229.39 curveto
-562.61 -234.94 -561.96 -245.64 -562.27 -250.72 curveto
-562.59 -255.99 -564.93 -264.68 -567.28 -267.67 curveto
-569.62 -270.66 -574.31 -273.24 -576.44 -274.63 curveto stroke
 0 0 0 setrgbcolor 0 0.33333 dtransform truncate idtransform setlinewidth pop
newpath -514.18 -253.05 moveto
-513.76 -250.81 -513.12 -246.43 -515.25 -243.77 curveto
-517.39 -241.1 -519.41 -236.51 -520.59 -233.63 curveto
-521.76 -230.75 -526.03 -219.66 -526.46 -216.99 curveto
-526.89 -214.33 -525.39 -209.95 -524.01 -207.71 curveto
-522.62 -205.47 -520.06 -203.77 -517.29 -202.59 curveto
-514.51 -201.42 -510.04 -198.16 -505.68 -197.07 curveto
-503.29 -196.47 -496.59 -195.55 -496.59 -195.55 curveto stroke
 0 0 1 setrgbcolor 0 0.23332 dtransform truncate idtransform setlinewidth pop
newpath -514.18 -253.05 moveto
-513.76 -250.81 -513.12 -246.43 -515.25 -243.77 curveto
-517.39 -241.1 -519.41 -236.51 -520.59 -233.63 curveto
-521.76 -230.75 -526.03 -219.66 -526.46 -216.99 curveto
-526.89 -214.33 -525.39 -209.95 -524.01 -207.71 curveto
-522.62 -205.47 -520.06 -203.77 -517.29 -202.59 curveto
-514.51 -201.42 -510.04 -198.16 -505.68 -197.07 curveto
-503.29 -196.47 -496.59 -195.55 -496.59 -195.55 curveto stroke
 1 0 0 setrgbcolor
newpath -514.05 -253.24 moveto
-513.63 -251 -512.99 -246.63 -515.13 -243.96 curveto
-517.26 -241.3 -519.29 -236.71 -520.47 -233.83 curveto
-521.64 -230.95 -525.92 -219.86 -526.35 -217.2 curveto
-526.78 -214.53 -525.29 -210.15 -523.9 -207.91 curveto
-522.52 -205.67 -519.96 -203.96 -517.19 -202.79 curveto
-514.41 -201.61 -509.94 -198.34 -505.58 -197.25 curveto
-503.19 -196.65 -496.5 -195.73 -496.5 -195.73 curveto stroke
 0 0 0 setrgbcolor 0 0.33333 dtransform truncate idtransform setlinewidth pop
newpath 218.19 105.79 moveto
218.19 105.79 218.5 107.85 218.49 108.82 curveto
218.49 109.79 217.6 112.37 217.5 113.56 curveto
217.39 114.74 217.85 116.02 218.08 116.66 curveto stroke
 0 0 1 setrgbcolor 0 0.23332 dtransform truncate idtransform setlinewidth pop
newpath 218.19 105.79 moveto
218.19 105.79 218.5 107.85 218.49 108.82 curveto
218.49 109.79 217.61 112.37 217.5 113.56 curveto
217.4 114.74 217.85 116.02 218.08 116.66 curveto stroke
 1 0 0 setrgbcolor
newpath 218.2 105.9 moveto
218.2 105.9 218.52 107.97 218.52 108.95 curveto
218.52 109.93 217.65 112.55 217.54 113.75 curveto
217.43 114.95 217.86 116.26 218.08 116.92 curveto stroke
 0 0 0 setrgbcolor 0 0.33333 dtransform truncate idtransform setlinewidth pop
newpath 218.08 116.66 moveto
219.71 115.6 222.23 114.98 223.21 114.88 curveto
224.2 114.78 226.23 114.79 226.28 114.7 curveto
226.6 114.07 228.89 113.79 229.88 113.69 curveto
230.86 113.6 233.7 113.84 233.7 113.84 curveto
234.57 114.17 lineto
234.57 114.17 238.93 113.24 239.91 113.03 curveto
240.89 112.81 242.09 113.03 242.42 112.6 curveto
242.75 112.16 244.6 112.17 244.6 112.17 curveto
245.59 111.95 lineto
245.59 111.95 246.24 111.41 245.81 110.75 curveto
245.54 110.35 244.5 110.42 243.73 110.31 curveto
242.97 110.2 239.37 109.1 238.71 108.99 curveto
238.06 108.88 235.99 108.33 235.44 108.11 curveto
234.9 107.89 233.26 107.12 232.61 107.12 curveto
231.95 107.12 231.3 106.68 230.31 106.35 curveto
229.33 106.02 225.72 105.58 223.97 105.66 curveto
222.21 105.75 218.19 105.79 218.19 105.79 curveto stroke
 0 0 1 setrgbcolor 0 0.23332 dtransform truncate idtransform setlinewidth pop
newpath 218.08 116.66 moveto
219.71 115.6 222.23 114.98 223.21 114.88 curveto
224.2 114.78 226.23 114.79 226.28 114.7 curveto
226.6 114.07 228.89 113.79 229.88 113.69 curveto
230.86 113.6 233.7 113.84 233.7 113.84 curveto
234.57 114.17 lineto
234.57 114.17 238.93 113.24 239.91 113.03 curveto
240.89 112.81 242.09 113.03 242.42 112.6 curveto
242.75 112.16 244.6 112.17 244.6 112.17 curveto
245.59 111.95 lineto
245.59 111.95 246.24 111.41 245.81 110.75 curveto
245.54 110.35 244.5 110.42 243.73 110.31 curveto
242.97 110.2 239.37 109.1 238.71 108.99 curveto
238.06 108.88 235.99 108.33 235.44 108.11 curveto
234.9 107.89 233.26 107.12 232.61 107.12 curveto
231.95 107.12 231.3 106.68 230.31 106.35 curveto
229.33 106.02 225.72 105.57 223.97 105.66 curveto
222.21 105.74 218.19 105.79 218.19 105.79 curveto stroke
 1 0 0 setrgbcolor
newpath 218.08 116.92 moveto
219.72 115.83 222.23 115.17 223.21 115.06 curveto
224.19 114.96 226.22 114.95 226.27 114.85 curveto
226.59 114.19 228.88 113.87 229.87 113.76 curveto
230.85 113.65 233.69 113.87 233.69 113.87 curveto
234.56 114.2 lineto
234.56 114.2 238.92 113.22 239.91 113.01 curveto
240.89 112.79 242.09 113.01 242.41 112.57 curveto
242.74 112.14 244.6 112.14 244.6 112.14 curveto
245.58 111.92 lineto
245.58 111.92 246.23 111.37 245.8 110.72 curveto
245.53 110.31 244.49 110.39 243.73 110.28 curveto
242.96 110.17 239.36 109.08 238.71 108.97 curveto
238.05 108.86 235.98 108.31 235.44 108.09 curveto
234.89 107.87 233.25 107.11 232.6 107.11 curveto
231.95 107.11 231.29 106.67 230.31 106.34 curveto
229.33 106.01 225.73 105.57 223.98 105.68 curveto
222.24 105.79 218.2 105.9 218.2 105.9 curveto stroke
 0 0 0 setrgbcolor 0 0.11667 dtransform truncate idtransform setlinewidth pop
newpath 470.99 144.04 moveto
470.76476 143.33563 470.24063 142.73598 469.67331 142.99104 curveto
469.07523 143.25995 468.42696 142.7288 468.32317 141.9857 curveto
468.23091 141.32524 467.58827 140.88998 466.93379 141.03534 curveto
466.31117 141.17361 465.69826 140.78833 465.48622 140.17708 curveto
465.27219 139.56006 464.55206 139.29555 463.92874 139.55124 curveto
463.33684 139.79405 462.63959 139.826 462.26076 139.34738 curveto
461.85861 138.8393 461.06302 138.97061 460.58945 139.51569 curveto
460.04027 140.1478 459.30508 140.5944 458.99884 140.05663 curveto
458.53253 139.23775 457.15057 139.8453 457.54703 140.9043 curveto
457.78099 141.52927 456.8593 141.6535 456.248 141.97285 curveto
455.6359 142.29263 454.81995 142.53638 455.03334 143.13855 curveto
455.28137 143.83849 454.59724 144.52864 453.8337 144.31943 curveto
453.15471 144.13339 452.52332 144.76216 452.63681 145.50327 curveto
452.74709 146.22334 452.12743 146.83899 451.43784 146.68506 curveto
450.78238 146.53874 450.20259 147.13713 450.23358 147.86137 curveto
450.26225 148.5311 449.69452 149.07198 449.02089 149.02916 curveto
448.23799 148.9794 447.58919 149.559 447.79652 150.18428 curveto
447.99199 150.77376 447.30464 151.20238 446.55515 151.32167 curveto
445.8452 151.43466 445.1681 151.82314 445.28952 152.4316 curveto
445.41554 153.06314 444.73857 153.54117 443.98482 153.49496 curveto
443.34087 153.45549 442.73546 153.8382 442.60378 154.45576 curveto
442.4652 155.1057 441.74757 155.44241 441.0989 155.20883 curveto
440.38213 154.95073 439.59912 155.25546 439.56548 155.90399 curveto
439.5304 156.58029 438.71988 156.9279 438.02675 156.58661 curveto
437.39963 156.27782 436.64565 156.6051 436.4887 157.27112 curveto
436.34525 157.87985 435.62659 158.09332 434.95557 157.9663 curveto
434.259 157.83443 433.51822 158.05966 433.43106 158.68045 curveto
433.33504 159.36432 432.5704 159.73029 431.92035 159.42328 curveto
431.31316 159.13652 430.60521 159.53049 430.43185 160.20901 curveto
430.23723 160.97073 429.51352 161.43694 428.98143 161.0632 curveto
428.39168 160.64896 427.55585 161.1965 427.61353 162.04239 curveto
427.66301 162.76814 427.06743 163.36742 426.405 163.21333 curveto
425.68262 163.0453 425.02742 163.66626 425.18335 164.3717 curveto
425.3275 165.02388 424.72261 165.59421 423.99606 165.56462 curveto
423.18684 165.53166 422.62518 166.2862 422.96881 166.8947 curveto
423.26216 167.41415 422.83194 167.97052 422.49716 168.48505 curveto
422.06831 169.14413 422.49773 169.99286 423.21376 169.96722 curveto
424.02267 169.93826 424.71446 170.44533 424.50641 171.04398 curveto
424.27196 171.7186 425.0098 172.36865 425.80836 172.11115 curveto
426.51929 171.8819 427.22029 172.47662 427.09296 173.19907 curveto
426.98325 173.82144 427.78276 174.00195 428.35542 174.31274 curveto
428.89323 174.60461 429.54703 174.85909 429.5875 175.45975 curveto
429.63129 176.10971 430.13327 176.64185 430.77425 176.6535 curveto
431.41351 176.66513 431.87064 177.25404 431.88165 177.9208 curveto
431.89224 178.56148 432.19629 179.19168 432.79507 179.33032 curveto
433.39413 179.46902 433.58469 180.17445 433.53084 180.83902 curveto
433.48334 181.42526 434.28886 181.75021 434.22 182.34 curveto
434.22 182.34 lineto stroke
newpath 434.08897 181.01315 moveto
434.10141 181.45331 434.45132 181.9254 434.22 182.34 curveto
434.22 182.34 lineto
434.22 182.34 lineto
434.0904 181.88326 433.50916 181.79688 433.1891 181.49445 curveto
 closepath stroke
newpath 434.08897 181.01315 moveto
434.10141 181.45331 434.45132 181.9254 434.22 182.34 curveto
434.22 182.34 lineto
434.22 182.34 lineto
434.0904 181.88326 433.50916 181.79688 433.1891 181.49445 curveto
 closepath fill
newpath 528.69 77.4 moveto
529.5184 77.20064 530.07513 76.53474 529.68433 76.05586 curveto
529.1552 75.40747 529.85594 74.43022 530.72485 74.74724 curveto
531.48256 75.02368 532.1893 74.20705 531.80452 73.47047 curveto
531.45326 72.79807 532.1199 72.01291 532.92279 72.2277 curveto
533.5894 72.40605 534.19772 71.76642 534.08154 71.02263 curveto
533.95035 70.18272 534.67351 69.54123 535.28386 69.86096 curveto
535.83228 70.14825 536.24713 69.43904 536.53407 68.75063 curveto
536.80646 68.09714 537.26788 67.47348 537.837 67.70314 curveto
538.48938 67.9664 539.19733 67.45909 539.19913 66.73405 curveto
539.20084 66.04842 539.91031 65.58954 540.59221 65.81133 curveto
541.21613 66.01425 541.80943 65.4211 541.81644 64.67526 curveto
541.82329 63.94444 542.24416 63.2707 542.86243 63.37257 curveto
543.51675 63.48038 543.97949 62.69754 543.69841 61.92714 curveto
543.48587 61.34464 543.57999 60.67532 544.06635 60.31584 curveto
544.69121 59.854 544.055 58.6471 542.99763 59.09328 curveto
542.20955 59.42583 541.43304 58.74512 541.69112 58.05104 curveto
541.9068 57.47096 541.32838 56.94995 540.63574 56.76344 curveto
539.86728 56.5565 539.61043 55.63643 540.15819 55.1753 curveto
540.70853 54.71199 540.75638 53.88629 540.20926 53.50514 curveto
539.44691 52.97403 539.75317 51.88263 540.521 51.86945 curveto
541.12518 51.85907 541.36465 51.16702 541.49136 50.52261 curveto
541.61485 49.89453 542.11168 49.3915 542.73482 49.40552 curveto
543.35623 49.4195 543.84143 48.9049 543.96672 48.27554 curveto
544.08255 47.6937 544.43974 47.17567 544.98958 46.9619 curveto
545.55354 46.74263 545.36717 45.98663 545.1557 45.32999 curveto
544.89485 44.52 545.10147 43.70319 545.68437 43.80016 curveto
546.29132 43.90112 546.81895 43.43214 547.03214 42.82587 curveto
547.25429 42.19408 547.97575 41.89467 548.57611 42.18811 curveto
549.20905 42.49748 549.97682 42.30057 550.16977 41.6825 curveto
550.40436 40.931 551.31082 40.6847 551.77744 41.22363 curveto
552.28635 41.81142 553.24467 41.56396 553.39726 40.80963 curveto
553.53503 40.12852 554.4382 39.91765 555.03033 40.45073 curveto
555.49323 40.86746 556.205 40.6544 556.67873 40.17294 curveto
557.22055 39.62227 558.04182 39.49416 558.3447 40.04797 curveto
558.64053 40.5889 559.36755 40.63963 559.9728 40.3693 curveto
560.60942 40.08492 561.36217 40.32173 561.54192 40.94695 curveto
561.73378 41.61432 562.51852 41.90402 563.10904 41.52927 curveto
563.65141 41.18507 564.35887 41.49577 564.67868 42.10551 curveto
564.99965 42.71747 565.71387 43.02245 566.25269 42.66975 curveto
566.8494 42.27916 567.65128 42.54926 567.8331 43.2156 curveto
567.99664 43.81494 568.75238 43.9402 569.42279 43.73312 curveto
570.11525 43.51924 570.89485 43.59897 571.02765 44.20226 curveto
571.1738 44.86621 572.04198 44.45898 572.65987 44.56 curveto
572.66 44.56 lineto stroke
newpath 571.43092 44.04317 moveto
571.70486 44.28128 572.28691 44.32884 572.65988 44.55995 curveto
572.66 44.56 lineto
572.65988 44.56004 lineto
572.23274 44.66035 571.78754 45.03833 571.42546 45.06364 curveto
 closepath stroke
newpath 571.43092 44.04317 moveto
571.70486 44.28128 572.28691 44.32884 572.65988 44.55995 curveto
572.66 44.56 lineto
572.65988 44.56004 lineto
572.23274 44.66035 571.78754 45.03833 571.42546 45.06364 curveto
 closepath fill
 0 0.33333 dtransform truncate idtransform setlinewidth pop
newpath -472.27 -194.91 moveto
-470.03 -194.59 -461.93 -194.69 -457.77 -195.76 curveto
-453.61 -196.83 -441.77 -197.16 -440.71 -197.26 curveto
-439.64 -197.37 -429.61 -198.12 -428.44 -198.23 curveto
-427.26 -198.34 -419.58 -199.73 -419.8 -200.79 curveto
-420.01 -201.86 -420.01 -201.75 -422.04 -202.39 curveto
-424.06 -203.03 -426.84 -204.53 -427.91 -205.38 curveto
-428.97 -206.23 -431 -207.51 -431 -207.51 curveto stroke
 0 0 1 setrgbcolor 0 0.23332 dtransform truncate idtransform setlinewidth pop
newpath -472.27 -194.91 moveto
-470.03 -194.59 -461.93 -194.69 -457.77 -195.76 curveto
-453.61 -196.83 -441.77 -197.16 -440.71 -197.26 curveto
-439.64 -197.37 -429.61 -198.12 -428.44 -198.23 curveto
-427.26 -198.34 -419.58 -199.73 -419.8 -200.79 curveto
-420.01 -201.86 -420.01 -201.75 -422.04 -202.39 curveto
-424.06 -203.03 -426.84 -204.53 -427.91 -205.38 curveto
-428.97 -206.23 -431 -207.51 -431 -207.51 curveto stroke
 1 0 0 setrgbcolor
newpath -472.17 -195.07 moveto
-469.93 -194.75 -461.82 -194.85 -457.66 -195.91 curveto
-453.5 -196.97 -441.66 -197.28 -440.59 -197.39 curveto
-439.53 -197.5 -429.5 -198.23 -428.32 -198.34 curveto
-427.15 -198.45 -419.47 -199.83 -419.68 -200.89 curveto
-419.89 -201.96 -419.89 -201.85 -421.92 -202.5 curveto
-423.95 -203.14 -426.72 -204.63 -427.79 -205.49 curveto
-428.85 -206.34 -430.88 -207.62 -430.88 -207.62 curveto stroke
 0 0 0 setrgbcolor 0 0.33333 dtransform truncate idtransform setlinewidth pop
newpath -438.15 -217.85 moveto
-437.19 -219.56 -430.89 -226.07 -428.55 -227.35 curveto
-426.2 -228.63 -413.93 -236.1 -410.63 -236.21 curveto
-407.32 -236.31 -398.25 -237.38 -394.52 -236.63 curveto
-390.79 -235.89 -386.31 -236.1 -384.17 -236.74 curveto
-382.04 -237.38 -369.88 -238.02 -367.43 -237.38 curveto
-364.97 -236.74 -356.55 -233.11 -355.05 -231.19 curveto
-353.56 -229.27 -342.68 -220.74 -340.44 -219.35 curveto
-338.2 -217.97 -324.86 -209.11 -322.73 -207.94 curveto
-320.59 -206.77 -307.15 -198.66 -304.27 -197.27 curveto
-301.39 -195.89 -283.47 -182.98 -281.44 -181.38 curveto
-279.41 -179.78 -270.88 -174.76 -266.94 -173.06 curveto
-262.99 -171.35 -242.94 -161.11 -240.59 -159.51 curveto
-238.24 -157.91 -222.03 -150.97 -219.89 -149.69 curveto
-217.76 -148.41 -208.7 -143.82 -206.88 -142.11 curveto
-205.07 -140.4 -201.98 -136.56 -199.74 -134.96 curveto
-197.5 -133.36 -187.58 -129.63 -185.98 -128.99 curveto
-184.38 -128.35 -173.18 -126.22 -170.73 -126.22 curveto
-168.27 -126.22 -155.58 -124.3 -153.56 -123.98 curveto
-151.53 -123.66 -138.19 -121.21 -135.1 -121.1 curveto
-132.01 -121 -114.83 -120.25 -112.59 -119.93 curveto
-110.35 -119.61 -92.32 -114.06 -89.76 -112.78 curveto
-87.2 -111.5 -71.2 -107.56 -69.17 -106.28 curveto
-67.15 -105 -51.25 -98.6 -49.44 -97.32 curveto
-47.63 -96.04 -36.75 -88.89 -34.72 -86.22 curveto
-32.69 -83.55 -19.04 -67.44 -17.65 -65.2 curveto
-16.27 -62.96 -9.45 -52.19 -7.42 -49.42 curveto
-5.39 -46.65 2.07 -41 5.06 -38.65 curveto
8.04 -36.31 15.3 -32.15 19.35 -31.19 curveto
23.4 -30.23 32.68 -31.93 35.35 -30.65 curveto
38.02 -29.37 51.24 -22.01 52.41 -20.73 curveto
53.59 -19.45 63.5 -10.81 65.64 -7.51 curveto
67.77 -4.2 76.41 7.21 77.8 8.06 curveto
79.18 8.91 84.73 10.62 90.92 11.15 curveto
97.11 11.68 107.04 16.69 110.03 19.57 curveto
113.02 22.45 119.42 33.77 120.92 35.37 curveto
122.41 36.97 130.83 45.2 132.43 47.76 curveto
134.03 50.32 138.11 59.15 139.5 61.93 curveto
140.88 64.7 147.18 72.74 149.1 76.01 curveto
150.48 78.37 153.03 81.41 153.45 84.41 curveto
153.68 86.05 154.28 91.11 155.35 92.25 curveto
157.06 94.06 160.04 97.15 160.68 97.58 curveto stroke
 0 0 1 setrgbcolor 0 0.23332 dtransform truncate idtransform setlinewidth pop
newpath -438.15 -217.85 moveto
-437.19 -219.56 -430.89 -226.07 -428.55 -227.35 curveto
-426.2 -228.63 -413.93 -236.1 -410.63 -236.21 curveto
-407.32 -236.31 -398.25 -237.38 -394.52 -236.63 curveto
-390.79 -235.89 -386.31 -236.1 -384.17 -236.74 curveto
-382.04 -237.38 -369.88 -238.02 -367.43 -237.38 curveto
-364.97 -236.74 -356.55 -233.11 -355.05 -231.19 curveto
-353.56 -229.27 -342.68 -220.74 -340.44 -219.35 curveto
-338.2 -217.97 -324.86 -209.11 -322.73 -207.94 curveto
-320.59 -206.77 -307.15 -198.66 -304.27 -197.27 curveto
-301.39 -195.88 -283.47 -182.98 -281.44 -181.38 curveto
-279.41 -179.78 -270.88 -174.76 -266.94 -173.06 curveto
-262.99 -171.35 -242.93 -161.11 -240.59 -159.51 curveto
-238.24 -157.91 -222.03 -150.97 -219.89 -149.69 curveto
-217.76 -148.41 -208.69 -143.82 -206.88 -142.11 curveto
-205.07 -140.4 -201.98 -136.56 -199.74 -134.96 curveto
-197.5 -133.36 -187.58 -129.63 -185.98 -128.99 curveto
-184.38 -128.35 -173.18 -126.22 -170.73 -126.22 curveto
-168.27 -126.22 -155.58 -124.3 -153.56 -123.98 curveto
-151.53 -123.66 -138.19 -121.21 -135.1 -121.1 curveto
-132.01 -121 -114.83 -120.25 -112.59 -119.93 curveto
-110.35 -119.61 -92.32 -114.06 -89.76 -112.78 curveto
-87.2 -111.5 -71.2 -107.56 -69.17 -106.28 curveto
-67.15 -105 -51.25 -98.6 -49.44 -97.32 curveto
-47.63 -96.04 -36.75 -88.89 -34.72 -86.22 curveto
-32.69 -83.55 -19.04 -67.44 -17.65 -65.2 curveto
-16.27 -62.96 -9.45 -52.19 -7.42 -49.42 curveto
-5.39 -46.65 2.07 -41 5.06 -38.65 curveto
8.04 -36.31 15.3 -32.15 19.35 -31.19 curveto
23.4 -30.23 32.68 -31.93 35.35 -30.65 curveto
38.02 -29.37 51.24 -22.01 52.41 -20.73 curveto
53.59 -19.45 63.5 -10.81 65.64 -7.51 curveto
67.77 -4.2 76.41 7.21 77.8 8.06 curveto
79.18 8.91 84.73 10.62 90.92 11.15 curveto
97.11 11.68 107.04 16.69 110.03 19.57 curveto
113.02 22.45 119.42 33.77 120.92 35.37 curveto
122.41 36.97 130.83 45.2 132.43 47.76 curveto
134.03 50.32 138.11 59.15 139.5 61.93 curveto
140.88 64.7 147.18 72.74 149.1 76.01 curveto
150.48 78.37 153.03 81.41 153.45 84.41 curveto
153.68 86.05 154.28 91.11 155.35 92.25 curveto
157.06 94.06 160.04 97.15 160.68 97.58 curveto stroke
 1 0 0 setrgbcolor
newpath -438.02 -217.98 moveto
-437.05 -219.68 -430.76 -226.19 -428.41 -227.46 curveto
-426.06 -228.74 -413.78 -236.2 -410.48 -236.3 curveto
-407.17 -236.41 -398.1 -237.47 -394.37 -236.72 curveto
-390.63 -235.97 -386.15 -236.18 -384.02 -236.82 curveto
-381.89 -237.45 -369.72 -238.08 -367.27 -237.44 curveto
-364.82 -236.8 -356.39 -233.17 -354.9 -231.24 curveto
-353.41 -229.32 -342.53 -220.78 -340.3 -219.39 curveto
-338.06 -218 -324.73 -209.14 -322.6 -207.96 curveto
-320.46 -206.79 -307.03 -198.67 -304.15 -197.28 curveto
-301.27 -195.89 -283.36 -182.97 -281.33 -181.36 curveto
-279.31 -179.76 -270.78 -174.74 -266.83 -173.03 curveto
-262.88 -171.32 -242.84 -161.06 -240.49 -159.46 curveto
-238.14 -157.86 -221.94 -150.91 -219.8 -149.63 curveto
-217.67 -148.35 -208.61 -143.75 -206.79 -142.04 curveto
-204.98 -140.34 -201.89 -136.49 -199.65 -134.89 curveto
-197.41 -133.29 -187.49 -129.55 -185.89 -128.91 curveto
-184.29 -128.26 -173.1 -126.12 -170.64 -126.12 curveto
-168.19 -126.12 -155.49 -124.19 -153.47 -123.87 curveto
-151.44 -123.54 -138.11 -121.08 -135.01 -120.97 curveto
-131.92 -120.86 -114.75 -120.1 -112.51 -119.78 curveto
-110.27 -119.46 -92.24 -113.89 -89.68 -112.61 curveto
-87.12 -111.33 -71.12 -107.37 -69.1 -106.09 curveto
-67.07 -104.81 -51.18 -98.39 -49.37 -97.11 curveto
-47.56 -95.83 -36.68 -88.67 -34.66 -86 curveto
-32.63 -83.33 -18.99 -67.21 -17.6 -64.97 curveto
-16.22 -62.73 -9.4 -51.95 -7.38 -49.18 curveto
-5.35 -46.4 2.11 -40.74 5.1 -38.39 curveto
8.08 -36.04 15.33 -31.87 19.39 -30.91 curveto
23.44 -29.95 32.72 -31.65 35.39 -30.36 curveto
38.05 -29.08 51.28 -21.71 52.45 -20.43 curveto
53.62 -19.15 63.54 -10.5 65.67 -7.19 curveto
67.8 -3.88 76.43 7.54 77.82 8.4 curveto
79.2 9.25 84.75 10.96 90.94 11.5 curveto
97.12 12.04 107.04 17.06 110.02 19.94 curveto
113.01 22.83 119.4 34.14 120.89 35.74 curveto
122.38 37.34 130.81 45.56 132.4 48.13 curveto
134 50.69 138.08 59.52 139.46 62.3 curveto
140.84 65.07 147.13 73.11 149.05 76.38 curveto
150.43 78.74 152.99 81.79 153.41 84.79 curveto
153.64 86.43 154.23 91.49 155.3 92.63 curveto
157.01 94.45 159.99 97.54 160.63 97.97 curveto stroke
 0 0 0 setrgbcolor 0 0.33333 dtransform truncate idtransform setlinewidth pop
newpath -232.95 -119.06 moveto
-233.06 -117.75 -231.62 -114.57 -230.01 -112.84 curveto
-226.84 -109.46 -223.9 -109.46 -221.28 -108.15 curveto stroke
 0 0 1 setrgbcolor 0 0.23332 dtransform truncate idtransform setlinewidth pop
newpath -232.95 -119.06 moveto
-233.06 -117.75 -231.62 -114.57 -230.01 -112.84 curveto
-226.84 -109.46 -223.9 -109.46 -221.28 -108.15 curveto stroke
 1 0 0 setrgbcolor
newpath -232.88 -119.01 moveto
-232.99 -117.7 -231.55 -114.52 -229.94 -112.79 curveto
-226.78 -109.41 -223.83 -109.4 -221.21 -108.09 curveto stroke
 0 0 0 setrgbcolor 0 0.33333 dtransform truncate idtransform setlinewidth pop
newpath -221.28 -108.15 moveto
-221.28 -108.15 -220.95 -108.26 -221.17 -109.13 curveto
-221.39 -110.01 -223.02 -110.77 -223.9 -111.32 curveto
-224.77 -111.86 -227.39 -112.73 -228.26 -113.17 curveto
-229.13 -113.61 -229.79 -115.35 -230.33 -116.34 curveto
-230.88 -117.32 -232.95 -119.06 -232.95 -119.06 curveto stroke
 0 0 1 setrgbcolor 0 0.23332 dtransform truncate idtransform setlinewidth pop
newpath -221.28 -108.15 moveto
-221.28 -108.15 -220.95 -108.26 -221.17 -109.13 curveto
-221.39 -110.01 -223.02 -110.77 -223.9 -111.32 curveto
-224.77 -111.86 -227.39 -112.73 -228.26 -113.17 curveto
-229.13 -113.61 -229.79 -115.35 -230.33 -116.34 curveto
-230.88 -117.32 -232.95 -119.06 -232.95 -119.06 curveto stroke
 1 0 0 setrgbcolor
newpath -221.21 -108.09 moveto
-221.21 -108.09 -220.89 -108.2 -221.1 -109.07 curveto
-221.32 -109.95 -222.96 -110.71 -223.83 -111.26 curveto
-224.7 -111.81 -227.32 -112.68 -228.19 -113.12 curveto
-229.06 -113.55 -229.72 -115.3 -230.26 -116.28 curveto
-230.81 -117.27 -232.88 -119.01 -232.88 -119.01 curveto stroke
 0 0 0 setrgbcolor 0 0.33333 dtransform truncate idtransform setlinewidth pop
newpath 166.02 69.03 moveto
167.72 70.33 171.33 70.71 172.82 71.47 curveto
174.31 72.24 175.21 72.88 175.21 72.88 curveto stroke
 0 0 1 setrgbcolor 0 0.23332 dtransform truncate idtransform setlinewidth pop
newpath 166.02 69.03 moveto
167.72 70.33 171.33 70.71 172.82 71.47 curveto
174.31 72.24 175.21 72.88 175.21 72.88 curveto stroke
 1 0 0 setrgbcolor
newpath 165.99 69.28 moveto
167.7 70.56 171.32 70.88 172.82 71.63 curveto
174.31 72.38 175.22 73.01 175.22 73.01 curveto stroke
 0 0 0 setrgbcolor 0 0.33333 dtransform truncate idtransform setlinewidth pop
newpath 207.72 154.19 moveto
204.64 154.42 202.73 154.86 201.13 155.18 curveto
199.53 155.51 192.15 156.27 189.91 156.85 curveto
187.32 157.52 180.55 157.98 176.34 157.26 curveto
171.6 156.44 172.87 158.53 173.09 159.38 curveto
173.3 160.24 173.39 161.58 173.99 161.58 curveto
174.97 161.58 180.48 166.13 182.64 166.81 curveto
184.81 167.5 193.29 171.19 195.95 172.36 curveto
198.62 173.52 208.74 179.29 209.99 180.82 curveto
211.25 182.37 213.49 186.68 214.63 187.77 curveto
215.78 188.86 217.07 185.67 218.86 186.22 curveto
220.65 186.76 222.45 187.62 224.98 188.47 curveto
227.52 189.33 234.32 188.26 236.24 187.73 curveto
238.15 187.19 249.51 185.51 253.49 184.64 curveto
257.46 183.77 261.86 184.52 264.01 184.31 curveto
266.16 184.1 273.45 182.01 275.49 180.85 curveto
277.52 179.69 284.13 177.48 286.15 176.95 curveto
288.18 176.42 286.78 175.91 286.57 174.84 curveto
286.36 173.78 285.85 171.47 284.68 169.24 curveto
283.51 167 285.61 158.01 286.35 156.2 curveto
287.1 154.38 286.8 153.55 286.06 153.13 curveto
285.31 152.7 279.5 147.87 277.39 146.14 curveto
274.77 143.99 269.85 141.97 263.26 135.56 curveto
261.36 133.71 256.55 129.8 253.22 128.66 curveto
251.21 127.97 242.91 126.23 241.21 125.36 curveto
239.51 124.5 236.61 127.57 234.47 128.62 curveto
232.33 129.67 228.89 132.95 228.02 135.18 curveto
227.15 137.42 225.32 143.8 224.58 146.57 curveto
223.84 149.34 221.86 152.55 219.96 153.08 curveto
218.06 153.61 210.79 153.95 207.72 154.19 curveto closepath stroke
 0 0 1 setrgbcolor 0 0.23332 dtransform truncate idtransform setlinewidth pop
newpath 207.72 154.19 moveto
204.64 154.42 202.73 154.86 201.13 155.18 curveto
199.53 155.51 192.15 156.26 189.91 156.85 curveto
187.31 157.5 180.55 157.99 176.34 157.26 curveto
171.6 156.45 172.87 158.53 173.09 159.38 curveto
173.3 160.24 173.39 161.58 173.99 161.58 curveto
174.97 161.58 180.48 166.13 182.64 166.81 curveto
184.81 167.51 193.29 171.19 195.95 172.36 curveto
198.62 173.52 208.73 179.29 209.99 180.82 curveto
211.24 182.38 213.49 186.67 214.63 187.77 curveto
215.78 188.86 217.07 185.66 218.86 186.22 curveto
220.65 186.76 222.45 187.62 224.98 188.47 curveto
227.52 189.32 234.32 188.26 236.24 187.73 curveto
238.15 187.19 249.51 185.51 253.49 184.64 curveto
257.46 183.77 261.86 184.52 264.01 184.31 curveto
266.16 184.1 273.45 182 275.49 180.85 curveto
277.52 179.69 284.13 177.48 286.15 176.95 curveto
288.18 176.42 286.78 175.91 286.57 174.84 curveto
286.36 173.78 285.85 171.47 284.68 169.24 curveto
283.5 167.01 285.61 158.01 286.35 156.2 curveto
287.1 154.38 286.8 153.55 286.06 153.13 curveto
285.31 152.7 279.5 147.87 277.39 146.14 curveto
274.77 143.98 269.85 141.97 263.26 135.56 curveto
261.36 133.71 256.55 129.8 253.22 128.66 curveto
251.21 127.97 242.91 126.23 241.21 125.36 curveto
239.51 124.5 236.61 127.57 234.47 128.62 curveto
232.33 129.67 228.89 132.95 228.02 135.18 curveto
227.16 137.42 225.32 143.8 224.58 146.57 curveto
223.85 149.34 221.86 152.55 219.96 153.08 curveto
218.06 153.61 210.79 153.95 207.72 154.19 curveto closepath stroke
 1 0 0 setrgbcolor
newpath 207.53 154.44 moveto
204.43 154.65 202.51 155.08 200.91 155.4 curveto
199.31 155.71 191.92 156.44 189.68 157.04 curveto
187.1 157.73 180.4 158.36 176.21 157.63 curveto
171.47 156.82 172.75 158.89 172.96 159.75 curveto
173.17 160.6 173.26 161.94 173.86 161.94 curveto
174.84 161.94 180.31 166.47 182.45 167.12 curveto
184.58 167.76 193 171.39 195.67 172.57 curveto
198.34 173.74 208.47 179.51 209.75 181.01 curveto
211.02 182.5 213.37 186.66 214.54 187.73 curveto
215.71 188.8 217 185.6 218.81 186.14 curveto
220.62 186.67 222.44 187.53 225 188.38 curveto
227.55 189.24 234.38 188.17 236.3 187.64 curveto
238.22 187.11 249.53 185.52 253.48 184.67 curveto
257.43 183.82 261.8 184.57 263.94 184.36 curveto
266.07 184.15 273.33 182.02 275.36 180.85 curveto
277.38 179.68 284 177.44 286.03 176.91 curveto
288.05 176.38 286.66 175.86 286.44 174.8 curveto
286.23 173.73 285.71 171.42 284.54 169.18 curveto
283.37 166.94 285.51 157.92 286.26 156.11 curveto
287.01 154.29 286.72 153.46 285.97 153.03 curveto
285.22 152.6 279.44 147.76 277.36 146.04 curveto
274.77 143.91 269.89 141.94 263.29 135.61 curveto
261.38 133.77 256.54 129.9 253.2 128.78 curveto
251.18 128.1 242.86 126.41 241.16 125.56 curveto
239.45 124.7 236.57 127.8 234.43 128.86 curveto
232.3 129.93 228.88 133.23 228.03 135.47 curveto
227.17 137.71 225.35 144.11 224.6 146.88 curveto
223.85 149.65 221.82 152.85 219.9 153.39 curveto
217.98 153.92 210.62 154.23 207.53 154.44 curveto closepath stroke
 0 0 0 setrgbcolor 0 3.98505 dtransform truncate idtransform setlinewidth pop
newpath 190.5 141.34 moveto 0 0 rlineto stroke
newpath 188.99 139.6 moveto 0 0 rlineto stroke
 0 0.23332 dtransform truncate idtransform setlinewidth pop
newpath 190.5 141.34 moveto
188.99 139.6 lineto stroke
 1 0.85 0 setrgbcolor 0 3.98505
 dtransform truncate idtransform setlinewidth pop
newpath 190.35 141.61 moveto 0 0 rlineto stroke
newpath 188.88 139.97 moveto 0 0 rlineto stroke
 0 0.23332 dtransform truncate idtransform setlinewidth pop
newpath 190.5 141.34 moveto
190.35 141.61 lineto
188.88 139.97 lineto
188.99 139.6 lineto stroke
showpage
%%EOF
