%!PS
%%BoundingBox: -128 -116 144 113 
%%HiResBoundingBox: -127.93106 -115.89252 143.68663 112.81252 
%%Creator: MetaPost 1.209
%%CreationDate: 2019.09.26:1811
%%Pages: 1
%%BeginProlog
%%EndProlog
%%Page: 1 1
 0 0 0 setrgbcolor 0 0.24501 dtransform truncate idtransform setlinewidth pop
 [] 0 setdash 1 setlinecap 1 setlinejoin 10 setmiterlimit
newpath -37.99 -25.8 moveto
-37.22 -26.74 -36.31 -27.63 -35.32 -28.35 curveto
-35.01 -28.58 -34.68 -28.82 -34.34 -29.02 curveto
-34.07 -29.18 -33.77 -29.3 -33.48 -29.43 curveto
-31.23 -30.43 -29.08 -31.82 -26.79 -32.73 curveto
-25.76 -33.14 -24.62 -33.36 -23.59 -33.8 curveto
-21.55 -34.67 -19.69 -36.08 -17.64 -36.92 curveto
-16.08 -37.57 -14.26 -37.61 -12.64 -38.13 curveto
-11.65 -38.45 -10.67 -38.97 -9.64 -39.21 curveto
-9.25 -39.3 -8.83 -39.29 -8.46 -39.45 curveto
-7.48 -39.88 -6.3 -40.99 -5.75 -41.91 curveto
-5.59 -42.17 -5.46 -42.46 -5.4 -42.76 curveto
-5.2 -43.66 -5.12 -44.64 -4.78 -45.54 curveto
-4.65 -45.89 -4.51 -46.23 -4.42 -46.59 curveto
-4.32 -46.96 -4.38 -47.37 -4.24 -47.73 curveto
-3.92 -48.56 -3.3 -49.25 -4.18 -47.56 curveto stroke
newpath -4.18 -47.56 moveto
-3.74 -49.11 -3.2 -50.69 -2.62 -52.2 curveto
-2.29 -53.06 -1.94 -53.95 -1.65 -54.82 curveto
-0.67 -57.74 -0.61 -61.11 -0.69 -64.24 curveto stroke
newpath -0.69 -64.24 moveto
-0.26 -65.9 0.6 -67.66 0.64 -69.4 curveto
0.65 -69.94 0.51 -70.47 0.49 -71.01 curveto
0.48 -71.33 0.46 -71.66 0.48 -71.99 curveto
0.49 -72.32 0.66 -73.68 0.72 -74.02 curveto
1.03 -75.93 0.92 -78.03 0.33 -79.89 curveto
0.24 -80.17 0.12 -80.43 -0.01 -80.69 curveto
-0.14 -80.94 -0.27 -81.21 -0.46 -81.42 curveto
-1.34 -82.37 -2.77 -82.6 -3.86 -83.14 curveto
-5.33 -83.86 -6.81 -84.69 -8.11 -85.77 curveto stroke
newpath 9.25 -83.27 moveto
10.63 -84.71 12.04 -86.21 13.33 -87.73 curveto
13.53 -87.98 13.78 -88.19 13.96 -88.46 curveto
14.14 -88.71 14.31 -88.97 14.39 -89.26 curveto
14.61 -90.01 14.45 -91.05 14.37 -91.81 curveto
14.16 -91.98 14.02 -92.28 13.76 -92.31 curveto stroke
newpath 9.56 -62.19 moveto
9.43 -61.2 9.84 -60.17 10.18 -59.23 curveto
10.3 -59.01 10.32 -58.7 10.53 -58.58 curveto
10.76 -58.45 11.06 -58.52 11.31 -58.59 curveto
11.85 -58.75 12.34 -59.07 12.88 -59.26 curveto
13.1 -59.34 13.31 -59.44 13.53 -59.54 curveto
13.99 -59.76 14.44 -60.04 14.88 -60.33 curveto
15.19 -60.53 16.19 -61.11 16.28 -61.53 curveto
16.42 -62.1 15.61 -62.38 15.38 -62.66 curveto
14.88 -63.26 14.67 -64.15 14.05 -64.7 curveto
13.24 -65.44 12.07 -65.82 11.12 -66.37 curveto
10.79 -65.63 10.9 -64.76 10.74 -63.99 curveto
10.59 -63.26 10.19 -62.5 10.22 -61.71 curveto stroke
newpath 26.05 -59.25 moveto
26.01 -59.52 25.97 -59.79 25.94 -60.07 curveto
25.89 -60.59 25.99 -61.14 26.06 -61.69 curveto
26.26 -63.08 26.31 -64.53 26.56 -63.52 curveto stroke
newpath 26.56 -63.52 moveto
26.58 -63.6 27.15 -65.75 27.19 -65.87 curveto
27.25 -66.14 27.3 -66.4 27.36 -66.67 curveto
27.74 -68.53 28.44 -70.4 28.72 -72.26 curveto
28.91 -73.49 28.91 -74.77 28.97 -76 curveto
28.99 -76.4 29.02 -76.8 29.02 -77.21 curveto
29.02 -78.85 29.27 -80.54 29.49 -82.18 curveto
29.78 -84.36 29.5 -87.1 30.22 -89.3 curveto stroke
newpath 30.22 -89.3 moveto
30.48 -90.66 30.36 -92.16 30.77 -93.54 curveto
30.86 -93.86 30.99 -94.17 31.11 -94.49 curveto
31.25 -94.85 31.39 -95.2 31.53 -95.56 curveto
32.12 -97.01 33.07 -98.33 33.79 -99.69 curveto
34.32 -100.68 34.4 -101.87 34.78 -102.89 curveto
35.2 -104.01 37.22 -106.42 37.08 -106.68 curveto stroke
newpath 37.08 -106.68 moveto
38.28 -107.94 38.04 -108.25 39.16 -109.56 curveto
39.7 -110.19 40.42 -110.7 41.01 -111.3 curveto
42.14 -112.43 43.12 -113.77 44.13 -115 curveto
44.34 -115.27 44.47 -115.77 44.81 -115.77 curveto
45.08 -115.77 44.97 -115.26 45.05 -115 curveto stroke
newpath 26.05 -59.25 moveto
25.86 -58.73 26.51 -57.08 26.88 -55.88 curveto
27.3 -54.48 27.61 -52.98 28.26 -51.65 curveto
28.79 -50.56 29.65 -49.49 30.07 -48.36 curveto
30.25 -47.87 30.27 -47.24 30.39 -46.72 curveto
30.46 -46.4 30.51 -46.06 30.49 -45.73 curveto
30.48 -45.53 30.45 -45.34 30.44 -45.15 curveto
30.43 -44.96 30.44 -44.78 30.44 -44.6 curveto
30.43 -44.43 30.54 -44.2 30.41 -44.09 curveto
30.29 -43.97 30.08 -44.11 30.63 -42.39 curveto stroke
newpath 30.63 -42.39 moveto
30.45 -40.2 30.34 -37.87 29.83 -35.72 curveto
29.77 -35.44 29.72 -35.15 29.58 -34.91 curveto
29.14 -34.12 28.15 -33.52 27.56 -32.85 curveto
26.58 -31.75 25.56 -30.55 24.64 -29.4 curveto
23.43 -27.87 23.8 -25.47 22.84 -23.8 curveto
22 -22.35 20.47 -21.41 19.33 -20.28 curveto
19.14 -20.1 18.94 -19.93 18.79 -19.72 curveto
18.2 -18.86 17.78 -17.79 17.25 -16.89 curveto stroke
newpath 17.25 -16.89 moveto
16.81 -17.38 15.72 -15.77 14.13 -15.18 curveto
13.81 -15.06 13.48 -15.01 13.15 -14.94 curveto
11.17 -14.53 9.07 -15.22 7.11 -15.06 curveto
5.08 -14.9 2.96 -13.83 0.9 -14.22 curveto
-1.43 -14.65 -2.97 -16.93 -4.86 -18.07 curveto
-5.64 -18.53 -6.6 -18.91 -7.51 -19.01 curveto stroke
newpath -7.51 -19.01 moveto
-10.35 -19.07 -12.31 -18.11 -14.19 -17.57 curveto
-14.56 -17.47 -14.94 -17.38 -15.32 -17.28 curveto
-16.57 -16.94 -17.64 -16.09 -18.72 -15.47 curveto
-20.24 -14.61 -21.98 -13.99 -23.42 -12.94 curveto
-23.65 -12.77 -23.85 -12.55 -24.09 -12.39 curveto
-24.36 -12.22 -24.68 -12.13 -24.96 -11.96 curveto
-25.23 -11.79 -25.47 -11.55 -25.75 -11.39 curveto
-26.57 -10.92 -27.57 -10.74 -27.85 -10.07 curveto stroke
newpath -27.85 -10.07 moveto
-29.04 -9.3 -30.51 -8.62 -31.54 -7.64 curveto
-31.8 -7.39 -31.97 -7.05 -32.23 -6.81 curveto
-32.45 -6.61 -32.7 -6.46 -32.95 -6.3 curveto
-34.23 -5.5 -35.58 -4.69 -36.94 -4.05 curveto
-37.22 -3.92 -37.53 -3.83 -37.77 -3.65 curveto
-38.08 -3.42 -38.31 -3.1 -38.57 -2.82 curveto
-38.51 -2.53 -38.5 -2.22 -38.38 -1.95 curveto stroke
newpath -38.38 -1.95 moveto
-37.16 -1.56 -38.3 -1.89 -38.38 -1.47 curveto
-38.41 -1.28 -37.58 -0.13 -37.44 0.06 curveto
-36.37 1.52 -34.02 1.13 -32.44 1.48 curveto
-30.09 2 -27.97 3.45 -25.89 4.57 curveto stroke
newpath -25.89 4.57 moveto
-25.1 5.17 -24.92 6.89 -23.81 7.28 curveto stroke
newpath -23.81 7.28 moveto
-23.21 8.48 -22.71 9.8 -21.77 10.3 curveto
-20.29 9 -20.36 6.61 -19.64 4.89 curveto
-19.11 3.61 -18.12 2.49 -17.6 1.2 curveto
-17.27 0.36 -16.06 -0.69 -16.38 -1.57 curveto stroke
newpath -14.89 -0.61 moveto
-14.79 -0.69 -14.71 -0.87 -14.59 -0.83 curveto
-14.47 -0.8 -14.47 -0.61 -14.43 -0.49 curveto
-14.39 -0.36 -14.34 -0.23 -14.33 -0.1 curveto
-14.32 0.03 -14.34 0.16 -14.36 0.29 curveto
-14.39 0.44 -14.44 0.58 -14.48 0.73 curveto
-14.63 1.17 -14.77 1.62 -14.89 2.07 curveto
-14.92 2.19 -14.97 2.31 -15.01 2.43 curveto
-15.06 2.57 -15.11 2.72 -15.18 2.85 curveto
-15.8 4.06 -16.1 5.47 -16.76 6.65 curveto
-17.33 7.69 -18.12 8.64 -18.68 9.69 curveto
-19.2 10.66 -20.07 11.93 -19.74 13.09 curveto stroke
newpath -19.72 13.17 moveto
-19.8 13.13 -20.09 12.89 -20.19 12.8 curveto stroke
newpath -20.19 12.8 moveto
-18.95 13.49 -18.68 13.59 -18.4 13.67 curveto stroke
newpath -18.4 13.67 moveto
-17.23 14.18 -15.7 14.17 -15.4 14.38 curveto stroke
newpath -15.4 14.38 moveto
-13.93 15.14 -12.27 15.62 -10.81 16.4 curveto
-10.21 16.72 -9.54 16.96 -8.9 17.21 curveto
-8.79 17.25 -8.49 17.24 -8.57 17.33 curveto
-8.65 17.42 -8.81 17.27 -8.93 17.24 curveto stroke
newpath -8.93 17.24 moveto
-8.28 16.5 -8.64 15.27 -8.27 14.33 curveto
-8.03 13.73 -7.48 13.25 -7.24 12.62 curveto
-7.06 12.35 -6.66 11.92 -6.27 12.07 curveto
-5.63 12.32 -5.26 13.17 -4.65 13.52 curveto
-4.22 13.77 -3.7 13.95 -3.34 14.29 curveto stroke
newpath -3.34 14.29 moveto
-3.13 14.84 -1.01 15.22 0.03 15.48 curveto
0.15 15.51 0.27 15.52 0.4 15.54 curveto
0.55 15.56 1.09 15.59 1.25 15.64 curveto
1.99 15.86 1.21 15.82 1.88 16.21 curveto
2.44 16.55 2.47 17.01 2.93 17.53 curveto stroke
newpath 2.93 17.53 moveto
4.33 17.63 5.55 18.59 6.74 19.26 curveto
8.6 20.29 10.6 21.26 12.61 21.94 curveto
12.76 21.99 12.9 22.06 13.05 22.07 curveto
13.38 22.09 15.03 22.03 15.25 21.72 curveto
15.34 21.6 15.17 21.42 15.19 21.27 curveto
15.2 21.09 15.27 20.9 15.34 20.73 curveto
15.66 19.95 16.71 18.56 17.62 19.05 curveto
18.16 19.46 18.68 20.2 18.64 20.92 curveto
18.6 21.71 17.8 22.47 17.94 23.31 curveto
18.05 23.95 19.04 24.05 19.54 24.22 curveto
19.69 24.27 19.91 24.5 19.99 24.36 curveto
20.08 24.23 19.78 24.13 19.67 24.01 curveto stroke
newpath 19.67 24.01 moveto
19.93 24.54 20.04 24.58 20.14 24.62 curveto
20.24 24.68 20.35 24.74 20.45 24.8 curveto
20.56 24.88 20.67 24.96 20.78 25.03 curveto
21.75 25.62 22.37 26.69 23.13 27.51 curveto
24.14 28.61 25.88 29.26 26.52 30.7 curveto
26.42 30.78 26.35 30.9 26.23 30.93 curveto
24.67 31.33 23.43 29.22 22.31 28.61 curveto
22.21 28.56 22.1 28.52 21.98 28.5 curveto
21.86 28.47 21.72 28.42 21.59 28.44 curveto
21.47 28.46 21.38 28.65 21.26 28.62 curveto
21.09 28.57 21.02 28.37 20.9 28.24 curveto stroke
newpath 20.9 28.24 moveto
20.71 29.1 20.64 29.2 20.64 29.32 curveto
20.64 29.44 20.7 29.55 20.74 29.65 curveto
21.14 30.69 21.48 31.78 21.87 32.82 curveto
22.44 34.37 22.95 36.13 24.08 37.42 curveto
24.54 37.94 25.3 38.09 25.79 38.5 curveto
27.65 40.07 29.47 41.91 30.56 43.53 curveto stroke
newpath 30.56 43.53 moveto
30.65 43.61 30.73 43.7 30.81 43.79 curveto
30.91 43.91 31.01 44.03 31.1 44.16 curveto
32.02 45.36 33.02 46.63 33.79 47.92 curveto stroke
newpath 32.9 47.32 moveto
33.8 47.75 33.86 49.31 34.4 50.12 curveto
34.48 50.23 34.56 50.33 34.63 50.43 curveto
34.7 50.54 34.77 50.65 34.85 50.75 curveto
34.92 50.84 35.01 50.91 35.1 50.99 curveto stroke
newpath 35.1 50.99 moveto
35.49 51.47 36.55 52.01 37.19 52.64 curveto
37.76 53.19 38.18 53.94 38.79 54.47 curveto
39.4 55.02 40.26 55.3 40.81 55.89 curveto
41.74 56.9 42.21 58.49 43.43 59.27 curveto
43.56 59.35 43.71 59.39 43.83 59.48 curveto stroke
newpath 43.83 59.48 moveto
43.87 59.44 43.93 59.45 44 59.46 curveto
44.06 59.46 44.12 59.46 44.18 59.47 curveto
44.25 59.48 44.32 59.5 44.39 59.51 curveto
44.5 59.53 44.6 59.55 44.71 59.57 curveto
45.56 59.74 46.19 60.45 46.93 60.76 curveto
46.99 60.79 47.05 60.81 47.11 60.83 curveto
47.17 60.84 47.22 60.84 47.28 60.86 curveto
48.67 61.38 50.05 62.06 51.46 62.51 curveto
51.7 62.58 51.93 62.7 52.16 62.79 curveto
52.9 63.12 53.42 64.06 54.29 64.22 curveto
55.07 64.37 56.12 63.32 56.25 62.61 curveto stroke
newpath 56.25 62.61 moveto
56.19 62.54 56.66 62.15 56.79 61.89 curveto
57.23 60.98 57.71 60.04 58.61 58.76 curveto stroke
newpath 58.61 58.76 moveto
59.15 57.72 59.54 56.49 60.35 55.59 curveto
60.65 55.5 61.17 55.34 61.43 55.64 curveto
61.54 55.78 61.51 55.98 61.56 56.14 curveto
61.71 56.72 62.26 57.29 62.53 57.85 curveto
62.88 58.56 63.38 59.21 63.8 60.28 curveto stroke
newpath 63.8 60.28 moveto
64.09 60.46 64.48 60.38 64.81 60.44 curveto
65.34 60.55 65.86 60.72 66.37 60.89 curveto stroke
newpath 66.37 60.89 moveto
66.3 60.96 67.26 60.88 67.39 61.06 curveto
67.66 61.41 67.24 61.84 67.58 62.12 curveto
68.11 62.55 68.51 63.23 69.14 63.53 curveto
69.39 63.64 69.66 63.74 69.91 63.86 curveto
70.17 63.98 70.42 64.13 70.68 64.26 curveto
70.85 64.34 71.01 64.43 71.19 64.46 curveto
71.42 64.5 71.66 64.4 71.89 64.45 curveto
72.3 64.55 72.65 64.89 73.05 64.92 curveto
73.23 64.93 73.41 64.82 73.6 64.84 curveto
73.83 64.86 74.07 64.93 74.29 65.02 curveto
75.73 65.6 77.2 66.22 78.6 66.87 curveto
78.88 67.01 79.14 67.2 79.38 67.4 curveto
79.95 67.88 80.32 68.82 80.92 69.22 curveto
81.09 69.33 81.32 69.32 81.51 69.4 curveto
82.58 69.86 83.67 70.41 85.13 71.19 curveto stroke
newpath 85.13 71.19 moveto
86.29 72.63 87.62 73.31 88.73 74.19 curveto
89.3 74.64 89.69 75.49 90.36 75.76 curveto
90.56 75.84 90.79 75.81 90.98 75.89 curveto
91.66 76.16 92.01 76.99 92.62 77.27 curveto
93.03 77.46 93.56 77.2 93.98 77.36 curveto
94.55 77.59 94.92 78.29 95.47 78.58 curveto
95.76 78.74 96.07 78.84 96.37 78.98 curveto
98.78 80.12 100.7 82.16 102.86 83.62 curveto
103.31 83.93 103.61 84.45 104.02 84.83 curveto
104.18 84.98 104.37 85.07 104.57 85.15 curveto
105.49 85.49 106.48 85.8 107.36 86.27 curveto
108.63 86.93 109.76 87.92 110.85 88.82 curveto
111.59 89.43 112.62 89.7 113.34 90.34 curveto stroke
newpath 113.34 90.34 moveto
113.6 90.71 113.72 90.98 113.57 91.12 curveto
113.26 91.42 112.46 90.51 112.15 90.5 curveto
111.37 90.46 110.66 91.28 109.88 91.24 curveto
109.58 91.23 109.3 91.13 109.39 90.61 curveto stroke
newpath 109.39 90.61 moveto
109.41 90.8 109.6 91.57 109.15 91.64 curveto
108.97 91.66 108.97 91.33 108.86 91.2 curveto
108.74 91.06 108.6 90.92 108.44 90.83 curveto
107.94 90.56 107.3 90.32 106.74 90.24 curveto
106.55 90.21 106.33 90.26 106.16 90.18 curveto
105.44 89.85 105.07 88.93 104.38 88.54 curveto
104.02 88.33 103.54 88.36 103.21 88.11 curveto
102.9 87.87 102.72 87.4 102.31 87.2 curveto
102.15 87.12 101.95 87.14 101.78 87.07 curveto
101.56 86.98 101.37 86.84 101.16 86.75 curveto
100.66 86.54 99.71 86.64 99.29 86.36 curveto
98.94 86.12 98.88 85.58 98.55 85.31 curveto
98.21 85.03 97.77 84.89 97.4 84.65 curveto
95.79 83.61 94.39 82.1 92.64 81.28 curveto
92.41 81.18 92.14 81.15 91.91 81.04 curveto
91.72 80.94 91.57 80.79 91.41 80.67 curveto
90.25 79.77 88.95 78.99 87.81 78.09 curveto
87.66 77.98 87.48 77.9 87.79 77.83 curveto stroke
newpath 87.79 77.83 moveto
87.57 77.66 87.47 77.36 87.26 77.18 curveto
87.04 76.98 86.78 76.82 86.52 76.67 curveto
86.21 76.5 85.85 76.4 85.55 76.22 curveto
84.08 75.35 82.73 74.18 81.22 73.38 curveto
80.94 73.23 80.61 73.16 80.34 72.99 curveto stroke
newpath 75.7 70.47 moveto
75.12 70.39 74.47 70.48 73.86 70.35 curveto
73.59 70.28 73.36 70.08 73.08 70.05 curveto
72.79 70.03 72.51 70.22 72.22 70.18 curveto
71.31 70.07 70.87 68.85 70.12 68.39 curveto
69.87 68.23 69.55 68.22 69.29 68.06 curveto stroke
newpath 69.29 68.06 moveto
69.36 68.12 69.05 67.83 68.67 67.79 curveto
68.5 67.77 68.34 67.96 68.16 67.93 curveto
67.89 67.89 67.62 67.77 67.4 67.6 curveto
66.89 67.22 66.47 66.54 65.91 66.16 curveto
65.08 65.61 63.97 65.27 63.91 63.79 curveto stroke
newpath 63.91 63.79 moveto
63.18 63.55 62.46 63.12 61.94 62.55 curveto stroke
newpath 61.94 62.55 moveto
61.5 61.79 60.74 61.13 60.13 61.29 curveto
59.87 61.36 59.55 61.55 59.35 61.73 curveto
58.91 62.54 58.53 63.43 58.26 64.33 curveto
58.09 64.9 57.61 65.84 58.14 66.4 curveto
58.35 66.63 58.65 66.8 58.94 66.9 curveto
60.34 67.39 62.28 67.48 63.06 68.79 curveto stroke
newpath 63.06 68.79 moveto
63.22 68.87 63.39 68.95 63.54 69.05 curveto
63.7 69.15 63.83 69.29 63.99 69.39 curveto
64.64 69.85 65.5 70 66.09 70.5 curveto
66.54 70.88 66.77 71.48 67.2 71.87 curveto
67.83 72.46 68.74 72.72 69.39 73.29 curveto
70.09 73.9 70.76 74.94 71.69 75.22 curveto
71.86 75.27 72.05 75.24 72.22 75.29 curveto
72.4 75.34 72.57 75.43 72.45 75.54 curveto stroke
newpath 72.45 75.54 moveto
74.26 76.44 76.44 76.81 78.08 78.01 curveto
78.23 78.12 78.35 78.27 78.51 78.37 curveto
79.73 79.11 81.26 79.26 82.51 79.87 curveto
83.1 80.16 83.43 80.84 83.99 81.19 curveto stroke
newpath 82.98 83.59 moveto
82.35 83.58 81.92 82.86 81.48 82.53 curveto
81.34 82.42 81.18 82.34 81.02 82.26 curveto
80.8 82.15 80.58 81.99 80.32 81.94 curveto
80.16 81.9 79.98 82.04 79.81 81.99 curveto
79.64 81.95 79.53 81.76 79.36 81.69 curveto
79.19 81.62 78.99 81.64 78.81 81.6 curveto
77.63 81.33 76.75 80.31 75.79 79.68 curveto
75.61 79.56 75.42 79.47 75.22 79.38 curveto
74.38 78.98 73.33 79.14 72.48 78.79 curveto
71.32 78.32 70.16 77.76 69.07 77.16 curveto
68.84 77.03 68.59 76.93 68.34 76.83 curveto stroke
newpath 68.34 76.83 moveto
66.13 75.88 63.38 75.1 62.22 72.97 curveto
62.18 72.89 62.12 72.82 61.99 73.32 curveto stroke
newpath 61.99 73.32 moveto
61.29 72.7 60.14 71.32 59.06 71.48 curveto
58.04 71.63 57.21 72.6 56.43 73.18 curveto
56.16 73.39 55.51 73.68 55.4 74.06 curveto
55.25 74.54 55.78 75.22 55.98 75.61 curveto stroke
newpath 55.98 75.61 moveto
57.53 76.17 58.95 77.11 60.44 77.76 curveto stroke
newpath 60.95 77.54 moveto
61 77.7 60.55 77.97 60.63 78.01 curveto
60.7 78.05 60.77 78.09 60.85 78.13 curveto
60.92 78.17 61 78.19 61.07 78.23 curveto
63.82 79.76 66.68 81.3 69.54 82.61 curveto
72.51 83.97 75.27 85.98 77.93 87.86 curveto
78.31 88.14 78.68 88.45 79.09 88.68 curveto stroke
newpath 79.09 88.68 moveto
79.25 88.81 79.37 88.99 79.56 89.06 curveto
80.05 89.22 80.79 88.7 81.19 88.49 curveto stroke
newpath 81.19 88.49 moveto
81.64 88.32 81.8 88.41 81.98 88.42 curveto
83.37 88.5 84.8 86.07 85.91 87.38 curveto stroke
newpath 85.91 87.38 moveto
87 88.04 87.92 89.18 88.94 90 curveto
89.12 90.15 89.29 90.33 89.49 90.43 curveto
89.93 90.66 90.47 90.65 90.91 90.85 curveto
91.09 90.93 91.24 91.07 91.4 91.2 curveto
92.73 92.27 94.07 93.44 95.51 94.37 curveto
96.26 94.86 97.23 94.99 98.03 95.4 curveto
98.23 95.5 98.41 95.65 98.6 95.78 curveto
98.77 95.9 98.94 96.03 99.11 96.16 curveto
99.45 96.43 99.9 96.68 100.33 96.99 curveto
100.51 97.12 100.61 97.36 100.82 97.45 curveto
101.45 97.73 102.49 97.61 102.51 97.73 curveto stroke
newpath 102.51 97.73 moveto
103.12 97.95 104.06 98.24 104.79 98.81 curveto
105.14 99.09 105.45 99.57 105.93 99.67 curveto
106.05 99.7 106.17 99.67 106.3 99.65 curveto
106.4 99.64 106.51 99.6 106.61 99.57 curveto
106.71 99.54 106.81 99.49 106.92 99.45 curveto
107.06 99.41 107.2 99.37 107.35 99.33 curveto
107.48 99.29 107.61 99.25 107.74 99.19 curveto
108.18 98.99 108.49 98.57 108.76 98.22 curveto
109.09 97.8 109.74 97.65 110.1 97.19 curveto
110.18 97.09 110.24 96.99 110.31 96.89 curveto stroke
newpath 110.31 96.89 moveto
112.27 95.19 114 94.38 115.39 93.91 curveto
116.12 93.66 116.55 92.83 117.25 92.6 curveto
117.45 92.54 117.66 92.63 117.87 92.6 curveto
118.08 92.57 118.29 92.52 118.48 92.44 curveto
118.72 92.32 118.92 92.11 119.17 92 curveto
119.6 91.82 120.11 91.98 120.55 91.89 curveto
120.86 91.83 121.63 91.38 121.96 91.37 curveto
123 91.33 123.75 92.4 124.61 92.74 curveto
124.78 92.81 124.95 92.86 125.12 92.91 curveto
125.3 92.96 125.48 93.01 125.65 93.05 curveto
125.84 93.1 126.2 93.01 126.21 93.2 curveto
126.22 93.43 125.86 93.5 125.68 93.65 curveto stroke
newpath 125.68 93.65 moveto
125.63 93.23 125.81 93.12 126 93.05 curveto
127.74 92.47 129.5 91.74 131.18 91 curveto
131.77 90.74 131.99 90.03 132.35 89.57 curveto
132.91 88.84 133.95 87.69 134.79 87.25 curveto
135.78 86.72 137.05 86.94 138.08 86.56 curveto
138.84 86.28 139.57 85.5 140.46 85.56 curveto
140.68 85.57 140.89 85.64 141.1 85.72 curveto
141.3 85.8 141.48 85.94 141.69 86.03 curveto
142.23 86.27 142.95 86.37 143.35 86.85 curveto
143.48 87 143.58 87.18 142.64 87.29 curveto stroke
newpath 142.64 87.29 moveto
142.92 87.36 143.3 87.29 143.47 87.51 curveto
143.98 88.17 142.26 88.28 142.07 88.37 curveto
141.86 88.46 141.65 88.59 141.46 88.72 curveto
140.35 89.44 139.58 90.59 138.61 91.41 curveto
137.8 92.1 136.26 92.08 135.28 92.26 curveto
134.9 92.33 134.52 92.43 134.15 92.56 curveto
133.03 92.98 132.06 93.82 130.95 94.22 curveto
130.67 94.33 130.39 94.4 130.12 94.51 curveto
129.86 94.62 129.61 94.75 129.36 94.86 curveto
129.19 94.93 129.02 94.99 128.84 95.05 curveto
128.64 95.12 128.44 95.2 128.23 95.27 curveto
127.98 95.35 127.74 95.42 127.49 95.5 curveto
127.31 95.55 127.13 95.61 126.95 95.66 curveto stroke
newpath 127.73 95.33 moveto
127.12 95.69 126.66 96.31 126.08 96.65 curveto
125.77 96.83 125.4 96.88 125.07 97.02 curveto
123.81 97.55 122.66 98.42 121.38 98.91 curveto
121.13 99.01 120.88 99.11 120.63 99.2 curveto
120.46 99.27 120.28 99.34 120.11 99.39 curveto
119.12 99.67 118.01 99.2 117.06 99.44 curveto
114.91 99.97 113.39 101.92 111.63 103.07 curveto
111.31 103.28 110.99 103.46 110.66 103.66 curveto
110.42 103.81 110.17 103.95 109.23 104.06 curveto stroke
newpath 109.23 104.06 moveto
109.17 104.19 109.06 104.29 108.98 104.41 curveto
108.9 104.53 108.84 104.66 108.78 104.79 curveto
108.73 104.89 108.7 105 108.64 105.1 curveto
108.56 105.24 108.47 105.37 108.38 105.5 curveto stroke
newpath 108.38 105.5 moveto
106.76 106.65 107.28 109.45 106.62 110.73 curveto stroke
newpath 106.62 110.73 moveto
106.46 111.15 106.53 112.04 106.35 112.27 curveto
106.04 112.67 105.09 112.59 104.66 112.69 curveto stroke
newpath 104.66 112.69 moveto
105.36 112.62 105.29 112.58 105.22 112.54 curveto
104.91 112.35 104.49 112.4 104.13 112.38 curveto
102.87 112.32 101.46 111.94 100.22 111.69 curveto
98.84 111.42 97.57 110.41 96.4 109.69 curveto
95.75 109.29 94.67 108.92 94.23 108.26 curveto
93.52 107.17 93.6 105.2 94.56 104.28 curveto
94.62 104.23 94.68 104.18 94.75 104.13 curveto
94.84 104.05 94.95 103.98 95.05 103.91 curveto
95.81 103.39 97.34 102.97 97.83 102.17 curveto
97.87 102.11 97.9 102.03 97.93 101.96 curveto
98.41 100.77 97.37 99.28 96.82 99.52 curveto stroke
newpath 96.82 99.52 moveto
96.65 99.41 96.57 99.19 96.41 99.04 curveto
96.27 98.9 96.1 98.81 95.95 98.68 curveto
95.77 98.53 95.63 98.34 95.44 98.21 curveto
95.22 98.08 94.94 98.05 94.75 97.9 curveto
94.57 97.76 94.49 97.52 94.34 97.34 curveto
93.88 96.76 93.14 96.46 92.66 95.95 curveto
92.47 95.75 92.38 95.47 92.21 95.25 curveto
92.04 95.03 91.84 94.83 91.65 94.62 curveto
91.51 94.48 91.35 94.35 91.2 94.21 curveto
90.73 93.77 90.31 93.2 89.74 92.88 curveto stroke
newpath 90.04 92.53 moveto
89.87 92.7 89.58 92.4 89.35 92.34 curveto stroke
newpath 89.35 92.34 moveto
89.11 92.61 88.97 92.42 88.76 92.35 curveto
88.16 92.16 86.96 92.65 86.54 93.05 curveto
86.4 93.18 86.35 93.38 86.23 93.53 curveto
85.99 93.84 85.65 94.1 85.24 93.74 curveto stroke
newpath 85.24 93.74 moveto
85.11 93.96 84.96 94.18 84.76 94.34 curveto
84.59 94.48 84.38 94.56 84.16 94.59 curveto
83.94 94.63 83.72 94.57 83.5 94.52 curveto stroke
newpath 83.5 94.52 moveto
83.3 94.39 83.22 94.36 83.14 94.33 curveto
83.04 94.3 82.94 94.3 82.84 94.27 curveto
82.18 94.09 81.6 93.66 80.96 93.45 curveto
79.93 93.13 78.72 93.34 77.7 92.93 curveto
76.94 92.64 76.07 91.7 75.44 91.19 curveto
73.76 89.84 71.91 88.59 70.16 87.3 curveto
69.16 86.56 68.24 85.66 67.3 84.85 curveto
66.94 84.54 66.17 84.52 66.85 84.5 curveto stroke
newpath 66.85 84.5 moveto
66.56 84.43 66.23 84.44 65.96 84.32 curveto
64.54 83.73 63.39 82.53 61.99 81.95 curveto
61.32 81.67 60.67 81.26 60.89 81.39 curveto stroke
newpath 60.89 81.39 moveto
60.18 81.4 58.91 80.72 58.42 80.18 curveto
58.16 79.89 57.9 79.26 57.41 79.3 curveto
56.9 79.33 56.7 80.1 56.44 80.46 curveto
56.21 80.79 55.5 81.59 55.68 82.05 curveto
56.19 83.35 58.26 83.71 59.16 84.67 curveto stroke
newpath 58.39 86.25 moveto
57.04 86.17 55.93 85.01 54.82 84.36 curveto
54.44 84.14 53.55 83.82 53.43 83.36 curveto
53.3 82.85 53.15 82.05 53.13 81.5 curveto
53.13 81.35 53.12 81.2 53.15 81.05 curveto
53.34 80.02 53.81 78.97 53.78 77.89 curveto
53.76 77.3 53.18 76.86 53.23 76.69 curveto stroke
newpath 53.23 76.69 moveto
52.33 76.08 50.99 75.08 50.73 73.93 curveto
50.62 73.43 51.3 72.87 51.16 72.28 curveto
51.11 72.1 50.78 71.78 50.89 71.39 curveto stroke
newpath 50.89 71.39 moveto
50.17 70.76 49.36 70.06 48.41 69.77 curveto
48.21 69.7 48.01 69.66 47.81 69.6 curveto
46.68 69.31 45.75 68.5 44.76 67.99 curveto
43.89 67.55 42.47 66.99 41.82 66.25 curveto
41.38 65.75 41.65 64.96 41.58 64.39 curveto
41.48 63.66 42.05 62.82 42.33 62.13 curveto
42.39 62 42.42 61.86 42.5 61.74 curveto
42.59 61.62 42.72 61.54 42.53 60.89 curveto stroke
newpath 42.53 60.89 moveto
42.24 59.91 41.27 59.28 40.67 58.54 curveto
40.26 58.02 40.09 57.28 39.63 56.8 curveto
39.54 56.72 39.44 56.65 39.34 56.59 curveto
37.9 55.71 36.39 54.77 35.12 53.68 curveto
34.45 53.11 34.19 52.09 33.24 51.37 curveto stroke
newpath 33.24 51.37 moveto
32.39 50.69 32.64 49.28 32.06 48.54 curveto stroke
newpath 32.22 48.57 moveto
32.35 48.64 32.6 48.91 32.59 48.77 curveto
32.58 48.55 31.83 47.95 31.64 47.77 curveto
31.29 47.44 30.93 47.1 30.55 46.79 curveto
29.09 45.58 27.52 44.41 26 43.27 curveto
24.96 42.49 23.79 41.74 22.98 40.7 curveto
22.41 39.96 22.04 39.04 21.42 38.33 curveto
20.75 37.56 19.81 36.87 19.43 35.88 curveto
19.39 35.77 19.36 35.65 19.34 35.53 curveto
19.3 35.38 19.28 35.24 19.26 35.09 curveto
19.24 34.97 19.22 34.85 19.21 34.73 curveto
19.08 32.8 18.96 30.81 18.68 28.8 curveto stroke
newpath 18.68 28.8 moveto
18.76 28.27 18.78 27.72 19.19 27.05 curveto stroke
newpath 19.19 27.05 moveto
19.21 26.9 19.33 26.73 19.25 26.6 curveto
19.17 26.46 18.96 26.49 18.82 26.42 curveto
18.32 26.2 17.87 25.88 17.39 25.65 curveto
17.24 25.58 17.09 25.51 16.94 25.46 curveto
16.79 25.4 16.63 25.36 16.47 25.32 curveto
16.29 25.27 16.1 25.22 15.92 25.17 curveto
15.49 25.04 15.09 24.85 14.71 24.73 curveto
13.95 24.49 13.05 24.22 12.27 24.48 curveto
11 24.89 9.69 26.21 8.24 25.9 curveto
7.18 25.67 6.51 24.6 5.72 23.96 curveto
4.83 23.23 3.66 22.65 2.59 22.17 curveto stroke
newpath 2.59 22.17 moveto
2.78 22.15 3.03 22.25 3.15 22.1 curveto
3.23 22 2.92 21.96 2.81 21.89 curveto
2.7 21.82 2.59 21.73 2.47 21.67 curveto
1.99 21.44 1.43 21.35 0.94 21.15 curveto
0.39 20.93 -0.04 20.38 -0.58 20.19 curveto
-1.71 19.81 -3.2 20.41 -3.93 21.27 curveto
-4.3 21.99 -3.63 22.85 -3.32 23.48 curveto
-3.12 23.88 -3.19 24.37 -3.07 24.77 curveto
-2.82 25.69 -1.65 27.1 -2.47 28 curveto
-2.55 28.1 -2.68 28.16 -2.78 28.25 curveto
-4.24 27.74 -5.09 26.08 -6.24 25.44 curveto stroke
newpath -6.24 25.44 moveto
-6.64 25.01 -7.73 23.93 -8.37 24.06 curveto
-9.04 24.19 -9.85 25.46 -10.64 24.97 curveto
-10.75 24.9 -10.82 24.8 -10.92 24.71 curveto
-11 24.63 -11.1 24.56 -11.19 24.47 curveto
-11.93 23.79 -11.8 22.55 -12.15 21.67 curveto
-12.43 20.96 -12.21 19.83 -12.91 19.31 curveto
-13.02 19.23 -13.13 19.17 -12.35 19.48 curveto stroke
newpath -12.35 19.48 moveto
-14.17 18.64 -16.13 17.92 -17.89 16.98 curveto
-17.96 16.93 -18.04 16.9 -18.12 16.85 curveto
-18.2 16.81 -18.26 16.76 -18.34 16.72 curveto stroke
newpath -18.34 16.72 moveto
-19.49 16.52 -20.27 16.46 -20.9 16.1 curveto stroke
newpath -19.99 16.25 moveto
-20.39 16.12 -20.8 15.95 -21.16 15.68 curveto stroke
newpath -21.16 15.68 moveto
-23.55 15.31 -25.63 17.45 -27.64 18.38 curveto
-27.94 18.5 lineto
-28.21 18.59 lineto
-29.05 18.88 -30.34 18.88 -30.98 18.15 curveto
-31.21 17.61 -31.01 16.8 -30.56 16.4 curveto
-30.49 16.34 -30.41 16.28 -30.33 16.22 curveto
-30.25 16.16 -30.16 16.11 -30.07 16.06 curveto
-29.34 15.68 -28.79 14.94 -28.32 14.24 curveto
-28.2 14.06 -28.09 13.87 -27.98 13.68 curveto
-27.38 12.61 -27.33 11.14 -26.85 10.11 curveto stroke
newpath -26.85 10.11 moveto
-26.86 10.04 -26.87 9.98 -26.88 9.92 curveto
-26.88 9.86 -26.89 9.8 -26.9 9.75 curveto
-27.02 8.81 -28.06 8.28 -28.59 7.95 curveto stroke
newpath -28.59 7.95 moveto
-29.57 7.41 -30.95 6.62 -32.09 6.57 curveto
-32.69 6.54 -33.3 6.67 -33.89 6.76 curveto
-34.46 6.85 -35.1 6.75 -35.65 6.57 curveto
-35.84 6.51 -36.78 6.33 -36.91 6.22 curveto
-37 6.15 -36.91 5.99 -36.95 5.89 curveto
-37 5.77 -37.1 5.69 -36.81 5.97 curveto stroke
newpath -36.81 5.97 moveto
-37.36 5.75 -37.93 5.56 -38.4 5.25 curveto
-39 4.86 -39.59 4.49 -40.12 4.13 curveto
-40.41 4.25 -40.74 4.3 -40.98 4.5 curveto
-41.69 5.07 -41.99 6.16 -42.17 6.99 curveto stroke
newpath -42.17 6.99 moveto
-42.22 7.08 -41.98 8.83 -42.16 10.47 curveto
-42.38 12.52 -43.21 14.56 -45.53 19.19 curveto stroke
newpath -45.53 19.19 moveto
-46.18 20.42 -47.6 21.03 -48.57 21.88 curveto
-49.48 22.67 -50.4 24.21 -51 25.24 curveto
-52.16 27.21 -52.35 29.69 -53.49 31.63 curveto
-54.45 33.27 -56.13 34.44 -57.25 35.97 curveto
-57.47 36.28 -57.69 36.59 -57.89 36.91 curveto
-58.1 37.22 -58.29 37.54 -58.48 37.86 curveto stroke
newpath -58.48 37.86 moveto
-57.38 38.03 -58.08 39.65 -58.13 41.13 curveto
-58.18 42.39 -57.72 43.72 -57.94 44.99 curveto stroke
newpath -57.94 44.99 moveto
-58.04 45.29 -57.96 45.4 -57.84 45.47 curveto
-57.37 45.71 -56.8 45.19 -56.48 44.87 curveto
-55.65 44.04 -54.92 43 -54.2 42.08 curveto
-54.13 41.98 -54.09 41.87 -54.03 41.77 curveto stroke
newpath -54.03 41.77 moveto
-53.93 41.99 -53.74 41.64 -53.54 41.31 curveto
-53.2 40.76 -52.24 40.35 -51.66 40.68 curveto
-51.24 41.05 -50.58 41.48 -50.31 41.98 curveto
-50.07 42.41 -49.98 43.12 -49.83 43.59 curveto
-49.78 43.73 -49.72 43.87 -49.67 44.01 curveto
-49.63 44.12 -49.6 44.22 -49.56 44.33 curveto
-49.12 45.38 -48.67 46.47 -48.25 47.54 curveto
-48.2 47.68 -48.15 47.81 -48.09 47.94 curveto
-48.03 48.06 -47.95 48.17 -47.88 48.28 curveto
-47.66 48.67 -47.38 49.03 -47.09 49.38 curveto
-46.3 50.31 -45.61 51.49 -44.51 52.09 curveto
-43.95 52.4 -43.34 52.68 -42.8 53.04 curveto
-42.67 53.13 -42.42 53.17 -42.42 53.33 curveto
-42.42 53.47 -42.68 53.42 -42.81 53.46 curveto stroke
newpath -42.81 53.46 moveto
-42.68 52.9 -42.92 52.97 -43.16 53.01 curveto
-43.28 53.03 -43.63 53.13 -43.52 53.07 curveto
-43.06 52.82 -42.57 52.45 -42.27 51.95 curveto
-42.15 51.84 -42.04 51.71 -41.91 51.6 curveto
-41.8 51.5 -41.67 51.43 -41.55 51.33 curveto
-41.45 51.24 -41.36 51.14 -41.26 51.05 curveto
-41.16 50.96 -41.07 50.87 -40.97 50.79 curveto
-40.34 50.28 -39.46 50.22 -38.77 49.94 curveto
-38.27 49.73 -37.62 49.4 -37.07 49.64 curveto
-35.92 50.15 -35.93 51.81 -35.58 52.81 curveto
-35.37 53.4 -35.21 54.05 -34.87 54.59 curveto stroke
newpath -34.87 54.59 moveto
-34.43 55.25 -33.97 56.17 -33.21 56.73 curveto
-32.44 57.3 -31.47 57.6 -30.68 58.12 curveto
-30.08 58.51 -29.34 59.27 -28.56 59.27 curveto
-27.39 59.26 -26.52 58.16 -25.59 57.63 curveto
-25.49 57.57 -25.37 57.54 -25.25 57.52 curveto
-25.15 57.51 -24.05 57.64 -24.1 57.71 curveto
-24.17 57.83 -24.37 57.69 -24.51 57.68 curveto stroke
newpath -24.51 57.68 moveto
-24.24 58.18 -24.15 58.29 -24.07 58.4 curveto
-23.43 59.42 -22.96 60.66 -22.03 61.51 curveto
-21.91 61.63 -21.77 61.72 -21.64 61.82 curveto
-21.52 61.91 -21.41 62 -21.29 62.07 curveto
-21.19 62.14 -21.08 62.19 -20.98 62.24 curveto
-20.84 62.32 -20.69 62.39 -20.56 62.47 curveto
-20.45 62.53 -20.35 62.6 -20.24 62.66 curveto
-20.12 62.73 -20 62.8 -19.89 62.86 curveto
-19.47 63.1 lineto
-18.23 63.78 -16.73 63.94 -15.46 64.5 curveto
-14.3 65.01 -13.18 65.92 -12.15 66.64 curveto
-11.86 66.89 -11.55 67.15 -11.21 67.31 curveto
-11.09 67.37 -10.97 67.44 -10.84 67.5 curveto
-10.71 67.55 -10.31 67.65 -10.45 67.64 curveto
-10.84 67.61 -11.22 67.51 -11.61 67.44 curveto stroke
newpath -11.61 67.44 moveto
-8.34 68.16 -6.78 70.3 -4.8 71.3 curveto
-4.66 71.37 -4.49 71.4 -4.34 71.45 curveto
-4.16 71.5 -3.98 71.56 -3.8 71.6 curveto
-2.96 71.79 -1.99 71.43 -1.18 71.75 curveto
-1.06 71.8 0.15 72.52 0.12 72.63 curveto
0.08 72.83 -0.25 72.8 -0.43 72.88 curveto stroke
newpath -0.43 72.88 moveto
1.96 74.08 3.59 75.66 5.35 76.23 curveto
5.57 76.3 5.78 76.36 6 76.4 curveto
7.68 76.65 9.46 76.81 11.08 77.36 curveto
12.25 77.76 13.36 78.39 14.43 79 curveto
16.55 80.21 18.92 81.16 21.03 82.44 curveto stroke
newpath 21.03 82.44 moveto
23.1 82.85 24 84.65 25.27 85.77 curveto
27.25 87.51 29.57 89.31 31.68 90.16 curveto stroke
newpath 31.68 90.16 moveto
31.82 90.25 31.96 90.33 32.11 90.39 curveto
32.55 90.56 33.06 90.63 33.49 90.85 curveto stroke
newpath 33.49 90.85 moveto
34.06 91.19 34.88 90.79 35.4 90.86 curveto
36.69 91.04 38.44 91 38.75 91.77 curveto stroke
newpath 38.75 91.77 moveto
38.95 91.91 39.15 92.06 39.36 92.21 curveto
39.48 92.3 39.59 92.39 39.71 92.47 curveto
39.89 92.58 40.08 92.7 40.26 92.81 curveto
40.53 92.97 40.81 93.1 41.06 93.28 curveto
41.24 93.41 41.4 93.55 41.54 93.71 curveto
41.69 93.88 41.81 94.07 41.94 94.25 curveto stroke
newpath 41.94 94.25 moveto
42.93 95.43 44.36 95.97 45.06 96.81 curveto
45.36 97.17 45.47 97.69 45.58 98.12 curveto stroke
newpath 45.58 98.12 moveto
45.7 98.23 45.83 98.33 45.93 98.45 curveto
46.05 98.6 46.12 98.77 46.23 98.92 curveto stroke
newpath 46.23 98.92 moveto
47.1 98.96 47.68 99.39 48.32 99.45 curveto
49.42 99.55 50.59 99.98 51.72 99.77 curveto
51.84 99.74 51.97 99.71 52.07 99.64 curveto
52.85 99.12 53.32 98.03 54.26 97.66 curveto
54.39 97.61 54.52 97.59 54.65 97.57 curveto
55.3 97.46 55.97 97.56 56.61 97.53 curveto
56.73 97.53 56.85 97.54 56.96 97.58 curveto stroke
newpath 56.96 97.58 moveto
57.7 97.69 58.66 97.99 58.94 98.54 curveto
59.03 98.7 59.05 98.9 59.06 99.09 curveto
59.1 99.48 58.98 100.01 58.9 100.39 curveto
58.78 101.02 58.9 101.82 58.48 102.35 curveto
58.4 102.45 58.3 102.53 58.21 102.61 curveto
58.08 102.74 57.6 103.54 57.52 103.57 curveto
57.4 103.63 57.28 103.47 57.72 103.73 curveto stroke
newpath 57.72 103.73 moveto
57.61 104.24 57.15 104.76 56.64 104.89 curveto
55.89 104.83 55.1 104.97 54.35 104.88 curveto
53.96 104.84 53.51 104.82 53.13 104.93 curveto
51.7 105.32 49.78 106.25 48.39 105.35 curveto
47.94 104.33 50.14 102.99 49.51 101.8 curveto
49.44 101.68 49.38 101.54 49.27 101.44 curveto
48.74 100.96 47.82 101.45 47.22 101.43 curveto stroke
newpath 47.22 101.43 moveto
47.34 101.84 46.48 101.81 46.16 101.82 curveto
45.24 101.84 43.77 102.06 42.94 101.61 curveto
42.88 101.58 42.82 101.54 42.77 101.49 curveto
42.71 101.45 42.67 101.4 42.62 101.35 curveto
42.57 101.3 42.52 101.24 42.48 101.18 curveto
42.44 101.12 42.43 101.05 42.4 100.98 curveto
42.07 100.11 42.02 98.99 41.32 98.36 curveto
41.27 98.31 41.22 98.26 41.16 98.21 curveto stroke
newpath 41.9 98.71 moveto
40.72 98.03 39.88 96.81 38.97 95.8 curveto
38.87 95.69 38.8 95.55 38.68 95.45 curveto
38.56 95.35 38.4 95.29 38.25 95.22 curveto stroke
newpath 38.25 95.22 moveto
37.77 94.72 36.47 94.67 36.24 94.59 curveto stroke
newpath 36.24 94.59 moveto
35.64 94.56 34.94 94.55 34.43 94.88 curveto
34.36 95 34.29 95.12 34.24 95.25 curveto stroke
newpath 34.24 95.25 moveto
33.77 95.42 33.55 96.24 33.21 96.76 curveto
33.15 96.85 33.08 96.94 33.02 97.03 curveto
32.96 97.11 32.89 97.19 32.83 97.27 curveto
32.17 98.16 31.87 99.34 31.77 100.42 curveto
31.7 101.18 31.32 101.97 31.34 101.96 curveto stroke
newpath 31.34 101.96 moveto
30.98 102.84 31.07 103.94 30.58 104.8 curveto
30.25 105.38 29.78 106.09 29.18 106.43 curveto
28.66 106.71 27.87 106.65 27.43 106.29 curveto
27.3 106.19 27.18 106.06 27.24 105.46 curveto stroke
newpath 27.24 105.46 moveto
26.55 104.36 26.96 102.86 26.8 101.63 curveto
26.62 100.25 26.18 98.87 25.74 97.54 curveto stroke
newpath 25.74 97.54 moveto
25.32 96.26 25.17 94.9 24.63 93.84 curveto
24.42 93.42 24.06 93.03 23.95 92.54 curveto
23.59 90.87 23.01 88.88 22.25 87.85 curveto stroke
newpath 22.25 87.85 moveto
22.17 87.81 22.1 87.75 22.02 87.71 curveto
21.93 87.66 21.83 87.64 21.74 87.59 curveto
21.63 87.53 21.54 87.46 21.44 87.4 curveto
21.36 87.35 21.28 87.32 21.2 87.28 curveto
21.14 87.25 21.07 87.21 21 87.17 curveto
20.89 87.11 20.77 87.06 20.65 87.01 curveto
20.54 86.96 20.43 86.92 20.31 86.88 curveto
18.96 86.4 17.63 85.79 16.73 85.25 curveto stroke
newpath 16.73 85.25 moveto
15.38 84.49 13.65 84.3 12.14 84.08 curveto
11.89 84.05 11.62 84.01 11.38 83.92 curveto
10.22 83.5 9.17 82.44 8.06 81.85 curveto
6.29 80.92 4.1 80.89 2.29 80.07 curveto
0.67 79.34 -0.6 77.73 -1.74 76.4 curveto stroke
newpath -1.74 76.4 moveto
-3.19 75.31 -5.21 75.24 -6.79 74.49 curveto
-6.95 74.42 -7.1 74.33 -7.25 74.23 curveto
-8.86 73.12 -9.98 71.23 -12.95 69.61 curveto stroke
newpath -12.95 69.61 moveto
-12.74 69.57 -12.48 69.64 -12.33 69.49 curveto
-12.25 69.4 -12.54 69.36 -12.65 69.3 curveto
-13 69.13 -13.35 68.95 -13.7 68.78 curveto
-14.74 68.26 -15.94 68.02 -16.96 67.49 curveto
-19.95 65.95 -23.3 64.88 -26.19 63.16 curveto
-26.33 63.07 -26.47 62.97 -26.83 62.44 curveto stroke
newpath -26.83 62.44 moveto
-26.66 62.4 -26.41 62.47 -26.33 62.32 curveto
-26.26 62.21 -26.53 62.16 -26.65 62.11 curveto
-27.32 61.82 -28.24 61.98 -28.97 61.84 curveto
-30.01 61.63 -31.03 61.03 -32.14 60.99 curveto
-32.31 60.99 -32.49 60.98 -32.67 60.99 curveto
-32.84 60.99 -33 61.01 -33.17 61.02 curveto
-33.35 61.03 -33.54 61.03 -33.72 61.04 curveto
-33.88 61.06 -34.04 61.07 -34.2 61.1 curveto
-34.77 61.18 -35.27 61.54 -35.77 61.76 curveto
-35.89 61.81 -36.02 61.85 -36.16 61.85 curveto
-37 61.84 -37.95 61.75 -38.8 61.64 curveto
-38.94 61.62 -39.09 61.61 -39.23 61.55 curveto
-39.38 61.5 -39.5 61.4 -39.64 61.31 curveto
-39.74 61.25 -39.84 61.17 -39.94 61.11 curveto
-40.05 61.03 -40.17 60.96 -40.28 60.88 curveto
-40.39 60.8 -40.5 60.72 -40.6 60.63 curveto
-41.39 59.96 -41.65 58.87 -42.16 58.05 curveto
-42.25 57.92 -42.36 57.8 -42.45 57.67 curveto
-42.82 57.15 -43.23 56.59 -43.29 56.2 curveto stroke
newpath -43.29 56.2 moveto
-43.4 56.18 -43.52 56.15 -43.64 56.14 curveto
-44.43 56.03 -45.24 56 -46.03 55.89 curveto
-46.24 55.86 -46.5 55.86 -46.69 55.98 curveto
-46.79 56.04 -46.85 56.16 -46.96 56.2 curveto
-47.08 56.26 -47.23 56.26 -46.62 56.15 curveto stroke
newpath -46.62 56.15 moveto
-47.31 57.48 -48.49 60.05 -50.28 60.08 curveto
-51.02 60.09 -51.88 59.3 -52.54 59.03 curveto
-53.5 58.64 -54.59 58.34 -55.44 57.67 curveto
-55.95 57.27 -56.49 56.84 -57.06 56.52 curveto
-57.36 56.37 lineto stroke
newpath -58.27 56.02 moveto
-58.41 55.97 -58.55 55.91 -58.69 55.85 curveto
-58.89 55.77 -59.08 55.69 -59.27 55.6 curveto
-59.42 55.54 -59.56 55.46 -59.87 55.04 curveto stroke
newpath -59.87 55.04 moveto
-59.94 54.99 -60.02 54.94 -60.09 54.88 curveto
-61.66 53.68 -60.85 50.82 -61.79 49.59 curveto stroke
newpath -61.79 49.59 moveto
-63.09 48.48 -64.32 46.77 -66.13 46.38 curveto
-67.4 46.11 -68.8 46.61 -70.08 46.38 curveto
-71.96 46.05 -73.89 45.6 -75.8 45.36 curveto
-76.12 45.32 -76.44 45.24 -76.76 45.2 curveto
-77.15 45.15 -77.73 44.77 -77.95 45.11 curveto
-78.14 45.41 -77.32 45.43 -77.02 45.61 curveto
-76.77 45.76 -76.54 45.92 -77.54 45.61 curveto stroke
newpath -77.54 45.61 moveto
-76.62 45.1 -78.49 44.88 -79.95 44 curveto
-80.96 43.39 -81.86 42.4 -82.78 41.65 curveto
-83.01 41.46 -83.27 41.3 -83.49 41.09 curveto
-83.76 40.83 -84.01 40.54 -84.25 40.25 curveto stroke
newpath -84.25 40.25 moveto
-84.7 39.01 -84.94 38 -85.26 37.33 curveto stroke
newpath -85.26 37.33 moveto
-85.41 36.9 -85.39 36.77 -85.42 36.65 curveto
-85.46 36.53 -85.54 36.42 -85.6 36.31 curveto
-85.81 35.89 lineto
-85.99 35.53 lineto
-86.05 35.44 -86.12 35.34 -86.18 35.25 curveto
-86.9 34.2 -87.59 33.03 -88.6 32.26 curveto
-88.73 32.17 -88.84 32.05 -88.31 32.64 curveto stroke
newpath -88.31 32.64 moveto
-89.66 28.74 -90.33 26.96 -90.96 25.23 curveto
-91.09 24.86 -91.22 24.49 -91.4 24.15 curveto stroke
newpath -91.4 24.15 moveto
-92.17 23.41 -92.22 21.32 -93.43 20.3 curveto
-94.14 19.71 -95.3 20.57 -96.23 20.89 curveto stroke
newpath -96.23 20.89 moveto
-96.53 21.01 -96.82 21.15 -97.11 21.3 curveto
-97.39 21.44 -97.66 21.6 -97.93 21.75 curveto stroke
newpath -97.93 21.75 moveto
-100.43 22.58 -103.22 23.49 -106.02 23.62 curveto
-106.36 23.64 -106.72 23.63 -107.07 23.65 curveto
-108.35 23.72 -109.81 24.12 -111.06 23.62 curveto
-113.73 22.55 -116.24 20.63 -119.07 20 curveto
-119.37 19.94 -119.69 19.93 -119.98 19.83 curveto
-120.48 19.67 -121.37 19.23 -121.31 18.53 curveto
-121.28 18.23 -120.59 17.97 -120.82 17.79 curveto
-121.07 17.59 -121.38 18.1 -120.03 17.25 curveto stroke
newpath -120.03 17.25 moveto
-118.73 17.62 -117.33 17.74 -116.03 18.05 curveto
-113.75 18.58 -111.34 19.73 -108.95 19.66 curveto
-107.5 19.62 -106.12 18.77 -104.67 18.6 curveto
-103.27 18.44 -101.72 18.55 -100.38 17.98 curveto
-100.1 17.86 -99.83 17.71 -98.16 17.12 curveto stroke
newpath -98.16 17.12 moveto
-98.41 17.11 -98.38 17.09 -98.34 17.07 curveto
-98.29 17.04 -98.24 17 -98.19 16.98 curveto
-98.12 16.94 -98.06 16.92 -97.99 16.89 curveto
-97.4 16.67 -96.97 16.13 -96.25 16.23 curveto stroke
newpath -96.25 16.23 moveto
-94.97 15.76 -93.89 14.78 -92.75 14.05 curveto
-92.71 14.02 -90.94 12.89 -90.93 12.87 curveto
-90.78 12.58 -91.05 12.23 -91.07 11.91 curveto
-91.08 11.6 -90.97 11.29 -91.04 11 curveto
-91.29 9.98 -92.32 9.28 -93.15 8.77 curveto stroke
newpath -93.15 8.77 moveto
-94.52 8.5 -95.78 8.38 -96.69 8.97 curveto
-97.85 9.72 -98.88 10.86 -100.2 11.3 curveto
-100.23 11.31 -100.27 11.33 -100.31 11.34 curveto
-102.01 11.48 -103.24 9.25 -103.59 8.22 curveto stroke
newpath -103.59 8.22 moveto
-103.7 7.68 -103.93 7.05 -104.41 6.7 curveto
-104.65 6.52 -104.91 6.37 -105.19 6.29 curveto stroke
newpath -105.19 6.29 moveto
-107.5 7.19 -109.07 8.06 -110.7 8.5 curveto
-113.03 9.13 -115.88 9.43 -118.29 9.12 curveto
-119.34 8.98 -120.25 8.29 -121.2 7.93 curveto
-121.51 7.81 -122.13 7.99 -122.16 7.67 curveto
-122.19 7.28 -121.59 7.15 -121.3 6.89 curveto stroke
newpath -121.3 6.89 moveto
-121.68 7.36 -123.79 6.2 -125.12 4.39 curveto
-125.7 3.62 -125.95 2.56 -126.61 1.8 curveto
-126.91 1.46 -127.24 1.15 -127.55 0.82 curveto stroke
newpath -127.55 0.82 moveto
-127.18 1.19 -127.99 -0.94 -127.77 -2.97 curveto
-127.57 -4.77 -126.65 -6.92 -126.43 -7.26 curveto stroke
newpath -126.43 -7.26 moveto
-125.8 -7.37 -125.05 -7.38 -124.44 -7.1 curveto
-124.34 -7.05 -122.63 -6.02 -120.67 -4.68 curveto stroke
newpath -120.67 -4.68 moveto
-118.91 -2.91 -116.98 -1.15 -114.82 0.13 curveto stroke
newpath -114.82 0.13 moveto
-112.67 -0.37 -110.98 0.65 -110.87 1.96 curveto stroke
newpath -110.87 1.96 moveto
-109.4 1.8 -107.84 1.83 -106.4 1.47 curveto
-104.24 0.93 -102.22 -0.38 -100.05 -0.78 curveto
-98.96 -0.98 -97.8 -0.77 -97.33 -1.03 curveto stroke
newpath -97.33 -1.03 moveto
-94.5 0.28 -92.15 2.68 -90.06 4.02 curveto stroke
newpath -90.06 4.02 moveto
-89.76 4.19 -89.42 4.3 -89.1 4.42 curveto
-88.78 4.54 -88.46 4.65 -88.13 4.72 curveto
-87.79 4.78 -87.43 4.79 -87.08 4.81 curveto
-86.72 4.84 -86.36 4.96 -86.01 4.88 curveto
-84.52 4.54 -83.28 2.58 -82.49 1.42 curveto
-82.29 1.12 -82.14 0.78 -81.98 0.46 curveto
-81.66 -0.16 -81.46 -0.89 -81.36 -1.62 curveto stroke
newpath -81.36 -1.62 moveto
-81.26 -1.35 -80.88 -1.44 -80.6 -1.67 curveto
-80.1 -2.07 -79.93 -2.77 -79.54 -3.23 curveto
-79.13 -3.7 -78.55 -4 -78.14 -4.46 curveto
-77.95 -4.67 -77.87 -5.01 -77.62 -5.15 curveto
-77.36 -5.29 -77.02 -5.3 -76.73 -5.24 curveto
-75.27 -4.92 -74.3 -3.08 -74.18 -1.71 curveto
-74.14 -1.31 -74.14 -0.91 -74.18 -0.51 curveto
-74.3 0.43 -74.43 1.39 -74.6 2.33 curveto
-74.66 2.66 -74.71 2.99 -74.88 3.64 curveto stroke
newpath -74.88 3.64 moveto
-75.1 4.32 -75.08 5.09 -75.42 5.71 curveto
-75.63 6.1 -75.98 6.38 -76.32 6.66 curveto
-76.84 7.07 -77.62 7.05 -78.11 7.5 curveto
-78.69 8.03 -78.75 8.94 -79.69 9.57 curveto stroke
newpath -79.69 9.57 moveto
-78.52 10.59 -77.62 11.97 -76.45 12.99 curveto
-76.13 13.27 -75.8 13.52 -75.48 13.77 curveto
-75.14 14.04 -74.81 14.31 -74.47 14.55 curveto
-73.83 15.01 -73.01 15.18 -72.41 15.69 curveto
-72.13 15.93 -72.07 16.34 -71.82 16.62 curveto
-71.56 16.92 -71.24 17.17 -70.9 17.39 curveto
-69.85 18.08 -68.04 19.02 -66.78 19.14 curveto
-65.54 19.26 -64.27 18.91 -64.65 18.9 curveto stroke
newpath -64.65 18.9 moveto
-62.97 19.24 -60.98 18.18 -59.78 17.07 curveto
-59.53 16.84 -59.36 16.54 -59.11 16.31 curveto
-58.11 15.42 -56.96 14.61 -55.99 13.67 curveto
-55.76 13.44 -55.53 13.21 -55.54 13.35 curveto stroke
newpath -55.54 13.35 moveto
-55.54 13.01 -55.66 12.66 -55.55 12.33 curveto
-55.32 11.66 -54.69 11.21 -54.29 10.62 curveto
-54.07 10.29 -53.83 9.97 -53.63 9.63 curveto
-53.49 9.39 -53.36 9.14 -53.27 8.87 curveto
-53.19 8.67 -52.82 7.23 -52.79 7 curveto
-52.58 5.71 -52.62 4.29 -53.05 3.05 curveto
-53.26 2.43 -53.59 1.81 -55.24 -0.68 curveto stroke
newpath -55.24 -0.68 moveto
-55.93 -1.76 -56.12 -3.13 -56.83 -4.77 curveto stroke
newpath -56.83 -4.77 moveto
-56.78 -5.62 -56.51 -6.5 -56.12 -7.25 curveto
-55.97 -7.53 -55.78 -7.79 -55.7 -8.09 curveto
-55.29 -9.57 -55.33 -11.34 -55.09 -12.86 curveto
-55.01 -13.33 -55.02 -13.81 -54.92 -14.27 curveto
-54.6 -15.89 -54.03 -17.54 -53.94 -19.21 curveto
-53.93 -19.5 -53.99 -19.79 -54 -20.08 curveto
-54.03 -20.77 -54.02 -21.52 -54.11 -22.29 curveto
-54.16 -22.7 -54.41 -23.11 -54.31 -23.51 curveto
-54.23 -23.81 -53.86 -23.94 -53.65 -24.16 curveto
-53.43 -24.39 -53.3 -24.71 -53.03 -24.86 curveto
-52.1 -25.36 -50.13 -25.67 -49.3 -24.8 curveto
-48.96 -24.44 -48.74 -23.39 -48.58 -22.98 curveto
-48.16 -21.83 -47.31 -20.82 -46.92 -19.66 curveto
-46.36 -17.99 -45.92 -15.54 -44.1 -14.68 curveto
-43.82 -14.55 -43.5 -14.56 -42.98 -14.1 curveto stroke
newpath -42.98 -14.1 moveto
-41.59 -16.42 -40.49 -19.01 -39.18 -21.39 curveto
-38.84 -22.02 -38.39 -22.59 -38.13 -23.26 curveto
-38.01 -23.58 -37.75 -24 -37.94 -24.29 curveto
-38.11 -24.55 -38.56 -24.36 -37.99 -25.8 curveto stroke
newpath 42.77 64.3 moveto
42.92 65.47 44.54 66.35 45.4 66.77 curveto
47.66 67.86 50.32 68.6 52.21 70.33 curveto stroke
newpath 52.01 70.21 moveto
52.28 70.54 53.01 71.36 53.52 71.25 curveto
53.74 71.21 53.93 71 54.17 70.96 curveto
54.29 70.93 54.41 70.88 54.53 70.85 curveto
54.81 70.61 55.42 70.34 55.34 69.88 curveto
55.26 69.45 54.77 68.71 54.57 68.29 curveto
54.52 68.16 54.47 68.03 54.38 67.93 curveto
54.13 67.65 53.67 67.43 53.38 67.21 curveto
53.07 66.97 52.62 66.81 52.27 66.67 curveto
51.22 66.25 50.19 65.71 49.21 65.3 curveto stroke
newpath 49.21 65.3 moveto
47.8 64 46.66 63.07 45.43 62.37 curveto
44.99 62.11 44.37 62.28 43.68 62.36 curveto stroke
newpath 43.68 62.36 moveto
43.06 62.75 43.34 63.92 42.77 64.3 curveto stroke
newpath -3.99 15.63 moveto
-3.76 16.1 -3.38 16.66 -3.5 17.22 curveto
-3.61 17.77 -4.22 18.24 -4.66 18.52 curveto
-4.8 18.55 -4.95 18.58 -5.09 18.62 curveto
-5.48 18.72 -6.04 19.43 -6.39 19.35 curveto
-6.74 19.27 -6.91 18.71 -6.91 18.21 curveto stroke
newpath -6.91 18.21 moveto
-6.26 17.65 -6.63 16.3 -6 15.58 curveto
-5.5 15.02 -4.55 15.66 -4.09 15.91 curveto stroke
newpath -74.88 14.55 moveto
-74.2 14.9 -73.49 15.23 -72.79 15.53 curveto stroke
 0.24501 0 dtransform exch truncate exch idtransform pop setlinewidth
newpath 54.48 100.06 moveto
54.64 100.6 54.56 101.2 54.56 101.77 curveto stroke
showpage
%%EOF
