%!PS
%%BoundingBox: -75 -73 75 83 
%%HiResBoundingBox: -74.49667 -72.69565 74.49667 82.34666 
%%Creator: MetaPost 1.209
%%CreationDate: 2018.11.10:1625
%%Pages: 1
%%BeginProlog
%%EndProlog
%%Page: 1 1
 0 0 0 setrgbcolor 0 0.33333 dtransform truncate idtransform setlinewidth pop
 [] 0 setdash 1 setlinecap 1 setlinejoin 10 setmiterlimit
newpath -53.83 -64.76 moveto
-54.26 -64.18 -55.84 -61.69 -56.32 -60.78 curveto
-56.8 -59.86 -58.24 -57.22 -57.9 -56.02 curveto
-57.57 -54.82 -56.08 -52.66 -55.6 -52.08 curveto
-55.12 -51.51 -52.24 -49.78 -51.52 -48.92 curveto
-50.8 -48.05 -49.7 -46.04 -49.89 -44.65 curveto
-50.08 -43.26 -49.89 -42.15 -50.18 -41.53 curveto
-50.47 -40.91 -50.94 -39.85 -50.94 -39.85 curveto
-50.94 -39.85 -48.01 -38.25 -46.58 -36.44 curveto
-44.85 -34.25 -42.76 -31.13 -42.76 -31.13 curveto
-42.76 -31.13 -39.66 -26.05 -38.55 -24.29 curveto
-37.61 -22.8 -35.4 -20.01 -32.19 -17.66 curveto
-30.7 -16.58 -24.07 -13.15 -22.83 -12.43 curveto
-21.58 -11.71 -14.76 -8.98 -11.98 -8.59 curveto
-9.19 -8.21 -4.44 -7.15 -4.06 -7.3 curveto
-3.67 -7.44 -1.1 -10.92 -0.27 -11.95 curveto
0.74 -13.2 2.42 -15 6.79 -14.55 curveto
11.44 -14.07 15.63 -11.48 16.57 -8.98 curveto
17.82 -5.67 20.12 0.23 20.94 2.77 curveto
21.36 4.1 20.03 6.97 18.35 9.11 curveto
17.29 10.46 16.91 12.62 17.77 14.15 curveto
18.64 15.69 22.58 18.52 23.01 20.54 curveto
23.45 22.55 22.73 24.04 23.74 25.34 curveto
24.75 26.63 27.43 29.8 27.15 31.19 curveto
26.86 32.59 26.67 34.75 27.91 35.66 curveto
29.16 36.57 33.63 40.82 34.54 42.12 curveto
35.45 43.41 39.74 48.94 40.47 49.56 curveto
44.65 53.11 50.12 54.99 51.13 55.42 curveto
52.13 55.86 56.19 58.62 56.96 59.58 curveto
57.72 60.54 63.69 63.89 64.87 64.28 curveto
67.25 65.07 68.52 68.36 68.91 69.13 curveto
69.29 69.89 69.87 71.54 71.21 72.01 curveto
72.46 72.44 73.65 73.25 72.84 74.36 curveto
72.31 75.08 71.16 77.43 71.16 78.53 curveto
71.16 79.64 72.79 80.17 73.18 80.26 curveto
73.56 80.36 74.19 80.55 74.19 80.55 curveto stroke
 0 0 1 setrgbcolor 0 0.23332 dtransform truncate idtransform setlinewidth pop
newpath -53.83 -64.76 moveto
-54.26 -64.18 -55.84 -61.69 -56.32 -60.78 curveto
-56.8 -59.86 -58.24 -57.22 -57.9 -56.02 curveto
-57.57 -54.82 -56.08 -52.66 -55.6 -52.08 curveto
-55.12 -51.51 -52.24 -49.78 -51.52 -48.92 curveto
-50.8 -48.05 -49.7 -46.04 -49.89 -44.65 curveto
-50.08 -43.26 -49.89 -42.15 -50.18 -41.53 curveto
-50.47 -40.91 -50.94 -39.85 -50.94 -39.85 curveto
-50.94 -39.85 -48.01 -38.25 -46.58 -36.44 curveto
-44.85 -34.25 -42.76 -31.13 -42.76 -31.13 curveto
-42.76 -31.13 -39.66 -26.05 -38.55 -24.29 curveto
-37.61 -22.8 -35.4 -20.01 -32.19 -17.66 curveto
-30.7 -16.58 -24.07 -13.15 -22.83 -12.43 curveto
-21.58 -11.71 -14.76 -8.98 -11.98 -8.59 curveto
-9.19 -8.21 -4.44 -7.15 -4.06 -7.3 curveto
-3.67 -7.44 -1.1 -10.92 -0.27 -11.95 curveto
0.74 -13.2 2.42 -15 6.79 -14.55 curveto
11.44 -14.07 15.63 -11.48 16.57 -8.98 curveto
17.82 -5.67 20.12 0.23 20.94 2.77 curveto
21.36 4.1 20.03 6.97 18.35 9.11 curveto
17.29 10.46 16.91 12.62 17.77 14.15 curveto
18.64 15.69 22.58 18.52 23.01 20.54 curveto
23.45 22.55 22.73 24.04 23.74 25.34 curveto
24.75 26.63 27.43 29.8 27.15 31.19 curveto
26.86 32.59 26.67 34.75 27.91 35.66 curveto
29.16 36.57 33.63 40.82 34.54 42.12 curveto
35.45 43.41 39.74 48.94 40.47 49.56 curveto
44.65 53.12 50.12 54.99 51.13 55.42 curveto
52.13 55.86 56.19 58.62 56.96 59.58 curveto
57.72 60.54 63.69 63.89 64.87 64.28 curveto
67.25 65.07 68.52 68.36 68.91 69.13 curveto
69.29 69.89 69.87 71.54 71.21 72.01 curveto
72.46 72.44 73.65 73.25 72.84 74.36 curveto
72.31 75.08 71.16 77.43 71.16 78.53 curveto
71.16 79.64 72.79 80.17 73.18 80.26 curveto
73.56 80.36 74.19 80.55 74.19 80.55 curveto stroke
 1 0 0 setrgbcolor
newpath -53.83 -64.75 moveto
-54.26 -64.18 -55.85 -61.68 -56.33 -60.77 curveto
-56.81 -59.86 -58.25 -57.22 -57.91 -56.02 curveto
-57.57 -54.82 -56.09 -52.66 -55.61 -52.08 curveto
-55.13 -51.51 -52.25 -49.78 -51.53 -48.91 curveto
-50.81 -48.05 -49.7 -46.03 -49.89 -44.64 curveto
-50.09 -43.25 -49.89 -42.15 -50.18 -41.52 curveto
-50.47 -40.9 -50.94 -39.84 -50.94 -39.84 curveto
-50.94 -39.84 -48.02 -38.25 -46.58 -36.43 curveto
-44.85 -34.25 -42.77 -31.13 -42.77 -31.13 curveto
-42.77 -31.13 -39.65 -26.06 -38.54 -24.29 curveto
-37.61 -22.8 -35.4 -20.02 -32.18 -17.67 curveto
-30.7 -16.58 -24.07 -13.15 -22.82 -12.43 curveto
-21.57 -11.71 -14.76 -8.98 -11.97 -8.59 curveto
-9.19 -8.21 -4.44 -7.15 -4.05 -7.3 curveto
-3.67 -7.44 -1.1 -10.92 -0.26 -11.95 curveto
0.75 -13.2 2.42 -15 6.79 -14.54 curveto
11.45 -14.06 15.64 -11.48 16.59 -8.98 curveto
17.83 -5.66 20.14 0.24 20.95 2.78 curveto
21.38 4.11 20.05 6.97 18.36 9.12 curveto
17.31 10.46 16.92 12.62 17.79 14.16 curveto
18.65 15.7 22.59 18.53 23.02 20.54 curveto
23.45 22.56 22.73 24.05 23.74 25.34 curveto
24.75 26.64 27.43 29.81 27.15 31.2 curveto
26.86 32.59 26.67 34.75 27.91 35.67 curveto
29.16 36.58 33.63 40.83 34.54 42.12 curveto
35.45 43.42 39.74 48.94 40.47 49.56 curveto
44.64 53.11 50.11 54.99 51.12 55.42 curveto
52.13 55.85 56.19 58.61 56.95 59.57 curveto
57.72 60.53 63.69 63.88 64.87 64.27 curveto
67.25 65.07 68.52 68.35 68.9 69.12 curveto
69.29 69.89 69.87 71.54 71.21 72 curveto
72.46 72.43 73.65 73.25 72.84 74.35 curveto
72.31 75.07 71.16 77.43 71.16 78.53 curveto
71.16 79.63 72.79 80.16 73.18 80.26 curveto
73.56 80.35 74.18 80.55 74.18 80.55 curveto stroke
 0 0 0 setrgbcolor 0 0.11667 dtransform truncate idtransform setlinewidth pop
newpath 42.19 70.85 moveto
42.69357 71.02873 43.11887 70.69293 42.96829 70.38223 curveto
42.81573 70.06744 43.17455 69.7853 43.2 69.46 curveto
43.2 69.46 lineto stroke
newpath 42.41052 70.53448 moveto
42.54976 70.48389 42.64171 70.37195 42.63301 70.22336 curveto
42.61252 69.87415 43.052 69.7508 43.2 69.46 curveto
43.2 69.46 lineto
43.2 69.46 lineto
43.30096 69.77026 43.07745 70.16824 43.33885 70.4007 curveto
43.45009 70.4996 43.46422 70.64377 43.40155 70.77802 curveto
 closepath stroke
newpath 42.41052 70.53448 moveto
42.54976 70.48389 42.64171 70.37195 42.63301 70.22336 curveto
42.61252 69.87415 43.052 69.7508 43.2 69.46 curveto
43.2 69.46 lineto
43.2 69.46 lineto
43.30096 69.77026 43.07745 70.16824 43.33885 70.4007 curveto
43.45009 70.4996 43.46422 70.64377 43.40155 70.77802 curveto
 closepath fill
 0 0.33333 dtransform truncate idtransform setlinewidth pop
newpath 74.33 82.18 moveto
73.75 81.99 69.91 81.13 68.76 80.55 curveto
67.61 79.97 63.77 78.73 62.67 78.49 curveto
61.56 78.25 58.73 76.33 58.16 75.75 curveto
57.58 75.17 52.01 72.58 50.76 72.1 curveto
49.52 71.62 46.35 71 45.58 70.95 curveto
44.81 70.9 41.93 72.29 41.21 69.99 curveto
40.49 67.68 39.87 62.98 39.77 62.16 curveto
39.67 61.34 37.85 58.27 36.94 57.65 curveto
36.03 57.02 34.88 56.16 33.24 55.73 curveto
31.61 55.29 27.96 55.2 28.4 53.66 curveto
28.83 52.13 29.02 50.73 28.06 50.11 curveto
27.1 49.49 24.51 46.46 22.97 43.2 curveto
21.43 39.93 19.08 36.84 18.27 35.37 curveto
17.43 33.87 15.36 30.74 10.29 28.68 curveto
5.28 26.64 -1.8 22.97 -4.01 21.43 curveto
-6.22 19.9 -6.98 18.1 -7.65 15.07 curveto
-8.33 12.05 -9.14 8.69 -10.68 7.54 curveto
-12.22 6.39 -19.85 1.68 -20.95 0.19 curveto
-22.06 -1.29 -29.74 -6.86 -31.03 -7.73 curveto
-32.33 -8.59 -37.08 -10.7 -38.47 -11.52 curveto
-39.86 -12.33 -43.99 -16.46 -45.05 -18 curveto
-46.1 -19.53 -47.97 -21.37 -49.47 -21.5 curveto
-51.1 -21.64 -54.89 -22.55 -56.24 -23.08 curveto
-57.58 -23.61 -61.28 -26.93 -61.28 -26.93 curveto
-61.28 -26.93 -60.13 -28.46 -59.89 -29.33 curveto
-59.67 -30.11 -58.49 -31.54 -57.92 -32.02 curveto
-57.34 -32.5 -53.93 -34.76 -53.93 -34.95 curveto
-53.93 -35.96 -54.21 -38.22 -54.55 -38.99 curveto
-54.88 -39.75 -55.99 -40.14 -56.94 -40.95 curveto
-57.9 -41.77 -60.25 -44.45 -60.64 -45.6 curveto
-61.02 -46.75 -60.93 -48.48 -61.89 -50.16 curveto
-62.6 -51.4 -63.38 -52.56 -63.67 -54.33 curveto
-63.95 -56.11 -64.63 -56.06 -66.02 -57.26 curveto
-67.41 -58.46 -69.48 -59.42 -70.44 -60.91 curveto
-71.4 -62.4 -72.79 -65.09 -73.08 -66.05 curveto
-73.37 -67.01 -74.33 -72 -74.33 -72 curveto
-74.33 -72 -74.23 -72.72 -73.8 -72.48 curveto stroke
 0 0 1 setrgbcolor 0 0.23332 dtransform truncate idtransform setlinewidth pop
newpath 74.33 82.18 moveto
73.75 81.99 69.91 81.13 68.76 80.55 curveto
67.61 79.97 63.77 78.73 62.67 78.49 curveto
61.56 78.25 58.73 76.33 58.16 75.75 curveto
57.58 75.17 52.01 72.58 50.76 72.1 curveto
49.52 71.62 46.35 71 45.58 70.95 curveto
44.81 70.9 41.93 72.29 41.21 69.99 curveto
40.49 67.68 39.87 62.98 39.77 62.16 curveto
39.67 61.34 37.85 58.27 36.94 57.65 curveto
36.03 57.02 34.88 56.16 33.24 55.73 curveto
31.61 55.29 27.96 55.2 28.4 53.66 curveto
28.83 52.13 29.02 50.73 28.06 50.11 curveto
27.1 49.49 24.51 46.46 22.97 43.2 curveto
21.43 39.93 19.08 36.84 18.27 35.37 curveto
17.43 33.87 15.36 30.74 10.29 28.68 curveto
5.28 26.64 -1.8 22.97 -4.01 21.43 curveto
-6.22 19.9 -6.98 18.1 -7.65 15.07 curveto
-8.33 12.05 -9.14 8.69 -10.68 7.54 curveto
-12.21 6.39 -19.85 1.68 -20.95 0.19 curveto
-22.06 -1.29 -29.74 -6.86 -31.03 -7.73 curveto
-32.33 -8.59 -37.08 -10.7 -38.47 -11.52 curveto
-39.86 -12.33 -43.99 -16.46 -45.05 -18 curveto
-46.1 -19.53 -47.97 -21.37 -49.47 -21.5 curveto
-51.1 -21.64 -54.89 -22.55 -56.24 -23.08 curveto
-57.58 -23.61 -61.28 -26.93 -61.28 -26.93 curveto
-61.28 -26.93 -60.13 -28.46 -59.89 -29.33 curveto
-59.67 -30.11 -58.49 -31.54 -57.92 -32.02 curveto
-57.34 -32.5 -53.93 -34.76 -53.93 -34.95 curveto
-53.93 -35.96 -54.21 -38.22 -54.55 -38.99 curveto
-54.88 -39.75 -55.99 -40.14 -56.94 -40.95 curveto
-57.9 -41.77 -60.25 -44.45 -60.64 -45.6 curveto
-61.02 -46.75 -60.93 -48.48 -61.89 -50.16 curveto
-62.6 -51.4 -63.38 -52.56 -63.67 -54.33 curveto
-63.95 -56.11 -64.63 -56.06 -66.02 -57.26 curveto
-67.41 -58.46 -69.48 -59.42 -70.44 -60.91 curveto
-71.4 -62.4 -72.79 -65.09 -73.08 -66.05 curveto
-73.37 -67.01 -74.33 -72 -74.33 -72 curveto
-74.33 -72 -74.23 -72.72 -73.8 -72.48 curveto stroke
 1 0 0 setrgbcolor
newpath 74.33 82.18 moveto
73.75 81.99 69.91 81.12 68.76 80.55 curveto
67.61 79.97 63.77 78.72 62.66 78.48 curveto
61.56 78.24 58.73 76.32 58.15 75.75 curveto
57.58 75.17 52.01 72.58 50.76 72.1 curveto
49.51 71.62 46.34 70.99 45.58 70.95 curveto
44.81 70.9 41.93 72.29 41.21 69.99 curveto
40.49 67.68 39.86 62.98 39.77 62.16 curveto
39.67 61.35 37.85 58.27 36.94 57.65 curveto
36.02 57.03 34.87 56.16 33.24 55.73 curveto
31.61 55.3 27.96 55.2 28.39 53.67 curveto
28.82 52.13 29.02 50.74 28.06 50.11 curveto
27.1 49.49 24.5 46.47 22.97 43.2 curveto
21.43 39.94 19.08 36.84 18.27 35.38 curveto
17.43 33.88 15.36 30.74 10.3 28.68 curveto
5.29 26.64 -1.8 22.97 -4.01 21.43 curveto
-6.21 19.9 -6.98 18.1 -7.65 15.07 curveto
-8.33 12.05 -9.14 8.69 -10.68 7.54 curveto
-12.21 6.38 -19.85 1.68 -20.95 0.19 curveto
-22.05 -1.3 -29.73 -6.87 -31.03 -7.73 curveto
-32.33 -8.59 -37.08 -10.71 -38.47 -11.52 curveto
-39.86 -12.34 -43.99 -16.47 -45.05 -18 curveto
-46.1 -19.54 -47.96 -21.37 -49.46 -21.51 curveto
-51.09 -21.65 -54.89 -22.56 -56.23 -23.09 curveto
-57.57 -23.62 -61.27 -26.93 -61.27 -26.93 curveto
-61.27 -26.93 -60.12 -28.47 -59.88 -29.33 curveto
-59.66 -30.12 -58.49 -31.54 -57.91 -32.02 curveto
-57.33 -32.5 -53.93 -34.75 -53.93 -34.95 curveto
-53.93 -35.95 -54.21 -38.21 -54.55 -38.98 curveto
-54.89 -39.75 -55.99 -40.13 -56.95 -40.95 curveto
-57.91 -41.76 -60.26 -44.45 -60.65 -45.6 curveto
-61.03 -46.75 -60.93 -48.48 -61.89 -50.16 curveto
-62.6 -51.4 -63.38 -52.56 -63.67 -54.34 curveto
-63.96 -56.11 -64.63 -56.07 -66.02 -57.27 curveto
-67.41 -58.47 -69.48 -59.43 -70.44 -60.91 curveto
-71.4 -62.4 -72.79 -65.09 -73.08 -66.05 curveto
-73.37 -67.01 -74.33 -72 -74.33 -72 curveto
-74.33 -72 -74.23 -72.72 -73.8 -72.48 curveto stroke
 0 0 0 setrgbcolor 0 3.98505 dtransform truncate idtransform setlinewidth pop
newpath -49.65 -37.95 moveto 0 0 rlineto stroke
newpath -49.94 -37.35 moveto 0 0 rlineto stroke
 0 0.23332 dtransform truncate idtransform setlinewidth pop
newpath -49.65 -37.95 moveto
-49.94 -37.35 lineto stroke
 1 0.85 0 setrgbcolor 0 3.98505
 dtransform truncate idtransform setlinewidth pop
newpath -49.65 -37.95 moveto 0 0 rlineto stroke
newpath -49.94 -37.35 moveto 0 0 rlineto stroke
 0 0.23332 dtransform truncate idtransform setlinewidth pop
newpath -49.65 -37.95 moveto
-49.65 -37.95 lineto
-49.94 -37.35 lineto
-49.94 -37.35 lineto stroke
showpage
%%EOF
