%!PS
%%BoundingBox: -215 -197 212 197 
%%HiResBoundingBox: -214.05576 -196.25252 211.16133 196.25252 
%%Creator: MetaPost 1.209
%%CreationDate: 2019.09.26:1811
%%Pages: 1
%%BeginProlog
%%EndProlog
%%Page: 1 1
 0 0 0 setrgbcolor 0 0.24501 dtransform truncate idtransform setlinewidth pop
 [] 0 setdash 1 setlinecap 1 setlinejoin 10 setmiterlimit
newpath 17.87 31.32 moveto
18.12 29.54 19.03 23.89 16.47 21.78 curveto
13.92 19.67 3.21 8.46 1.46 7 curveto
-0.29 5.54 -6.85 -1.17 -14.83 -3.27 curveto
-20.9 -4.87 -41.53 -14.41 -43.65 -15.04 curveto
-45.76 -15.66 -58.18 -24.49 -60.91 -24.73 curveto
-63.63 -24.97 -77.67 -26.37 -80.36 -27.04 curveto
-83.05 -27.72 -115.64 -31.93 -117.79 -32.12 curveto
-119.94 -32.31 -141.26 -36.39 -147.25 -38.94 curveto
-153.24 -41.5 -169.64 -48.9 -174.41 -53.8 curveto
-179.18 -58.71 -190.41 -72.15 -191.18 -74.82 curveto
-191.95 -77.49 -201.89 -95.72 -202.16 -99.22 curveto
-202.42 -102.71 -207.09 -120.04 -207.24 -123.23 curveto
-207.39 -126.42 -209.12 -132.94 -209.85 -136.04 curveto
-210.59 -139.14 -213.44 -147.64 -213.44 -147.64 curveto stroke
newpath -213.44 -147.64 moveto
-214.12 -149.72 -214.16 -154.2 -213.16 -157.3 curveto
-212.16 -160.39 -211.53 -165.82 -208.77 -166.01 curveto
-206 -166.2 -204.25 -166.47 -202.79 -169.81 curveto
-201.34 -173.15 -199.86 -178.37 -200.02 -179.83 curveto stroke
newpath -162.42 -196.13 moveto
-161.68 -193.17 -161.53 -175.38 -162.35 -172.71 curveto
-163.16 -170.03 -165.13 -154.45 -164.93 -150.24 curveto
-164.73 -146.03 -159.36 -125.17 -158 -122.59 curveto
-156.64 -120.01 -150 -100.48 -146.86 -95.15 curveto
-143.73 -89.81 -129.97 -80.34 -126.51 -78.59 curveto
-123.05 -76.83 -108.49 -69.89 -102.73 -69.67 curveto
-96.96 -69.44 -76.77 -68.94 -71.87 -67.06 curveto
-66.98 -65.17 -46.84 -54.41 -41.12 -52.02 curveto
-35.41 -49.63 -18.14 -45.49 -11.81 -45.21 curveto
-5.47 -44.94 4.02 -41.2 7.29 -37.29 curveto
10.55 -33.39 21.56 -23.88 23.36 -23 curveto
25.16 -22.11 28.42 -21.39 28.69 -24.4 curveto
28.96 -27.41 28.65 -35.25 28.65 -35.25 curveto stroke
newpath 63.06 -23.94 moveto
62.88 -21.93 61.24 -14.85 61.93 -11.32 curveto
62.63 -7.79 62.35 0.14 67.09 2.15 curveto
71.83 4.17 76.91 10.4 79.32 12.64 curveto
81.72 14.88 92.69 24.96 95.75 26.39 curveto
98.81 27.82 102.3 30.88 104.11 30.18 curveto
105.92 29.48 106.15 28.49 106.47 26.64 curveto stroke
newpath 113.1 28.7 moveto
113.33 31.04 113.07 32.31 115.78 32.86 curveto
118.49 33.4 125.26 33.91 127.61 33.56 curveto
129.96 33.21 130.87 34.31 132.41 33.3 curveto
133.95 32.3 133.68 30.54 134.12 28.85 curveto stroke
newpath 159.37 37.31 moveto
159.19 39.32 158.36 40.54 160.73 43.08 curveto
163.1 45.61 165.64 51.05 167.46 53.25 curveto
169.28 55.44 171.27 58.94 173.09 57.94 curveto
174.91 56.94 176.72 54.5 177.02 52.79 curveto
177.31 51.09 179.26 47.07 178.64 44.27 curveto
178.03 41.47 177.28 40.1 176.36 39.15 curveto stroke
newpath 181.96 26.49 moveto
183.93 27.1 186.1 30.33 187.44 29.87 curveto
188.78 29.41 188.51 27.65 188.96 25.81 curveto
189.41 23.97 191.79 15.08 191.78 13.63 curveto
191.76 12.18 190.37 -6.16 189.81 -9.53 curveto stroke
newpath 205.86 -12.8 moveto
206.04 -10.76 205.8 3.1 205.41 5.88 curveto
205.01 8.67 206.05 14.83 208.49 15.84 curveto
210.93 16.86 211.5 21.89 210.7 24.35 curveto
209.9 26.81 205.68 32.07 204.63 34.08 curveto
203.58 36.08 196.49 50.84 195.53 52.64 curveto
194.58 54.43 191.42 65.57 190.53 67.44 curveto
189.64 69.32 187.76 75.79 190.28 78.25 curveto
192.81 80.72 193.19 85.37 193.59 86.57 curveto
193.99 87.76 195.4 92.22 195.8 94.28 curveto
196.2 96.34 199.16 104.49 199.24 106.88 curveto
199.32 109.27 201.3 120.3 199.16 124.09 curveto
197.02 127.87 195.07 133.49 193.74 136.19 curveto
192.41 138.89 189.77 142.49 187.4 143.94 curveto
185.03 145.39 182.25 149.69 180.87 151.45 curveto
179.48 153.2 176.52 157.2 175.24 159.33 curveto
173.97 161.45 169.03 168.31 168.48 168.76 curveto stroke
newpath 168.48 168.76 moveto
168.48 168.76 167.15 171.54 166.76 172.73 curveto
166.36 173.93 164.69 178.99 165.49 179.71 curveto
166.29 180.43 167.8 181.36 166.95 182.81 curveto
166.1 184.25 164.95 186.53 164.93 187.54 curveto
164.91 188.55 163.43 194.55 162.5 196.13 curveto stroke
newpath 160.07 194.25 moveto
160.58 193.43 160.17 189.93 159.12 188.83 curveto
158.06 187.73 155.24 186.9 155.9 184.36 curveto
156.56 181.81 158.2 176.32 157.79 174.4 curveto
157.38 172.48 159.52 162.98 160.34 161.9 curveto
161.16 160.82 164.56 155.19 166.01 153.44 curveto
167.47 151.69 170.77 147.07 172.52 145.35 curveto
174.27 143.63 178.58 137.5 179.07 135.23 curveto
179.56 132.97 180.41 128.42 181.31 124.74 curveto
182.22 121.06 181.27 118.66 181.28 115.34 curveto
181.28 112.01 180.82 110.67 180.12 108.87 curveto
179.41 107.07 176.31 105.7 174.59 105.55 curveto stroke
newpath 174.59 105.55 moveto
173.49 106.46 170.72 111.23 169.61 112.16 curveto
164.38 116.53 160.23 125.42 159.14 128.18 curveto
157.81 131.55 155.61 132.28 153.39 134.54 curveto
151.16 136.79 145.2 143.64 145.2 143.64 curveto stroke
newpath 72.31 107.76 moveto
72.86 106.5 78.88 97.78 79.87 94.42 curveto
80.63 91.83 86.28 73.37 86.35 71.06 curveto
86.42 68.76 85.57 60.76 74.73 52.57 curveto
63.9 44.38 55.85 38.77 51.95 37.12 curveto
48.05 35.47 42.29 33.94 40.32 33.33 curveto
38.35 32.72 29.86 28.9 27.84 30.46 curveto stroke
newpath 27.84 30.46 moveto
26.53 31.68 25.98 32.99 25.19 34.21 curveto
24.39 35.43 23 38.49 21.7 40.52 curveto
20.4 42.56 17.64 41.62 15.86 40.35 curveto
14.08 39.07 17.87 31.32 17.87 31.32 curveto stroke
showpage
%%EOF
