%!PS
%%BoundingBox: -34 -25 88 24 
%%HiResBoundingBox: -33.83252 -24.76251 87.2146 23.51851 
%%Creator: MetaPost 1.209
%%CreationDate: 2019.09.26:1811
%%Pages: 1
%%BeginProlog
%%EndProlog
%%Page: 1 1
 0 0 0 setrgbcolor 0 0.24501 dtransform truncate idtransform setlinewidth pop
 [] 0 setdash 1 setlinecap 1 setlinejoin 10 setmiterlimit
newpath 77.26 5.92 moveto
77.26 5.92 71.91 2.83 71.09 2.32 curveto
70.26 1.81 70.16 2.96 70.16 2.96 curveto
70.16 2.96 73.57 5.15 75.18 6.59 curveto
76.78 8.04 80.46 10.55 80.89 12.17 curveto
81.32 13.8 80.81 14.63 83.05 15.41 curveto
85.29 16.19 86.22 17.14 86.73 17.91 curveto
87.24 18.68 87.46 19.42 85.66 20.13 curveto
83.86 20.83 78.7 23.54 76.97 23.39 curveto
75.25 23.23 70.13 22.33 67.9 21.4 curveto
65.67 20.48 63.68 18.56 61.71 16.36 curveto
59.74 14.15 56.14 10.79 53.88 10.29 curveto
51.61 9.8 46.64 8.78 46.09 6.85 curveto
45.55 4.92 44.49 3.81 42.81 4.82 curveto
41.13 5.83 38.07 9.17 36.19 9.15 curveto
34.31 9.12 32.5 9.97 30.59 7.05 curveto
28.69 4.13 27.74 2.86 26.36 3.18 curveto
24.98 3.5 25.28 3.38 24.66 5.5 curveto
24.03 7.61 23.59 10.9 23.24 11.59 curveto
22.88 12.28 20.98 9.36 18.77 8.15 curveto
16.57 6.93 6.91 6.63 4.7 7.15 curveto
2.49 7.67 -0.73 8.1 -3.88 7.81 curveto
-7.04 7.53 -11.69 6.24 -14.35 6.87 curveto
-17.01 7.49 -26.72 7.77 -29.79 6.62 curveto
-32.87 5.48 -32.14 5.4 -33.71 5.11 curveto stroke
newpath -25.37 -24.64 moveto
-25.37 -24.64 -18.4 -20.25 -13.82 -19.69 curveto
-9.25 -19.13 3.48 -19.28 6.83 -19.55 curveto
10.18 -19.83 15.67 -19.76 18.89 -18.6 curveto
22.11 -17.44 29.5 -14.33 32.09 -14.24 curveto
34.69 -14.15 40.58 -13.3 42.86 -12.24 curveto
45.13 -11.18 49.32 -12.68 51.74 -12.31 curveto
54.17 -11.95 60.61 -11.22 63.01 -8.97 curveto
65.4 -6.73 69.74 -2 72.06 -0.49 curveto
74.38 1.03 76.56 2.53 77.7 2.77 curveto stroke
showpage
%%EOF
