%!PS
%%BoundingBox: -25 -9 25 10 
%%HiResBoundingBox: -24.42667 -8.45251 24.93251 9.32823 
%%Creator: MetaPost 1.209
%%CreationDate: 2019.09.26:1811
%%Pages: 1
%%BeginProlog
%%EndProlog
%%Page: 1 1
 0 0 0 setrgbcolor 0 0.24501 dtransform truncate idtransform setlinewidth pop
 [] 0 setdash 1 setlinecap 1 setlinejoin 10 setmiterlimit
newpath 22.73 -3.45 moveto
22.73 -3.45 19.94 -4.86 19.69 -4.83 curveto
19.43 -4.8 18.3 -4.25 17.94 -4.33 curveto
17.59 -4.42 15.9 -5.37 15.75 -5.4 curveto
15.61 -5.43 15.07 -5.72 14.67 -5.02 curveto
14.26 -4.32 14.13 -3.95 13.97 -3.88 curveto
13.8 -3.8 12.49 -3.65 12.29 -3.61 curveto
12.08 -3.57 8.94 -3.6 8.77 -3.56 curveto
8.6 -3.52 8.11 -3.89 7.48 -3.06 curveto
6.84 -2.23 5.23 -1.58 4.91 -1.5 curveto
4.6 -1.42 2.05 -1.65 1.77 -1.76 curveto
1.49 -1.88 0.48 -2.28 0.27 -2.39 curveto
0.06 -2.5 -1.82 -3.13 -2.46 -2.68 curveto
-3.1 -2.24 -3.68 -1.53 -3.73 -1.35 curveto
-3.79 -1.17 -5.21 -0.27 -5.32 -0.26 curveto
-5.42 -0.25 -5.9 0.85 -6.17 0.95 curveto
-6.43 1.05 -7.65 1.19 -7.87 1.16 curveto
-8.08 1.12 -9.5 0.66 -9.84 0.43 curveto
-10.18 0.19 -10.84 -0.1 -11.56 0.9 curveto
-12.28 1.91 -11.79 2.71 -12.16 3.79 curveto
-12.53 4.86 -12.24 4.91 -13.09 5.5 curveto
-13.94 6.09 -16.56 7.8 -16.56 7.8 curveto
-16.56 7.8 -19.76 9.31 -20.4 9.2 curveto
-21.04 9.08 -23.31 7.88 -23.86 7.42 curveto
-24.42 6.96 -24.66 5.49 -23.29 4.48 curveto stroke
newpath -23.29 4.48 moveto
-23.29 4.48 -22.9 4.42 -23.04 4.18 curveto
-23.18 3.93 -23.42 3.17 -23.39 3.06 curveto
-23.37 2.96 -22.85 2.58 -22.88 2.4 curveto
-22.9 2.22 -22.21 0.02 -22.1 -0.06 curveto stroke
newpath -20.59 -1.09 moveto
-20.69 -0.78 -21.57 2.82 -21.69 3.02 curveto
-21.82 3.22 -21.79 4.07 -21.79 4.07 curveto
-21.79 4.07 -21.29 4.52 -21.12 4.87 curveto
-20.96 5.23 -20.62 5.68 -20.65 5.98 curveto
-20.67 6.29 -20.18 7.21 -20.05 7.22 curveto
-19.93 7.23 -19.29 7.56 -18.7 7.22 curveto
-18.11 6.88 -15.59 5.25 -15.53 5.18 curveto
-15.47 5.12 -13.84 4.34 -13.71 4.07 curveto
-13.57 3.79 -13.41 2.57 -13.34 2.23 curveto
-13.28 1.89 -13.03 0.68 -12.88 0.48 curveto
-12.73 0.27 -11.15 -0.82 -10.73 -0.87 curveto
-10.31 -0.92 -9.59 -1.05 -9.18 -0.87 curveto
-8.76 -0.68 -8.33 -0.06 -7.92 -0.06 curveto
-7.5 -0.06 -6.1 -0.84 -5.7 -1.18 curveto
-5.31 -1.53 -4.38 -2.58 -3.97 -2.95 curveto
-3.56 -3.31 -3.46 -3.61 -2.48 -3.79 curveto
-1.51 -3.97 -1.13 -4.06 -0.97 -3.92 curveto
-0.8 -3.78 0.11 -3.58 0.83 -3.57 curveto
1.55 -3.56 1.79 -3.59 1.92 -3.38 curveto
2.04 -3.17 2.94 -2.85 3.43 -2.95 curveto
3.93 -3.05 4.55 -2.91 4.38 -3.39 curveto stroke
newpath 6.32 -4.48 moveto
6.32 -4.48 7.26 -4.99 7.86 -4.83 curveto
8.45 -4.67 9.93 -4.47 10.27 -4.44 curveto
10.61 -4.41 12.45 -4.64 12.84 -4.99 curveto
13.24 -5.33 13.31 -5.5 13.39 -5.84 curveto
13.48 -6.17 13.52 -6.56 13.52 -6.56 curveto stroke
newpath 15.63 -8.33 moveto
15.63 -8.33 17.78 -7.37 18.26 -7.05 curveto
18.74 -6.74 20.8 -5.76 21.1 -5.69 curveto
21.4 -5.63 24.03 -4.65 24.81 -4.29 curveto stroke
showpage
%%EOF
