%!PS
%%BoundingBox: -35 -69 19 36 
%%HiResBoundingBox: -34.34703 -68.55864 18.99251 35.23251 
%%Creator: MetaPost 1.209
%%CreationDate: 2019.09.26:1811
%%Pages: 1
%%BeginProlog
%%EndProlog
%%Page: 1 1
 0 0 0 setrgbcolor 0 0.24501 dtransform truncate idtransform setlinewidth pop
 [] 0 setdash 1 setlinecap 1 setlinejoin 10 setmiterlimit
newpath -17.96 30.2 moveto
-17.96 30.2 -17.3 28.53 -18.1 26.14 curveto
-18.9 23.76 -20.2 19.01 -20 18.38 curveto
-19.8 17.75 -20.89 21.84 -21.55 21.93 curveto
-22.21 22.01 -22.94 20.5 -23 19.63 curveto
-23.07 18.75 -22.01 15.81 -22.8 14.15 curveto
-23.59 12.49 -24.61 10.16 -25.54 9.28 curveto
-26.47 8.4 -29.66 5.29 -30.52 4.42 curveto
-31.38 3.55 -33.85 2.1 -34.11 0.19 curveto
-34.37 -1.71 -34.22 -3.43 -33.32 -4.58 curveto
-32.42 -5.72 -31.55 -6.51 -30.2 -7.11 curveto
-28.84 -7.71 -27.78 -8.27 -27.01 -8.05 curveto
-26.23 -7.84 -24.63 -6.39 -23.87 -5.96 curveto
-23.11 -5.53 -20.32 -3.62 -19.82 -2.78 curveto
-19.32 -1.94 -19.07 -3.07 -19.76 -4.29 curveto
-20.44 -5.51 -21.66 -8 -22.11 -9.49 curveto
-22.55 -10.98 -22.83 -15.12 -22.51 -18.63 curveto
-22.19 -22.15 -21.76 -25.36 -21.99 -27.55 curveto
-22.23 -29.74 -23.23 -31.42 -24.69 -33.72 curveto
-26.14 -36.02 -26.73 -39.9 -28.39 -42.29 curveto
-30.05 -44.68 -33.18 -47.64 -33 -49.65 curveto
-32.82 -51.65 -31.49 -54.35 -28.35 -57.18 curveto
-25.2 -60 -21.4 -63.7 -19.38 -65.18 curveto
-17.37 -66.66 -14.15 -68.69 -11.86 -68.41 curveto
-9.58 -68.13 -4.32 -65.48 -4.75 -63.93 curveto
-5.18 -62.38 -7.5 -58.33 -6.8 -57.25 curveto
-6.1 -56.18 -2.35 -52.15 -1.43 -49.47 curveto
-0.52 -46.78 0.94 -42.96 0.8 -41.39 curveto
0.66 -39.81 1.19 -36.15 1.86 -34.79 curveto
2.54 -33.42 4.08 -28.95 4.98 -27.71 curveto
5.88 -26.47 7.02 -22.25 7.11 -20.87 curveto
7.2 -19.49 10.18 -11.7 9.88 -9.99 curveto
9.59 -8.29 8.91 -0.04 9.26 1.73 curveto
9.6 3.5 10.24 5.22 11.48 6.77 curveto
12.71 8.33 14.46 11.38 14.72 12.41 curveto
14.99 13.45 15.26 15.28 15.18 16.14 curveto
15.1 17 15.58 18.92 18.87 19.29 curveto stroke
newpath -12.41 35.11 moveto
-12.41 35.11 -13.37 33 -14.16 32.14 curveto
-14.95 31.27 -15.9 30.53 -16.91 30.59 curveto stroke
showpage
%%EOF
