%!PS
%%BoundingBox: -132 -132 134 132 
%%HiResBoundingBox: -131.65334 -131.91 133.56299 131.11143 
%%Creator: MetaPost 1.209
%%CreationDate: 2019.09.26:1811
%%Pages: 1
%%BeginProlog
%%EndProlog
%%Page: 1 1
 0 0 0 setrgbcolor 0 0.7 dtransform truncate idtransform setlinewidth pop
 [] 0 setdash 1 setlinecap 1 setlinejoin 10 setmiterlimit
newpath -97.82 22.31 moveto
-97.82 22.31 -96.84 21.89 -96.27 21.22 curveto
-95.7 20.55 -95.63 17.3 -95.57 16.66 curveto
-95.51 16.01 -95.87 12.74 -95.87 12.74 curveto
-95.87 12.74 -96.99 12.28 -97.49 12.16 curveto
-97.99 12.04 -101.05 10.68 -101.6 10.34 curveto
-102.15 10 -103.64 6.54 -103.78 5.73 curveto
-103.92 4.92 -105.43 1.67 -105.49 0.72 curveto
-105.55 -0.22 -105.46 -5.14 -105.46 -5.14 curveto
-105.46 -5.14 -104.53 -8.96 -103.88 -8.97 curveto
-103.22 -8.98 -101.47 -8.38 -100.53 -8.37 curveto
-99.59 -8.36 -95.63 -8.13 -95.63 -8.13 curveto
-95.63 -8.13 -94.57 -4.78 -93.89 -4.35 curveto
-93.2 -3.93 -91.11 -4.69 -89.63 -4.99 curveto
-88.16 -5.3 -87.48 -5.59 -87.48 -5.59 curveto
-87.48 -5.59 -88.24 -6.82 -88.6 -7.65 curveto
-88.96 -8.48 -90.31 -10.33 -90.67 -11.09 curveto
-91.04 -11.85 -90.11 -14.15 -89.11 -15.58 curveto
-88.11 -17 -85.48 -15.75 -84.86 -15.48 curveto
-84.23 -15.2 -75.26 -13.74 -73.94 -13.18 curveto
-72.62 -12.63 -70.35 -13.72 -70.35 -13.72 curveto
-72.41 -17.31 lineto
-67.1 -18.5 lineto
-67.1 -18.5 -69.75 -22.71 -69.32 -22.67 curveto
-68.89 -22.63 -62.94 -22.82 -62.94 -22.82 curveto
-62.94 -22.82 -63.49 -23.96 -63.59 -24.47 curveto
-63.68 -24.98 -64.44 -27.8 -64.55 -28.96 curveto
-64.67 -30.13 -65.49 -31.43 -65.44 -31.93 curveto
-65.4 -32.43 -65.29 -35.24 -65.27 -36.25 curveto
-65.25 -37.26 -65.85 -40.28 -66.19 -42.12 curveto
-66.53 -43.96 -68.58 -49.28 -68.61 -49.72 curveto
-68.64 -50.16 -70.77 -52.95 -71.23 -53.5 curveto
-71.69 -54.05 -73.54 -56.75 -74.26 -57.61 curveto
-74.98 -58.47 -76.23 -62.2 -75.9 -62.6 curveto
-75.58 -63.01 -74.16 -68.3 -74.08 -69.16 curveto
-74 -70.02 -72.84 -73.24 -72.48 -73.93 curveto
-72.13 -74.62 -70.35 -75.98 -70.28 -76.69 curveto
-70.22 -77.41 -70.86 -80.72 -70.82 -81.94 curveto
-70.78 -83.17 -71.48 -89.74 -71.6 -89.97 curveto
-71.73 -90.19 -73.45 -92.66 -73.42 -93.09 curveto
-73.38 -93.52 -71.54 -99.43 -71.48 -100.07 curveto
-71.42 -100.72 -66.02 -109.99 -65.47 -110.52 curveto
-64.92 -111.05 -60.77 -111.33 -59.64 -111.93 curveto
-58.52 -112.54 -51.76 -113.4 -51.1 -113.56 curveto
-50.43 -113.72 -47.73 -113.98 -47.13 -113.49 curveto
-46.52 -113 -46.03 -112.02 -44.94 -110.48 curveto
-43.85 -108.93 -40.43 -106.73 -40.02 -106.48 curveto
-39.61 -106.22 -38.12 -106.74 -37.51 -107.04 curveto
-36.91 -107.35 -34.39 -108.78 -33.95 -108.89 curveto
-33.51 -108.99 -26.33 -110.08 -25.81 -110.25 curveto
-25.29 -110.42 -23.79 -112.59 -23.48 -112.85 curveto
-23.17 -113.11 -21.06 -116.55 -20.74 -116.88 curveto
-20.42 -117.21 -17.73 -118.13 -16.69 -118.4 curveto
-15.66 -118.66 -8.17 -120.66 -7.45 -120.59 curveto
-6.73 -120.53 -0.16 -122.1 0.86 -122.23 curveto
1.88 -122.35 6.62 -124.46 7.21 -124.62 curveto
7.81 -124.79 11.54 -126.84 11.86 -127.17 curveto
12.17 -127.5 10.59 -131.56 10.59 -131.56 curveto stroke
newpath -84.03 120.43 moveto
-84.03 120.43 -81.54 118.56 -80.91 118.76 curveto
-80.28 118.97 -75.15 119.07 -74.21 119.09 curveto
-73.27 119.1 -64.77 118.65 -64.05 118.72 curveto
-63.33 118.78 -57.85 117.39 -56.85 117.56 curveto
-55.85 117.72 -53.53 118.44 -52.88 118.5 curveto
-52.24 118.55 -48.73 117.56 -48.15 117.33 curveto
-46.81 116.81 -41.09 112.7 -40.26 112.34 curveto
-39.44 111.98 -37.32 110.15 -36.79 109.9 curveto
-36.26 109.66 -35.37 107.86 -35.28 106.93 curveto
-35.19 106 -35.59 105.6 -35.81 104.78 curveto
-36.02 103.97 -39.47 101.27 -40.01 100.86 curveto
-40.55 100.45 -49.46 94.29 -49.65 93.99 curveto
-49.84 93.68 -51.02 92.35 -52.07 91.89 curveto
-53.11 91.43 -56.88 89.94 -58.3 89.66 curveto
-59.72 89.39 -71.37 86.24 -72.42 85.78 curveto
-73.46 85.33 -80.87 81.69 -81.36 81.5 curveto
-81.85 81.31 -87.02 77.01 -87.73 76.8 curveto
-88.43 76.59 -99.1 71.5 -99.44 71.26 curveto
-99.78 71.01 -105.9 65.97 -106.22 65.58 curveto
-106.55 65.19 -114.67 61.49 -115.83 60.74 curveto
-116.99 59.98 -124.59 53.72 -125.03 52.96 curveto
-125.47 52.2 -129.8 43.42 -130.65 42.33 curveto
-131.49 41.24 -131.28 38.95 -131.28 38.95 curveto stroke
 0 0.24501 dtransform truncate idtransform setlinewidth pop
newpath -34.62 106.05 moveto
-34.95442 107.39273 -34.84874 108.90305 -33.69876 109.52362 curveto
-32.39983 110.22458 -33.83934 111.74113 -34.19 113.11 curveto
-34.19 113.11 lineto stroke
newpath -32.68707 109.4031 moveto
-32.61752 109.60765 -32.51158 109.80293 -32.3637 109.98462 curveto
-31.43188 111.12932 -33.34218 111.97954 -34.19 113.11 curveto
-34.19 113.11 lineto
-34.19 113.11 lineto
-34.38988 111.71114 -33.64032 109.75914 -35.10863 109.60864 curveto
-35.34169 109.58476 -35.55469 109.52159 -35.7485 109.42612 curveto
 closepath stroke
newpath -32.68707 109.4031 moveto
-32.61752 109.60765 -32.51158 109.80293 -32.3637 109.98462 curveto
-31.43188 111.12932 -33.34218 111.97954 -34.19 113.11 curveto
-34.19 113.11 lineto
-34.19 113.11 lineto
-34.38988 111.71114 -33.64032 109.75914 -35.10863 109.60864 curveto
-35.34169 109.58476 -35.55469 109.52159 -35.7485 109.42612 curveto
 closepath fill
newpath -34.91 115.5 moveto
-35.91446 115.95126 -36.64215 116.89114 -36.61475 117.97966 curveto
-36.58641 119.10541 -38.0548 119.17717 -39.18 119.52 curveto
-39.18 119.52 lineto stroke
newpath -35.45805 118.05469 moveto
-35.79332 118.3187 -36.06053 118.663 -36.22055 119.07861 curveto
-36.62518 120.1295 -38.00926 119.63387 -39.18 119.52 curveto
-39.18 119.52 lineto
-39.18 119.52 lineto
-38.27165 118.77266 -36.9425 118.14442 -37.3995 117.11523 curveto
-37.58025 116.70819 -37.63475 116.27579 -37.5844 115.85202 curveto
 closepath stroke
newpath -35.45805 118.05469 moveto
-35.79332 118.3187 -36.06053 118.663 -36.22055 119.07861 curveto
-36.62518 120.1295 -38.00926 119.63387 -39.18 119.52 curveto
-39.18 119.52 lineto
-39.18 119.52 lineto
-38.27165 118.77266 -36.9425 118.14442 -37.3995 117.11523 curveto
-37.58025 116.70819 -37.63475 116.27579 -37.5844 115.85202 curveto
 closepath fill
newpath -42.61 120.73 moveto
-43.8312 119.90135 -45.49353 120.62628 -46.09799 122.0978 curveto
-46.62047 123.36969 -48.4687 123.00134 -49.33 123.95 curveto
-49.33 123.95 lineto stroke
newpath -45.39073 123.2554 moveto
-45.4752 123.32344 -45.5569 123.39687 -45.63521 123.47566 curveto
-46.60466 124.45078 -48.17123 123.40317 -49.33 123.95 curveto
-49.33 123.95 lineto
-49.33 123.95 lineto
-48.89731 122.74396 -47.04881 122.37695 -47.05284 121.00194 curveto
-47.05318 120.89085 -47.04735 120.78117 -47.03572 120.67331 curveto
 closepath stroke
newpath -45.39073 123.2554 moveto
-45.4752 123.32344 -45.5569 123.39687 -45.63521 123.47566 curveto
-46.60466 124.45078 -48.17123 123.40317 -49.33 123.95 curveto
-49.33 123.95 lineto
-49.33 123.95 lineto
-48.89731 122.74396 -47.04881 122.37695 -47.05284 121.00194 curveto
-47.05318 120.89085 -47.04735 120.78117 -47.03572 120.67331 curveto
 closepath fill
newpath -110.66 55.57 moveto
-111.77777 56.96858 -110.28503 59.18684 -107.932 58.87999 curveto
-106.42715 58.68375 -104.88295 59.16313 -103.96815 60.3612 curveto
-103.00566 61.62173 -101.25253 60.66118 -99.68 60.32 curveto
-99.68 60.32 lineto stroke
newpath -103.49507 59.11789 moveto
-102.86667 60.21248 -101.10889 60.06137 -99.68 60.32 curveto
-99.68 60.32 lineto
-99.68 60.32 lineto
-100.87323 61.14752 -102.00931 62.49733 -103.22765 62.16772 curveto
 closepath stroke
newpath -103.49507 59.11789 moveto
-102.86667 60.21248 -101.10889 60.06137 -99.68 60.32 curveto
-99.68 60.32 lineto
-99.68 60.32 lineto
-100.87323 61.14752 -102.00931 62.49733 -103.22765 62.16772 curveto
 closepath fill
newpath -97.82 22.31 moveto
-98.39262 23.69234 -98.23616 25.3067 -97.00182 25.65694 curveto
-95.50427 26.08185 -97.21341 27.69081 -97.56 29.05 curveto
-97.56 29.05 lineto stroke
newpath -96.27243 25.26291 moveto
-96.20956 25.59567 -96.04161 25.8949 -95.74582 26.12885 curveto
-94.52489 27.09451 -96.71964 27.92691 -97.56 29.05 curveto
-97.56 29.05 lineto
-97.56 29.05 lineto
-97.75995 27.66165 -96.79665 25.52109 -98.3428 25.70163 curveto
-98.71739 25.74536 -99.04773 25.65256 -99.32748 25.4617 curveto
 closepath stroke
newpath -96.27243 25.26291 moveto
-96.20956 25.59567 -96.04161 25.8949 -95.74582 26.12885 curveto
-94.52489 27.09451 -96.71964 27.92691 -97.56 29.05 curveto
-97.56 29.05 lineto
-97.56 29.05 lineto
-97.75995 27.66165 -96.79665 25.52109 -98.3428 25.70163 curveto
-98.71739 25.74536 -99.04773 25.65256 -99.32748 25.4617 curveto
 closepath fill
newpath -87.1 -15.39 moveto
-88.04962 -14.60394 -88.68056 -13.4197 -87.97606 -12.60321 curveto
-87.2941 -11.81284 -88.02423 -10.63852 -87.62 -9.73 curveto
-87.62 -9.73 lineto stroke
newpath -86.69182 -13.62085 moveto
-86.90443 -13.29271 -86.98126 -12.91974 -86.84941 -12.52075 curveto
-86.52182 -11.52956 -87.64577 -10.72404 -87.62 -9.73 curveto
-87.62 -9.73 lineto
-87.62 -9.73 lineto
-88.34114 -10.41466 -88.116 -11.779 -89.04851 -12.24823 curveto
-89.42389 -12.4371 -89.63329 -12.75517 -89.71498 -13.13754 curveto
 closepath stroke
newpath -86.69182 -13.62085 moveto
-86.90443 -13.29271 -86.98126 -12.91974 -86.84941 -12.52075 curveto
-86.52182 -11.52956 -87.64577 -10.72404 -87.62 -9.73 curveto
-87.62 -9.73 lineto
-87.62 -9.73 lineto
-88.34114 -10.41466 -88.116 -11.779 -89.04851 -12.24823 curveto
-89.42389 -12.4371 -89.63329 -12.75517 -89.71498 -13.13754 curveto
 closepath fill
newpath -87.32 -8.25 moveto
-88.55748 -7.21387 -88.38374 -5.38371 -87.81915 -3.79776 curveto
-87.12215 -1.83984 -90.24947 -1.60165 -90.87 -0.11 curveto
-90.87 -0.11 lineto stroke
newpath -87.07376 -1.37048 moveto
-87.96318 -0.60023 -89.97652 -1.00075 -90.87 -0.11 curveto
-90.87 -0.11 lineto
-90.87 -0.11 lineto
-90.86809 -1.37163 -89.16124 -2.5121 -89.07703 -3.68567 curveto
 closepath stroke
newpath -87.07376 -1.37048 moveto
-87.96318 -0.60023 -89.97652 -1.00075 -90.87 -0.11 curveto
-90.87 -0.11 lineto
-90.87 -0.11 lineto
-90.86809 -1.37163 -89.16124 -2.5121 -89.07703 -3.68567 curveto
 closepath fill
newpath -92.83 6.21 moveto
-94.30905 6.93433 -94.6816 8.87395 -93.63396 10.1898 curveto
-92.71356 11.34586 -93.82582 12.79889 -94.83 14.05 curveto
-94.83 14.05 lineto stroke
newpath -92.22928 11.01088 moveto
-91.89174 12.39168 -93.44655 13.29108 -94.83 14.05 curveto
-94.83 14.05 lineto
-94.83 14.05 lineto
-94.38841 12.5351 -93.925 10.7997 -95.14008 10.06203 curveto
 closepath stroke
newpath -92.22928 11.01088 moveto
-91.89174 12.39168 -93.44655 13.29108 -94.83 14.05 curveto
-94.83 14.05 lineto
-94.83 14.05 lineto
-94.38841 12.5351 -93.925 10.7997 -95.14008 10.06203 curveto
 closepath fill
newpath -65.05 -45.06 moveto
-66.0062 -43.97256 -65.81345 -42.29811 -64.6442 -41.43481 curveto
-63.54187 -40.62093 -64.54977 -39.14854 -64.91 -37.81 curveto
-64.91 -37.81 lineto stroke
newpath -63.50821 -41.55632 moveto
-63.45097 -41.38562 -63.37425 -41.21825 -63.27725 -41.05716 curveto
-62.57031 -39.88336 -64.06494 -38.90878 -64.91 -37.81 curveto
-64.91 -37.81 lineto
-64.91 -37.81 lineto
-65.08945 -39.18451 -64.72174 -40.93051 -66.0516 -41.26059 curveto
-66.23412 -41.3059 -66.40672 -41.37 -66.5679 -41.45024 curveto
 closepath stroke
newpath -63.50821 -41.55632 moveto
-63.45097 -41.38562 -63.37425 -41.21825 -63.27725 -41.05716 curveto
-62.57031 -39.88336 -64.06494 -38.90878 -64.91 -37.81 curveto
-64.91 -37.81 lineto
-64.91 -37.81 lineto
-65.08945 -39.18451 -64.72174 -40.93051 -66.0516 -41.26059 curveto
-66.23412 -41.3059 -66.40672 -41.37 -66.5679 -41.45024 curveto
 closepath fill
newpath -70.01 -53.39 moveto
-70.3876 -52.05305 -69.32722 -50.75633 -67.8707 -50.5639 curveto
-66.58652 -50.39424 -66.45943 -48.79407 -66.06 -47.53 curveto
-66.06 -47.53 lineto stroke
newpath -67.07635 -51.39873 moveto
-66.92612 -51.25882 -66.75735 -51.13312 -66.57181 -51.02588 curveto
-65.45032 -50.37769 -65.94527 -48.85071 -66.06 -47.53 curveto
-66.06 -47.53 lineto
-66.06 -47.53 lineto
-66.91277 -48.54498 -67.64255 -49.9747 -68.89389 -49.64001 curveto
-69.10092 -49.58463 -69.30914 -49.5542 -69.51431 -49.54686 curveto
 closepath stroke
newpath -67.07635 -51.39873 moveto
-66.92612 -51.25882 -66.75735 -51.13312 -66.57181 -51.02588 curveto
-65.45032 -50.37769 -65.94527 -48.85071 -66.06 -47.53 curveto
-66.06 -47.53 lineto
-66.06 -47.53 lineto
-66.91277 -48.54498 -67.64255 -49.9747 -68.89389 -49.64001 curveto
-69.10092 -49.58463 -69.30914 -49.5542 -69.51431 -49.54686 curveto
 closepath fill
newpath -63.82 -71.48 moveto
-65.13539 -71.20284 -65.5582 -69.81859 -64.76155 -69.30716 curveto
-63.81546 -68.69978 -65.35478 -67.91553 -65.59 -67.09 curveto
-65.59 -67.09 lineto stroke
newpath -63.30925 -70.37608 moveto
-64.01099 -70.08827 -64.35756 -69.37015 -63.97614 -68.82135 curveto
-63.3345 -67.89815 -65.05676 -67.76266 -65.59 -67.09 curveto
-65.59 -67.09 lineto
-65.59 -67.09 lineto
-65.6886 -67.94269 -64.56659 -69.25633 -65.6731 -69.45541 curveto
-66.33089 -69.57376 -66.59363 -70.32661 -66.30095 -71.02632 curveto
 closepath stroke
newpath -63.30925 -70.37608 moveto
-64.01099 -70.08827 -64.35756 -69.37015 -63.97614 -68.82135 curveto
-63.3345 -67.89815 -65.05676 -67.76266 -65.59 -67.09 curveto
-65.59 -67.09 lineto
-65.59 -67.09 lineto
-65.6886 -67.94269 -64.56659 -69.25633 -65.6731 -69.45541 curveto
-66.33089 -69.57376 -66.59363 -70.32661 -66.30095 -71.02632 curveto
 closepath fill
newpath -66.75 -65.53 moveto
-67.44243 -65.77419 -67.98337 -64.9026 -67.88153 -63.90947 curveto
-67.80852 -63.19748 -68.63733 -62.89745 -69.33 -62.59 curveto
-69.33 -62.59 lineto stroke
newpath -69.33 -62.59 moveto
 closepath stroke
newpath -69.33 -62.59 moveto
 closepath fill
newpath -70.82 -61.27 moveto
-71.51695 -61.20691 -72.17836 -60.86566 -72.48306 -60.2421 curveto
-72.7871 -59.6199 -73.53091 -59.43114 -74.24 -59.41 curveto
-74.24 -59.41 lineto stroke
newpath -74.24 -59.41 moveto
 closepath stroke
newpath -74.24 -59.41 moveto
 closepath fill
 0 0.35 dtransform truncate idtransform setlinewidth pop
newpath -60.64 -75.52 moveto
-57.14 -75.52 lineto stroke
 0.35 0 dtransform exch truncate exch idtransform pop setlinewidth
newpath -58.89 -77.27 moveto
-58.89 -73.77 lineto stroke
 0 0.35 dtransform truncate idtransform setlinewidth pop
newpath -60.49 -70.09 moveto
-56.99 -70.09 lineto stroke
 0.35 0 dtransform exch truncate exch idtransform pop setlinewidth
newpath -58.74 -71.84 moveto
-58.74 -68.34 lineto stroke
 0 0.35 dtransform truncate idtransform setlinewidth pop
newpath -59.82 -64.6 moveto
-56.32 -64.6 lineto stroke
 0.35 0 dtransform exch truncate exch idtransform pop setlinewidth
newpath -58.07 -66.35 moveto
-58.07 -62.85 lineto stroke
 0 0.24501 dtransform truncate idtransform setlinewidth pop
newpath -6.71 -118.43 moveto
-6.7852 -119.33736 -7.68387 -119.67372 -8.02075 -119.1795 curveto
-8.36108 -118.68024 -9.03802 -119.19939 -9.54 -119.05 curveto
-9.54 -119.05 lineto stroke
newpath -9.54 -119.05 moveto
 closepath stroke
newpath -9.54 -119.05 moveto
 closepath fill
newpath -11.83 -118.53 moveto
-12.48947 -119.36566 -13.88432 -118.9802 -14.1535 -117.8107 curveto
-14.37204 -116.86125 -15.70477 -117.30098 -16.34 -116.77 curveto
-16.34 -116.77 lineto stroke
newpath -12.40886 -117.50917 moveto
-12.92696 -117.62206 -13.53716 -117.43456 -13.92168 -116.89473 curveto
-14.48694 -116.1012 -15.54993 -117.01747 -16.34 -116.77 curveto
-16.34 -116.77 lineto
-16.34 -116.77 lineto
-15.95633 -117.50365 -14.55676 -117.60742 -14.71822 -118.56822 curveto
-14.82805 -119.22185 -14.52916 -119.7859 -14.083 -120.07243 curveto
 closepath stroke
newpath -12.40886 -117.50917 moveto
-12.92696 -117.62206 -13.53716 -117.43456 -13.92168 -116.89473 curveto
-14.48694 -116.1012 -15.54993 -117.01747 -16.34 -116.77 curveto
-16.34 -116.77 lineto
-16.34 -116.77 lineto
-15.95633 -117.50365 -14.55676 -117.60742 -14.71822 -118.56822 curveto
-14.82805 -119.22185 -14.52916 -119.7859 -14.083 -120.07243 curveto
 closepath fill
newpath -17.94 -115.83 moveto
-18.5659 -115.81752 -19.28078 -115.8003 -19.43306 -115.23502 curveto
-19.5982 -114.62193 -20.36882 -115.0716 -21.03 -115.24 curveto
-21.03 -115.24 lineto stroke
newpath -21.03 -115.24 moveto
 closepath stroke
newpath -21.03 -115.24 moveto
 closepath fill
 0 0.35 dtransform truncate idtransform setlinewidth pop
newpath 118.79015 18.95013 moveto
120.77 20.93 lineto stroke
newpath 118.79015 22.90985 moveto
120.77 20.93 lineto stroke
newpath 120.77 20.93 moveto
123.56996 20.93 lineto stroke
newpath 123.57002 20.93 moveto
123.57002 21.67264 123.27496 22.38477 122.74986 22.90985 curveto
122.22478 23.43495 121.51265 23.73001 120.77 23.73001 curveto
120.02736 23.73001 119.31523 23.43495 118.79015 22.90985 curveto
118.26505 22.38477 117.96999 21.67264 117.96999 20.93 curveto
117.96999 20.18735 118.26505 19.47522 118.79015 18.95013 curveto
119.31523 18.42503 120.02736 18.12997 120.77 18.12997 curveto
121.51265 18.12997 122.22478 18.42503 122.74986 18.95013 curveto
123.27496 19.47522 123.57002 20.18735 123.57002 20.93 curveto closepath stroke
newpath 91.99014 11.69014 moveto
93.97 13.67 lineto stroke
newpath 91.99014 15.64986 moveto
93.97 13.67 lineto stroke
newpath 93.97 13.67 moveto
96.76996 13.67 lineto stroke
newpath 96.77002 13.67 moveto
96.77002 14.41264 96.47496 15.12477 95.94986 15.64986 curveto
95.42477 16.17496 94.71265 16.47002 93.97 16.47002 curveto
93.22736 16.47002 92.51523 16.17496 91.99014 15.64986 curveto
91.46504 15.12477 91.16998 14.41264 91.16998 13.67 curveto
91.16998 12.92735 91.46504 12.21523 91.99014 11.69014 curveto
92.51523 11.16504 93.22736 10.86998 93.97 10.86998 curveto
94.71265 10.86998 95.42477 11.16504 95.94986 11.69014 curveto
96.47496 12.21523 96.77002 12.92735 96.77002 13.67 curveto closepath stroke
newpath 63.21014 6.10014 moveto
65.19 8.08 lineto stroke
newpath 63.21014 10.05986 moveto
65.19 8.08 lineto stroke
newpath 65.19 8.08 moveto
67.98996 8.08 lineto stroke
newpath 67.99002 8.08 moveto
67.99002 8.82265 67.69496 9.53477 67.16986 10.05986 curveto
66.64478 10.58496 65.93265 10.88002 65.19 10.88002 curveto
64.44736 10.88002 63.73523 10.58496 63.21014 10.05986 curveto
62.68504 9.53477 62.38998 8.82265 62.38998 8.08 curveto
62.38998 7.33736 62.68504 6.62523 63.21014 6.10014 curveto
63.73523 5.57504 64.44736 5.27998 65.19 5.27998 curveto
65.93265 5.27998 66.64478 5.57504 67.16986 6.10014 curveto
67.69496 6.62523 67.99002 7.33736 67.99002 8.08 curveto closepath stroke
 0 0.7 dtransform truncate idtransform setlinewidth pop
newpath -39.68 16.6 moveto
-39.68 16.6 -41.41 15.71 -42.29 15.05 curveto
-43.17 14.39 -44.24 13.43 -44.24 13.43 curveto
-44.24 13.43 -44.76 13.53 -45.36 13.76 curveto
-45.96 14 -47.61 14.57 -48.69 14.47 curveto
-49.77 14.38 -50 13.78 -50.87 12.98 curveto
-51.73 12.18 -54.17 10.3 -54.44 10.13 curveto
-54.72 9.96 -57.38 8.19 -58.11 7.54 curveto
-58.85 6.9 -61.11 5.53 -61.81 5.32 curveto
-62.51 5.12 -66.68 3.36 -67.6 3.14 curveto
-68.52 2.92 -72.01 1.46 -72.78 1.17 curveto
-73.55 0.88 -77.42 -1 -78.49 -1.26 curveto
-79.55 -1.51 -82.22 0.88 -83.15 1.67 curveto
-84.09 2.45 -83.45 4.97 -83.05 6.16 curveto
-82.65 7.35 -81.98 10.31 -82 10.59 curveto
-82.03 10.88 -83.67 15.43 -83.96 16.2 curveto
-84.25 16.97 -87.94 20.96 -88.27 21.44 curveto
-88.6 21.92 -91.38 24.63 -91.65 25.25 curveto
-91.92 25.88 -95.34 28.53 -96.1 28.9 curveto
-96.86 29.26 -100.11 30.85 -100.16 31.42 curveto
-100.21 32 -100.54 33.2 -100.77 34.19 curveto
-101.01 35.18 -102.54 37.72 -103.08 38.17 curveto
-103.63 38.63 -105.53 41.28 -106.08 41.73 curveto
-106.63 42.19 -110.04 46.29 -110.38 46.91 curveto
-110.73 47.53 -111.63 51.14 -111.52 52.24 curveto
-111.4 53.33 -111.48 53.4 -110.98 54.31 curveto
-110.49 55.22 -109 55.57 -107.93 56.47 curveto
-106.85 57.36 -103.08 58.78 -102.65 58.82 curveto
-102.22 58.86 -100.21 59.04 -99.56 59.1 curveto
-98.92 59.16 -97.07 59.47 -96.35 59.54 curveto
-95.63 59.6 -94 59.9 -92.96 60.42 curveto
-91.93 60.95 -89.68 61.66 -89.2 61.92 curveto
-88.71 62.18 -86.78 63.15 -86.23 63.49 curveto
-85.68 63.83 -80.34 65.47 -79.64 65.68 curveto
-78.93 65.89 -74.69 66.99 -74.23 67.47 curveto
-73.77 67.95 -69.05 70.11 -68.01 70.63 curveto
-66.97 71.16 -60.2 74.67 -58.28 75.78 curveto
-56.35 76.89 -48.37 80.58 -47.9 80.99 curveto
-47.43 81.39 -34.66 92.16 -34.66 92.16 curveto
-34.66 92.16 -21.56 97.68 -21.29 97.85 curveto
-21.01 98.02 -17.57 99.99 -16.93 100.85 curveto
-16.28 101.7 -16.65 102.61 -16.84 103.9 curveto
-17.03 105.18 -17.94 108 -18.46 108.96 curveto
-18.98 109.93 -20.49 112.11 -21.19 112.69 curveto
-21.9 113.28 -22.64 114.3 -24.42 117.11 curveto
-26.2 119.91 -27.94 119.9 -29.46 120.77 curveto
-30.99 121.64 -36.56 124.89 -38.51 126.52 curveto
-40.46 128.15 -44.04 129.34 -44.62 129.36 curveto
-45.2 129.38 -51 130.52 -52.11 130.72 curveto
-53.21 130.91 -55.62 130.4 -56.25 130.13 curveto
-56.87 129.85 -61 128.18 -61.68 127.76 curveto
-62.37 127.34 -66.39 126.1 -67.73 125.76 curveto
-69.08 125.42 -75.74 124.73 -76.39 124.67 curveto
-77.03 124.62 -83.53 122.14 -83.53 122.14 curveto stroke
newpath -36.18 -47.63 moveto
-36.47 -47.66 -40.95 -46.91 -42.31 -46.23 curveto
-43.68 -45.56 -45.78 -45.54 -46.38 -46.03 curveto
-46.99 -46.52 -50.19 -48.69 -50.88 -48.97 curveto
-51.58 -49.25 -54.21 -50.58 -54.76 -50.92 curveto
-55.3 -51.26 -58.67 -53.95 -59.31 -54.87 curveto
-59.95 -55.8 -61.98 -57.43 -61.98 -57.43 curveto
-61.98 -57.43 -62.94 -55.56 -63.53 -54.68 curveto
-64.12 -53.79 -64.79 -51.11 -64.76 -50.67 curveto
-64.73 -50.23 -64.41 -48.98 -64.01 -47.78 curveto
-63.61 -46.59 -61.79 -43.6 -61.3 -41.82 curveto
-60.81 -40.04 -59.24 -36.65 -58.45 -35.71 curveto
-57.67 -34.77 -56.25 -30.45 -55.56 -29.38 curveto
-54.86 -28.31 -53.68 -22.93 -53.17 -21.29 curveto
-52.67 -19.66 -53.76 -15.64 -53.85 -14.63 curveto
-53.94 -13.63 -55.7 -12.48 -56.56 -12.56 curveto
-57.43 -12.64 -60.04 -12.58 -60.97 -12.66 curveto
-61.9 -12.75 -63.95 -12.5 -64.34 -12.24 curveto
-64.72 -11.99 -66.46 -9.61 -66.88 -8.93 curveto
-67.3 -8.24 -68.14 -6.15 -68.48 -6.4 curveto
-68.82 -6.65 -70.45 -7.88 -71.16 -8.81 curveto
-71.87 -9.74 -73.56 -10.98 -74.68 -11.37 curveto
-75.8 -11.76 -79.13 -12.5 -79.69 -12.69 curveto
-80.25 -12.89 -83.35 -13.82 -83.35 -13.82 curveto
-83.35 -13.82 -82.68 -12.39 -82.48 -11.43 curveto
-82.28 -10.48 -81.72 -9.49 -81.36 -8.66 curveto
-81 -7.83 -80.44 -6.84 -79.93 -6.07 curveto
-79.42 -5.3 -76.56 -3.32 -75.9 -2.68 curveto
-75.23 -2.04 -72.86 -0.22 -72.16 -0.01 curveto
-71.45 0.21 -69.59 1.1 -68.66 1.24 curveto
-67.74 1.39 -65.26 2.77 -64.83 2.88 curveto
-64.41 2.99 -61.75 3.89 -61.06 4.24 curveto
-60.37 4.59 -58.71 5.39 -58.32 5.86 curveto
-57.93 6.33 -55.8 7.62 -55.25 7.96 curveto
-54.71 8.3 -53.67 8.83 -52.62 10.01 curveto
-51.57 11.18 -49.18 12.69 -48.79 13.16 curveto
-48.39 13.63 -46.16 13.04 -45.63 12.72 curveto
-45.09 12.41 -44.11 12.79 -43.76 12.89 curveto
-43.41 13 -42.25 13.83 -41.58 14.39 curveto
-40.91 14.96 -39.2 16.06 -39.2 16.06 curveto stroke
newpath -95.36 -0.95 moveto
-95.36 -0.95 -96.91 -2.17 -97.59 -2.67 curveto
-98.26 -3.17 -99.55 -4.08 -99.55 -4.08 curveto
-99.55 -4.08 -99.72 -2.29 -99.82 -1.22 curveto
-99.91 -0.14 -100.15 3.17 -99.5 4.82 curveto
-98.86 6.47 -94.92 6.1 -94.92 6.1 curveto stroke
newpath -94.92 6.1 moveto
-94.92 6.1 -95.78 -0.33 -95.36 -0.95 curveto stroke
newpath 131.04 53.6 moveto
131.5 54.07 131.83 55.26 132.32 56.89 curveto
132.82 58.53 133.58 60.47 133.01 60.42 curveto
132.43 60.37 129.73 60.7 128.86 60.77 curveto
127.99 60.83 125.97 61.66 125.54 61.62 curveto
125.11 61.58 123.54 60.72 122.98 60.46 curveto
122.43 60.19 119.63 60.09 118.19 60.02 curveto
116.75 59.96 115.26 59.61 114.75 58.99 curveto
114.24 58.37 112.4 56.1 111.66 55.45 curveto
110.93 54.81 109.86 52.98 110.09 51.99 curveto
110.33 51 110.37 48.98 110.23 48.02 curveto
110.1 47.07 109.6 44.57 108.85 42.55 curveto
108.09 40.53 104.68 39 104.08 38.51 curveto
103.47 38.02 100.95 37.14 99.36 37.07 curveto
97.78 37 97.92 37.88 97.21 38.54 curveto
96.5 39.2 95.39 40.99 95.66 42.02 curveto
95.93 43.06 95.75 44.99 95.5 46.2 curveto
95.25 47.41 93.51 49.78 92.53 51 curveto
91.55 52.21 92.35 53 92.5 53.67 curveto
92.66 54.33 93.86 56.32 94.14 57.14 curveto
94.43 57.96 98.04 61.45 98.74 62.52 curveto
99.44 63.6 100.61 64.28 100.02 64.37 curveto
99.43 64.46 96.4 65.93 95.25 66.62 curveto
94.1 67.32 92.28 65.78 91.54 65.07 curveto
90.81 64.35 87.67 63.06 87.02 62.28 curveto
86.36 61.5 83.55 60.66 81.83 60.5 curveto
80.1 60.35 78.32 59.25 78.37 58.74 curveto
78.42 58.24 80.14 54.42 80.68 53.24 curveto
81.22 52.06 83.15 45.95 83.84 44.78 curveto
84.52 43.61 86.2 35.52 86.91 33.28 curveto
87.62 31.03 87.19 27.08 87.05 26.2 curveto
86.91 25.32 83.11 20.92 82.23 19.54 curveto
81.34 18.15 76.02 15.36 74.69 14.95 curveto
73.35 14.54 65.87 10.1 64.29 9.23 curveto
62.7 8.37 56.53 6.29 55.14 5.66 curveto
53.75 5.02 45.01 0.11 44.08 -0.77 curveto
43.15 -1.65 33.18 -7.25 32.28 -7.69 curveto
31.38 -8.14 24.78 -11.84 23.67 -12.45 curveto
22.57 -13.05 19.35 -14.21 19.5 -14.99 curveto
19.64 -15.77 17.59 -22.68 17.41 -23.13 curveto
17.24 -23.58 14.56 -27.51 13.89 -28.08 curveto
13.21 -28.65 7.95 -31.22 7.16 -31.3 curveto
6.38 -31.37 3.76 -32.83 3.16 -33.32 curveto
2.55 -33.81 -3.2 -37.37 -3.81 -37.86 curveto
-4.41 -38.34 -8.09 -40.85 -9.16 -41.74 curveto
-10.24 -42.63 -12.55 -44.29 -13.41 -45.16 curveto
-14.27 -46.03 -16.88 -47.5 -18.07 -47.89 curveto
-19.27 -48.29 -20.87 -48.94 -21.32 -49.56 curveto
-21.77 -50.18 -23.96 -51.6 -24.79 -52.76 curveto
-25.63 -53.92 -31.29 -56.96 -32.03 -57.61 curveto
-32.76 -58.25 -39.56 -61.54 -40.31 -62.04 curveto
-41.06 -62.54 -45.51 -65.26 -46.56 -65.71 curveto
-47.6 -66.17 -48.42 -67.47 -48.99 -68.39 curveto
-49.56 -69.31 -49.24 -71.96 -49.06 -72.31 curveto
-48.89 -72.66 -47.79 -78.27 -47.37 -80.69 curveto
-46.96 -83.1 -43.83 -86.8 -43.29 -87.25 curveto
-42.74 -87.71 -40.32 -87.34 -39.49 -87.7 curveto
-38.67 -88.06 -39.39 -88.85 -39.81 -89.83 curveto
-40.22 -90.81 -42.18 -95.54 -42.28 -95.98 curveto
-42.38 -96.43 -44.44 -100.16 -44.93 -101.07 curveto
-45.43 -101.99 -49 -104.85 -50.34 -105.26 curveto
-51.67 -105.66 -53.27 -105.59 -54.66 -105.36 curveto
-56.05 -105.12 -58.84 -103.13 -60.14 -102.3 curveto
-61.44 -101.48 -62.36 -95.41 -63.12 -94.25 curveto
-63.87 -93.09 -63.91 -87.17 -64.01 -86.1 curveto
-64.1 -85.02 -62.85 -78.11 -62.85 -78.11 curveto
-62.85 -78.11 -61.06 -79.55 -60.76 -79.66 curveto
-60.46 -79.78 -56.22 -81.79 -55.91 -81.91 curveto
-55.61 -82.03 -52.63 -83.06 -51.82 -83.13 curveto
-51.02 -83.2 -51.19 -82.2 -51.11 -81.47 curveto
-51.03 -80.74 -51.62 -77.47 -51.74 -76.18 curveto
-51.86 -74.89 -52.6 -71.62 -52.79 -70.41 curveto
-52.97 -69.19 -54.45 -64.63 -54.36 -63.25 curveto
-54.26 -61.87 -51.04 -59.91 -50.79 -59.45 curveto
-50.55 -59 -47.23 -56.52 -45.32 -56.06 curveto
-43.41 -55.59 -42.67 -53.43 -42.12 -52.29 curveto
-41.57 -51.16 -40.74 -51.59 -39.49 -50.97 curveto
-38.25 -50.35 -36.47 -49.25 -36.47 -49.25 curveto stroke
newpath -34.48 -84.86 moveto
-34.91 -84.9 -38.69 -83.87 -40.25 -83.37 curveto
-41.81 -82.86 -43.27 -78.73 -43.49 -77.81 curveto
-43.72 -76.89 -44.72 -73.14 -45.13 -71.01 curveto
-45.55 -68.87 -44.42 -68.56 -43.69 -67.84 curveto
-42.96 -67.12 -39.18 -64.91 -38.63 -64.57 curveto
-38.08 -64.23 -32.33 -60.67 -32.06 -60.43 curveto
-31.79 -60.19 -24.18 -54.73 -23.31 -54 curveto
-22.43 -53.28 -16.54 -49.71 -15.73 -49.05 curveto
-14.92 -48.4 -9.54 -44.01 -8.56 -43.56 curveto
-7.59 -43.11 -2.05 -39.72 -1.02 -39.12 curveto
0.01 -38.52 5.88 -35.46 6.51 -35.19 curveto
7.13 -34.91 13.04 -31.49 14.05 -30.67 curveto
15.06 -29.86 17.62 -28.61 18.54 -28.38 curveto
19.46 -28.15 24.2 -26.2 25.36 -25.45 curveto
26.52 -24.69 29.64 -22.46 30.72 -21.64 curveto
31.81 -20.82 35.57 -18.52 36.95 -17.82 curveto
38.33 -17.12 45.13 -14.77 46.59 -14.13 curveto
48.05 -13.49 52.99 -11.38 54.19 -11.06 curveto
55.39 -10.73 62.94 -7.01 64.99 -6.54 curveto
67.05 -6.06 73.35 -2.24 73.67 -1.7 curveto
73.98 -1.17 77.98 1.73 79.06 2.62 curveto
80.14 3.51 91.11 7.7 92.43 8.33 curveto
93.75 8.95 99.58 11.51 100.53 12.17 curveto
101.49 12.83 106.55 15.17 107.83 16.15 curveto
109.11 17.13 114.39 19.49 115.5 20.02 curveto
116.61 20.55 119.54 19.37 120.35 19.23 curveto
121.15 19.08 124.75 19.33 126.09 19.67 curveto
127.43 20.01 128.92 20.36 129.33 20.61 curveto
129.74 20.87 129.64 21.94 129.58 22.59 curveto
129.53 23.23 128.86 24.19 128.29 24.14 curveto
127.71 24.08 126.64 23.19 125.92 23.13 curveto
125.2 23.06 124.67 23.38 124.44 23.57 curveto
124.2 23.77 122.57 25.86 121.61 28.45 curveto
120.65 31.04 122.9 30.95 122.73 31.23 curveto
122.56 31.5 120.99 32.08 119.68 32.98 curveto
118.37 33.87 116.2 34.69 115.19 35.46 curveto
114.18 36.24 112.52 39.48 112.38 40.99 curveto
112.25 42.5 112.12 44.72 112.11 45.66 curveto
112.1 46.6 113.73 49.35 113.85 49.65 curveto
113.96 49.95 114.37 51.94 116.58 53.87 curveto
118.79 55.82 118.02 54.74 118.54 54.57 curveto
119.06 54.4 119.95 53.33 120.43 52.8 curveto
120.91 52.26 121.82 52.64 122.58 52.92 curveto
123.35 53.2 123.79 54.69 123.93 55.57 curveto
124.07 56.45 124.2 58.12 124.38 58.49 curveto
124.56 58.87 126.22 58.14 126.46 57.88 curveto
126.7 57.61 126.95 55.61 127.09 54.9 curveto
127.23 54.19 128.58 52.87 128.58 52.87 curveto stroke
newpath 26.28 -122.73 moveto
25.3 -122.32 24.46 -120.23 24.46 -120.23 curveto
24.46 -120.23 23.14 -116.74 21.31 -112.35 curveto
19.47 -107.95 18.42 -109.13 16.81 -108.84 curveto
15.19 -108.55 8.71 -109.78 6.56 -110.05 curveto
4.41 -110.31 2.28 -110 1.82 -110.47 curveto
1.36 -110.95 -1.6 -114.27 -2.12 -114.83 curveto
-2.65 -115.39 -5.25 -117 -7.03 -118.02 curveto
-8.82 -119.05 -11.64 -116.7 -13.03 -116.47 curveto
-14.43 -116.23 -19.92 -113.91 -20.2 -113.14 curveto
-20.49 -112.37 -19.97 -110.08 -20.04 -109.29 curveto
-20.11 -108.51 -18.72 -105.42 -18.22 -103.78 curveto
-17.72 -102.15 -17.98 -102.39 -18.66 -102.88 curveto
-19.34 -103.38 -20.61 -105.37 -21.28 -105.86 curveto
-21.96 -106.36 -22.7 -107 -24.38 -106.79 curveto
-26.07 -106.58 -26.77 -104.41 -27.58 -103.47 curveto
-28.38 -102.53 -29.08 -99.63 -29.7 -98.38 curveto
-30.32 -97.13 -31.23 -92.73 -31.68 -91.76 curveto
-32.13 -90.79 -35.07 -89.4 -34.58 -88.48 curveto
-34.09 -87.57 -32.7 -87.66 -32.7 -87.66 curveto stroke
 [6 6 ] 0 setdash
newpath -103.3 26.15 moveto
-103.3 26.15 -102.99 23.57 -102.55 22.67 curveto
-102.11 21.77 -100.16 21.01 -99.58 21.06 curveto
-99.01 21.11 -97.82 22.31 -97.82 22.31 curveto stroke
newpath -98.66 22.81 moveto
-98.66 22.81 -99.36 22.53 -99.77 22.35 curveto
-100.19 22.16 -101.36 22.28 -101.68 23.4 curveto
-102 24.53 -101.73 25.57 -101.73 25.57 curveto stroke
newpath -130.09 40.21 moveto
-130.09 40.21 -129.81 38.65 -128.58 37.82 curveto
-127.35 36.99 -124.04 36.42 -123.39 36.41 curveto
-122.74 36.4 -120.43 36.53 -120.43 36.53 curveto
-120.43 36.53 -121.45 34.99 -120.81 33.46 curveto
-120.16 31.93 -119.49 30.11 -119.03 29.72 curveto
-118.56 29.33 -116.86 28.11 -115.99 28.11 curveto
-115.12 28.12 -113.31 28.93 -113.04 29.1 curveto stroke
 [] 0 setdash
newpath -127.92 40.92 moveto
-127.92 40.92 -124.9 41.12 -124.29 40.81 curveto
-123.69 40.5 -122.84 39.13 -122.84 39.13 curveto stroke
newpath -131.28 38.95 moveto
-130.81 39.35 -130.09 40.21 -130.09 40.21 curveto stroke
 [6 6 ] 0 setdash
newpath -115.56 29.81 moveto
-116.04 29.55 -117.78 30.34 -118.37 31.22 curveto
-118.95 32.11 -118.18 33.19 -118.18 33.19 curveto stroke
 [] 0 setdash
newpath -118.18 33.19 moveto
-115.56 29.81 lineto stroke
 [6 6 ] 0 setdash
newpath -122.84 39.13 moveto
-123.2 39.1 -123.98 39.75 -125.05 39.66 curveto
-126.13 39.56 -126.8 39.79 -127.92 40.92 curveto stroke
 [] 0 setdash
newpath -112.67 29.06 moveto
-112.67 29.06 -108.37 27.86 -107.42 27.8 curveto
-106.48 27.74 -103.3 26.15 -103.3 26.15 curveto stroke
newpath -101.49 25.3 moveto
-98.66 22.81 lineto stroke
 0 0.24501 dtransform truncate idtransform setlinewidth pop
newpath 27.19002 -128.66 moveto
29.98997 -128.66 lineto stroke
 0.24501 0 dtransform exch truncate exch idtransform pop setlinewidth
newpath 28.59 -130.05998 moveto
28.59 -127.26003 lineto stroke
 0.00002 0.00018 0.00162 setrgbcolor
newpath 29.15001 -128.66 moveto
29.15001 -128.51147 29.091 -128.36905 28.98598 -128.26402 curveto
28.88095 -128.159 28.73853 -128.09999 28.59 -128.09999 curveto
28.44147 -128.09999 28.29904 -128.159 28.19402 -128.26402 curveto
28.08899 -128.36905 28.02998 -128.51147 28.02998 -128.66 curveto
28.02998 -128.80853 28.08899 -128.95096 28.19402 -129.05598 curveto
28.29904 -129.16101 28.44147 -129.22002 28.59 -129.22002 curveto
28.73853 -129.22002 28.88095 -129.16101 28.98598 -129.05598 curveto
29.091 -128.95096 29.15001 -128.80853 29.15001 -128.66 curveto closepath fill
 0 0 0 setrgbcolor 0 0.35 dtransform truncate idtransform setlinewidth pop
newpath 28.59 -128.66 moveto 0 0 rlineto stroke
 0 0.24501 dtransform truncate idtransform setlinewidth pop
newpath 11.02002 -125.01 moveto
13.81998 -125.01 lineto stroke
 0.24501 0 dtransform exch truncate exch idtransform pop setlinewidth
newpath 12.42 -126.40997 moveto
12.42 -123.61002 lineto stroke
 0.00002 0.00018 0.00162 setrgbcolor
newpath 12.98001 -125.01 moveto
12.98001 -124.86147 12.921 -124.71904 12.81598 -124.61401 curveto
12.71095 -124.50899 12.56853 -124.44998 12.42 -124.44998 curveto
12.27147 -124.44998 12.12904 -124.50899 12.02402 -124.61401 curveto
11.91899 -124.71904 11.85999 -124.86147 11.85999 -125.01 curveto
11.85999 -125.15852 11.91899 -125.30095 12.02402 -125.40598 curveto
12.12904 -125.511 12.27147 -125.57 12.42 -125.57 curveto
12.56853 -125.57 12.71095 -125.511 12.81598 -125.40598 curveto
12.921 -125.30095 12.98001 -125.15852 12.98001 -125.01 curveto closepath fill
 0 0 0 setrgbcolor 0 0.35 dtransform truncate idtransform setlinewidth pop
newpath 12.42 -125.01 moveto 0 0 rlineto stroke
 0 0.24501 dtransform truncate idtransform setlinewidth pop
newpath 4.83002 -116.83 moveto
7.62997 -116.83 lineto stroke
 0.24501 0 dtransform exch truncate exch idtransform pop setlinewidth
newpath 6.23 -118.22998 moveto
6.23 -115.43002 lineto stroke
 0.00002 0.00018 0.00162 setrgbcolor
newpath 6.79001 -116.83 moveto
6.79001 -116.68147 6.731 -116.53905 6.62598 -116.43402 curveto
6.52095 -116.329 6.37852 -116.26999 6.23 -116.26999 curveto
6.08147 -116.26999 5.93904 -116.329 5.83401 -116.43402 curveto
5.72899 -116.53905 5.66998 -116.68147 5.66998 -116.83 curveto
5.66998 -116.97853 5.72899 -117.12096 5.83401 -117.22598 curveto
5.93904 -117.33101 6.08147 -117.39001 6.23 -117.39001 curveto
6.37852 -117.39001 6.52095 -117.33101 6.62598 -117.22598 curveto
6.731 -117.12096 6.79001 -116.97853 6.79001 -116.83 curveto closepath fill
 0 0 0 setrgbcolor 0 0.35 dtransform truncate idtransform setlinewidth pop
newpath 6.23 -116.83 moveto 0 0 rlineto stroke
 0 0.24501 dtransform truncate idtransform setlinewidth pop
newpath 4.65002 -120.06 moveto
7.44998 -120.06 lineto stroke
 0.24501 0 dtransform exch truncate exch idtransform pop setlinewidth
newpath 6.05 -121.45998 moveto
6.05 -118.66002 lineto stroke
 0.00002 0.00018 0.00162 setrgbcolor
newpath 6.61002 -120.06 moveto
6.61002 -119.91147 6.55101 -119.76904 6.44598 -119.66402 curveto
6.34096 -119.55899 6.19853 -119.49998 6.05 -119.49998 curveto
5.90147 -119.49998 5.75905 -119.55899 5.65402 -119.66402 curveto
5.549 -119.76904 5.48999 -119.91147 5.48999 -120.06 curveto
5.48999 -120.20853 5.549 -120.35095 5.65402 -120.45598 curveto
5.75905 -120.561 5.90147 -120.62001 6.05 -120.62001 curveto
6.19853 -120.62001 6.34096 -120.561 6.44598 -120.45598 curveto
6.55101 -120.35095 6.61002 -120.20853 6.61002 -120.06 curveto closepath fill
 0 0 0 setrgbcolor 0 0.35 dtransform truncate idtransform setlinewidth pop
newpath 6.05 -120.06 moveto 0 0 rlineto stroke
 0 0.24501 dtransform truncate idtransform setlinewidth pop
newpath -10.40997 -120.29 moveto
-7.61002 -120.29 lineto stroke
 0.24501 0 dtransform exch truncate exch idtransform pop setlinewidth
newpath -9.01 -121.68997 moveto
-9.01 -118.89001 lineto stroke
 0.00002 0.00018 0.00162 setrgbcolor
newpath -8.44998 -120.29 moveto
-8.44998 -120.14146 -8.50899 -119.99904 -8.61401 -119.89401 curveto
-8.71904 -119.78899 -8.86147 -119.72998 -9.01 -119.72998 curveto
-9.15852 -119.72998 -9.30095 -119.78899 -9.40598 -119.89401 curveto
-9.511 -119.99904 -9.57 -120.14146 -9.57 -120.29 curveto
-9.57 -120.43852 -9.511 -120.58095 -9.40598 -120.68597 curveto
-9.30095 -120.791 -9.15852 -120.85 -9.01 -120.85 curveto
-8.86147 -120.85 -8.71904 -120.791 -8.61401 -120.68597 curveto
-8.50899 -120.58095 -8.44998 -120.43852 -8.44998 -120.29 curveto closepath fill
 0 0 0 setrgbcolor 0 0.35 dtransform truncate idtransform setlinewidth pop
newpath -9.01 -120.29 moveto 0 0 rlineto stroke
 0 0.24501 dtransform truncate idtransform setlinewidth pop
newpath -20.38998 -115.01 moveto
-17.59003 -115.01 lineto stroke
 0.24501 0 dtransform exch truncate exch idtransform pop setlinewidth
newpath -18.99 -116.40997 moveto
-18.99 -113.61002 lineto stroke
 0.00002 0.00018 0.00162 setrgbcolor
newpath -18.43 -115.01 moveto
-18.43 -114.86147 -18.489 -114.71904 -18.59402 -114.61401 curveto
-18.69905 -114.50899 -18.84148 -114.44998 -18.99 -114.44998 curveto
-19.13853 -114.44998 -19.28096 -114.50899 -19.38599 -114.61401 curveto
-19.49101 -114.71904 -19.55002 -114.86147 -19.55002 -115.01 curveto
-19.55002 -115.15852 -19.49101 -115.30095 -19.38599 -115.40598 curveto
-19.28096 -115.511 -19.13853 -115.57 -18.99 -115.57 curveto
-18.84148 -115.57 -18.69905 -115.511 -18.59402 -115.40598 curveto
-18.489 -115.30095 -18.43 -115.15852 -18.43 -115.01 curveto closepath fill
 0 0 0 setrgbcolor 0 0.35 dtransform truncate idtransform setlinewidth pop
newpath -18.99 -115.01 moveto 0 0 rlineto stroke
 0 0.24501 dtransform truncate idtransform setlinewidth pop
newpath -23.81998 -110.57 moveto
-21.02002 -110.57 lineto stroke
 0.24501 0 dtransform exch truncate exch idtransform pop setlinewidth
newpath -22.42 -111.96999 moveto
-22.42 -109.17003 lineto stroke
 0.00002 0.00018 0.00162 setrgbcolor
newpath -21.85999 -110.57 moveto
-21.85999 -110.42148 -21.91899 -110.27905 -22.02402 -110.17403 curveto
-22.12904 -110.069 -22.27147 -110.01 -22.42 -110.01 curveto
-22.56853 -110.01 -22.71095 -110.069 -22.81598 -110.17403 curveto
-22.921 -110.27905 -22.98001 -110.42148 -22.98001 -110.57 curveto
-22.98001 -110.71854 -22.921 -110.86096 -22.81598 -110.96599 curveto
-22.71095 -111.07101 -22.56853 -111.13002 -22.42 -111.13002 curveto
-22.27147 -111.13002 -22.12904 -111.07101 -22.02402 -110.96599 curveto
-21.91899 -110.86096 -21.85999 -110.71854 -21.85999 -110.57 curveto closepath
 fill
 0 0 0 setrgbcolor 0 0.35 dtransform truncate idtransform setlinewidth pop
newpath -22.42 -110.57 moveto 0 0 rlineto stroke
 0 0.24501 dtransform truncate idtransform setlinewidth pop
newpath -39.87997 -101.68 moveto
-37.08002 -101.68 lineto stroke
 0.24501 0 dtransform exch truncate exch idtransform pop setlinewidth
newpath -38.48 -103.07997 moveto
-38.48 -100.28001 lineto stroke
 0.00002 0.00018 0.00162 setrgbcolor
newpath -37.91998 -101.68 moveto
-37.91998 -101.53146 -37.97899 -101.38904 -38.08401 -101.28401 curveto
-38.18904 -101.17899 -38.33147 -101.11998 -38.48 -101.11998 curveto
-38.62852 -101.11998 -38.77095 -101.17899 -38.87598 -101.28401 curveto
-38.981 -101.38904 -39.04001 -101.53146 -39.04001 -101.68 curveto
-39.04001 -101.82852 -38.981 -101.97095 -38.87598 -102.07597 curveto
-38.77095 -102.181 -38.62852 -102.24 -38.48 -102.24 curveto
-38.33147 -102.24 -38.18904 -102.181 -38.08401 -102.07597 curveto
-37.97899 -101.97095 -37.91998 -101.82852 -37.91998 -101.68 curveto closepath
 fill
 0 0 0 setrgbcolor 0 0.35 dtransform truncate idtransform setlinewidth pop
newpath -38.48 -101.68 moveto 0 0 rlineto stroke
 0 0.24501 dtransform truncate idtransform setlinewidth pop
newpath -49.91998 -104.59 moveto
-47.12003 -104.59 lineto stroke
 0.24501 0 dtransform exch truncate exch idtransform pop setlinewidth
newpath -48.52 -105.98997 moveto
-48.52 -103.19002 lineto stroke
 0.00002 0.00018 0.00162 setrgbcolor
newpath -47.95999 -104.59 moveto
-47.95999 -104.44147 -48.019 -104.29904 -48.12402 -104.19402 curveto
-48.22905 -104.08899 -48.37148 -104.02998 -48.52 -104.02998 curveto
-48.66853 -104.02998 -48.81096 -104.08899 -48.91599 -104.19402 curveto
-49.02101 -104.29904 -49.08002 -104.44147 -49.08002 -104.59 curveto
-49.08002 -104.73853 -49.02101 -104.88095 -48.91599 -104.98598 curveto
-48.81096 -105.091 -48.66853 -105.15001 -48.52 -105.15001 curveto
-48.37148 -105.15001 -48.22905 -105.091 -48.12402 -104.98598 curveto
-48.019 -104.88095 -47.95999 -104.73853 -47.95999 -104.59 curveto closepath
 fill
 0 0 0 setrgbcolor 0 0.35 dtransform truncate idtransform setlinewidth pop
newpath -48.52 -104.59 moveto 0 0 rlineto stroke
 0 0.24501 dtransform truncate idtransform setlinewidth pop
newpath -61.03998 -111.93 moveto
-58.24002 -111.93 lineto stroke
 0.24501 0 dtransform exch truncate exch idtransform pop setlinewidth
newpath -59.64 -113.32997 moveto
-59.64 -110.53001 lineto stroke
 0.00002 0.00018 0.00162 setrgbcolor
newpath -59.07999 -111.93 moveto
-59.07999 -111.78146 -59.13899 -111.63904 -59.24402 -111.53401 curveto
-59.34904 -111.42899 -59.49147 -111.36998 -59.64 -111.36998 curveto
-59.78853 -111.36998 -59.93095 -111.42899 -60.03598 -111.53401 curveto
-60.141 -111.63904 -60.20001 -111.78146 -60.20001 -111.93 curveto
-60.20001 -112.07852 -60.141 -112.22095 -60.03598 -112.32597 curveto
-59.93095 -112.431 -59.78853 -112.49 -59.64 -112.49 curveto
-59.49147 -112.49 -59.34904 -112.431 -59.24402 -112.32597 curveto
-59.13899 -112.22095 -59.07999 -112.07852 -59.07999 -111.93 curveto closepath
 fill
 0 0 0 setrgbcolor 0 0.35 dtransform truncate idtransform setlinewidth pop
newpath -59.64 -111.93 moveto 0 0 rlineto stroke
 0 0.24501 dtransform truncate idtransform setlinewidth pop
newpath -71.30998 -98.54 moveto
-68.51003 -98.54 lineto stroke
 0.24501 0 dtransform exch truncate exch idtransform pop setlinewidth
newpath -69.91 -99.93997 moveto
-69.91 -97.14001 lineto stroke
 0.00002 0.00018 0.00162 setrgbcolor
newpath -69.34999 -98.54 moveto
-69.34999 -98.39146 -69.409 -98.24904 -69.51402 -98.14401 curveto
-69.61905 -98.03899 -69.76147 -97.97998 -69.91 -97.97998 curveto
-70.05853 -97.97998 -70.20096 -98.03899 -70.30598 -98.14401 curveto
-70.41101 -98.24904 -70.47002 -98.39146 -70.47002 -98.54 curveto
-70.47002 -98.68852 -70.41101 -98.83095 -70.30598 -98.93597 curveto
-70.20096 -99.041 -70.05853 -99.1 -69.91 -99.1 curveto
-69.76147 -99.1 -69.61905 -99.041 -69.51402 -98.93597 curveto
-69.409 -98.83095 -69.34999 -98.68852 -69.34999 -98.54 curveto closepath fill
 0 0 0 setrgbcolor 0 0.35 dtransform truncate idtransform setlinewidth pop
newpath -69.91 -98.54 moveto 0 0 rlineto stroke
 0 0.24501 dtransform truncate idtransform setlinewidth pop
newpath -69.04997 -61.56 moveto
-66.25002 -61.56 lineto stroke
 0.24501 0 dtransform exch truncate exch idtransform pop setlinewidth
newpath -67.65 -62.95998 moveto
-67.65 -60.16002 lineto stroke
 0.00002 0.00018 0.00162 setrgbcolor
newpath -67.08998 -61.56 moveto
-67.08998 -61.41147 -67.14899 -61.26904 -67.25401 -61.16402 curveto
-67.35904 -61.05899 -67.50146 -60.99998 -67.65 -60.99998 curveto
-67.79852 -60.99998 -67.94095 -61.05899 -68.04597 -61.16402 curveto
-68.151 -61.26904 -68.21 -61.41147 -68.21 -61.56 curveto
-68.21 -61.70853 -68.151 -61.85095 -68.04597 -61.95598 curveto
-67.94095 -62.061 -67.79852 -62.12001 -67.65 -62.12001 curveto
-67.50146 -62.12001 -67.35904 -62.061 -67.25401 -61.95598 curveto
-67.14899 -61.85095 -67.08998 -61.70853 -67.08998 -61.56 curveto closepath fill
 0 0 0 setrgbcolor 0 0.35 dtransform truncate idtransform setlinewidth pop
newpath -67.65 -61.56 moveto 0 0 rlineto stroke
 0 0.24501 dtransform truncate idtransform setlinewidth pop
newpath -58.33998 -58.97 moveto
-55.54002 -58.97 lineto stroke
 0.24501 0 dtransform exch truncate exch idtransform pop setlinewidth
newpath -56.94 -60.36998 moveto
-56.94 -57.57002 lineto stroke
 0.00002 0.00018 0.00162 setrgbcolor
newpath -56.37999 -58.97 moveto
-56.37999 -58.82147 -56.439 -58.67905 -56.54402 -58.57402 curveto
-56.64905 -58.469 -56.79147 -58.40999 -56.94 -58.40999 curveto
-57.08853 -58.40999 -57.23096 -58.469 -57.33598 -58.57402 curveto
-57.44101 -58.67905 -57.50002 -58.82147 -57.50002 -58.97 curveto
-57.50002 -59.11853 -57.44101 -59.26096 -57.33598 -59.36598 curveto
-57.23096 -59.47101 -57.08853 -59.53001 -56.94 -59.53001 curveto
-56.79147 -59.53001 -56.64905 -59.47101 -56.54402 -59.36598 curveto
-56.439 -59.26096 -56.37999 -59.11853 -56.37999 -58.97 curveto closepath fill
 0 0 0 setrgbcolor 0 0.35 dtransform truncate idtransform setlinewidth pop
newpath -56.94 -58.97 moveto 0 0 rlineto stroke
 0 0.24501 dtransform truncate idtransform setlinewidth pop
newpath -47.90997 -47.11 moveto
-45.11002 -47.11 lineto stroke
 0.24501 0 dtransform exch truncate exch idtransform pop setlinewidth
newpath -46.51 -48.50998 moveto
-46.51 -45.71002 lineto stroke
 0.00002 0.00018 0.00162 setrgbcolor
newpath -45.94998 -47.11 moveto
-45.94998 -46.96147 -46.00899 -46.81905 -46.11401 -46.71402 curveto
-46.21904 -46.609 -46.36147 -46.54999 -46.51 -46.54999 curveto
-46.65852 -46.54999 -46.80095 -46.609 -46.90598 -46.71402 curveto
-47.011 -46.81905 -47.07 -46.96147 -47.07 -47.11 curveto
-47.07 -47.25853 -47.011 -47.40096 -46.90598 -47.50598 curveto
-46.80095 -47.61101 -46.65852 -47.67001 -46.51 -47.67001 curveto
-46.36147 -47.67001 -46.21904 -47.61101 -46.11401 -47.50598 curveto
-46.00899 -47.40096 -45.94998 -47.25853 -45.94998 -47.11 curveto closepath fill
 0 0 0 setrgbcolor 0 0.35 dtransform truncate idtransform setlinewidth pop
newpath -46.51 -47.11 moveto 0 0 rlineto stroke
 0 0.24501 dtransform truncate idtransform setlinewidth pop
newpath -73.06998 -56.85 moveto
-70.27002 -56.85 lineto stroke
 0.24501 0 dtransform exch truncate exch idtransform pop setlinewidth
newpath -71.67 -58.24998 moveto
-71.67 -55.45003 lineto stroke
 0.00002 0.00018 0.00162 setrgbcolor
newpath -71.10999 -56.85 moveto
-71.10999 -56.70148 -71.16899 -56.55905 -71.27402 -56.45403 curveto
-71.37904 -56.349 -71.52147 -56.29 -71.67 -56.29 curveto
-71.81853 -56.29 -71.96095 -56.349 -72.06598 -56.45403 curveto
-72.171 -56.55905 -72.23001 -56.70148 -72.23001 -56.85 curveto
-72.23001 -56.99854 -72.171 -57.14096 -72.06598 -57.24599 curveto
-71.96095 -57.35101 -71.81853 -57.41002 -71.67 -57.41002 curveto
-71.52147 -57.41002 -71.37904 -57.35101 -71.27402 -57.24599 curveto
-71.16899 -57.14096 -71.10999 -56.99854 -71.10999 -56.85 curveto closepath fill
 0 0 0 setrgbcolor 0 0.35 dtransform truncate idtransform setlinewidth pop
newpath -71.67 -56.85 moveto 0 0 rlineto stroke
 0 0.24501 dtransform truncate idtransform setlinewidth pop
newpath -60.87997 -33.91 moveto
-58.08002 -33.91 lineto stroke
 0.24501 0 dtransform exch truncate exch idtransform pop setlinewidth
newpath -59.48 -35.30998 moveto
-59.48 -32.51003 lineto stroke
 0.00002 0.00018 0.00162 setrgbcolor
newpath -58.91998 -33.91 moveto
-58.91998 -33.76147 -58.97899 -33.61905 -59.08401 -33.51402 curveto
-59.18904 -33.409 -59.33147 -33.34999 -59.48 -33.34999 curveto
-59.62852 -33.34999 -59.77095 -33.409 -59.87598 -33.51402 curveto
-59.981 -33.61905 -60.04001 -33.76147 -60.04001 -33.91 curveto
-60.04001 -34.05853 -59.981 -34.20096 -59.87598 -34.30598 curveto
-59.77095 -34.41101 -59.62852 -34.47002 -59.48 -34.47002 curveto
-59.33147 -34.47002 -59.18904 -34.41101 -59.08401 -34.30598 curveto
-58.97899 -34.20096 -58.91998 -34.05853 -58.91998 -33.91 curveto closepath fill
 0 0 0 setrgbcolor 0 0.35 dtransform truncate idtransform setlinewidth pop
newpath -59.48 -33.91 moveto 0 0 rlineto stroke
 0 0.24501 dtransform truncate idtransform setlinewidth pop
newpath -57.29997 -20.86 moveto
-54.50002 -20.86 lineto stroke
 0.24501 0 dtransform exch truncate exch idtransform pop setlinewidth
newpath -55.9 -22.25998 moveto
-55.9 -19.46002 lineto stroke
 0.00002 0.00018 0.00162 setrgbcolor
newpath -55.33998 -20.86 moveto
-55.33998 -20.71147 -55.39899 -20.56905 -55.50401 -20.46402 curveto
-55.60904 -20.359 -55.75146 -20.29999 -55.9 -20.29999 curveto
-56.04852 -20.29999 -56.19095 -20.359 -56.29597 -20.46402 curveto
-56.401 -20.56905 -56.46 -20.71147 -56.46 -20.86 curveto
-56.46 -21.00853 -56.401 -21.15096 -56.29597 -21.25598 curveto
-56.19095 -21.36101 -56.04852 -21.42001 -55.9 -21.42001 curveto
-55.75146 -21.42001 -55.60904 -21.36101 -55.50401 -21.25598 curveto
-55.39899 -21.15096 -55.33998 -21.00853 -55.33998 -20.86 curveto closepath fill
 0 0 0 setrgbcolor 0 0.35 dtransform truncate idtransform setlinewidth pop
newpath -55.9 -20.86 moveto 0 0 rlineto stroke
 0 0.24501 dtransform truncate idtransform setlinewidth pop
newpath -70.63998 -11.79 moveto
-67.84003 -11.79 lineto stroke
 0.24501 0 dtransform exch truncate exch idtransform pop setlinewidth
newpath -69.24 -13.18997 moveto
-69.24 -10.39001 lineto stroke
 0.00002 0.00018 0.00162 setrgbcolor
newpath -68.68 -11.79 moveto
-68.68 -11.64146 -68.739 -11.49904 -68.84402 -11.39401 curveto
-68.94905 -11.28899 -69.09148 -11.22998 -69.24 -11.22998 curveto
-69.38853 -11.22998 -69.53096 -11.28899 -69.63599 -11.39401 curveto
-69.74101 -11.49904 -69.80002 -11.64146 -69.80002 -11.79 curveto
-69.80002 -11.93852 -69.74101 -12.08095 -69.63599 -12.18597 curveto
-69.53096 -12.291 -69.38853 -12.35 -69.24 -12.35 curveto
-69.09148 -12.35 -68.94905 -12.291 -68.84402 -12.18597 curveto
-68.739 -12.08095 -68.68 -11.93852 -68.68 -11.79 curveto closepath fill
 0 0 0 setrgbcolor 0 0.35 dtransform truncate idtransform setlinewidth pop
newpath -69.24 -11.79 moveto 0 0 rlineto stroke
 0 0.24501 dtransform truncate idtransform setlinewidth pop
newpath -89.33998 -15.63 moveto
-86.54002 -15.63 lineto stroke
 0.24501 0 dtransform exch truncate exch idtransform pop setlinewidth
newpath -87.94 -17.02998 moveto
-87.94 -14.23003 lineto stroke
 0.00002 0.00018 0.00162 setrgbcolor
newpath -87.37999 -15.63 moveto
-87.37999 -15.48148 -87.439 -15.33905 -87.54402 -15.23402 curveto
-87.64905 -15.129 -87.79147 -15.06999 -87.94 -15.06999 curveto
-88.08853 -15.06999 -88.23096 -15.129 -88.33598 -15.23402 curveto
-88.44101 -15.33905 -88.50002 -15.48148 -88.50002 -15.63 curveto
-88.50002 -15.77853 -88.44101 -15.92096 -88.33598 -16.02599 curveto
-88.23096 -16.13101 -88.08853 -16.19002 -87.94 -16.19002 curveto
-87.79147 -16.19002 -87.64905 -16.13101 -87.54402 -16.02599 curveto
-87.439 -15.92096 -87.37999 -15.77853 -87.37999 -15.63 curveto closepath fill
 0 0 0 setrgbcolor 0 0.35 dtransform truncate idtransform setlinewidth pop
newpath -87.94 -15.63 moveto 0 0 rlineto stroke
 0 0.24501 dtransform truncate idtransform setlinewidth pop
newpath -79.88998 -1.26 moveto
-77.09003 -1.26 lineto stroke
 0.24501 0 dtransform exch truncate exch idtransform pop setlinewidth
newpath -78.49 -2.65997 moveto
-78.49 0.13998 lineto stroke
 0.00002 0.00018 0.00162 setrgbcolor
newpath -77.93 -1.26 moveto
-77.93 -1.11147 -77.989 -0.96904 -78.09402 -0.86401 curveto
-78.19905 -0.75899 -78.34148 -0.69998 -78.49 -0.69998 curveto
-78.63853 -0.69998 -78.78096 -0.75899 -78.88599 -0.86401 curveto
-78.99101 -0.96904 -79.05002 -1.11147 -79.05002 -1.26 curveto
-79.05002 -1.40852 -78.99101 -1.55095 -78.88599 -1.65598 curveto
-78.78096 -1.761 -78.63853 -1.82 -78.49 -1.82 curveto
-78.34148 -1.82 -78.19905 -1.761 -78.09402 -1.65598 curveto
-77.989 -1.55095 -77.93 -1.40852 -77.93 -1.26 curveto closepath fill
 0 0 0 setrgbcolor 0 0.35 dtransform truncate idtransform setlinewidth pop
newpath -78.49 -1.26 moveto 0 0 rlineto stroke
 0 0.24501 dtransform truncate idtransform setlinewidth pop
newpath -76.82997 -1.43 moveto
-74.03001 -1.43 lineto stroke
 0.24501 0 dtransform exch truncate exch idtransform pop setlinewidth
newpath -75.43 -2.82997 moveto
-75.43 -0.03001 lineto stroke
 0.00002 0.00018 0.00162 setrgbcolor
newpath -74.86998 -1.43 moveto
-74.86998 -1.28146 -74.92899 -1.13904 -75.03401 -1.03401 curveto
-75.13904 -0.92899 -75.28146 -0.86998 -75.43 -0.86998 curveto
-75.57852 -0.86998 -75.72095 -0.92899 -75.82597 -1.03401 curveto
-75.931 -1.13904 -75.99 -1.28146 -75.99 -1.43 curveto
-75.99 -1.57852 -75.931 -1.72095 -75.82597 -1.82597 curveto
-75.72095 -1.931 -75.57852 -1.99 -75.43 -1.99 curveto
-75.28146 -1.99 -75.13904 -1.931 -75.03401 -1.82597 curveto
-74.92899 -1.72095 -74.86998 -1.57852 -74.86998 -1.43 curveto closepath fill
 0 0 0 setrgbcolor 0 0.35 dtransform truncate idtransform setlinewidth pop
newpath -75.43 -1.43 moveto 0 0 rlineto stroke
 0 0.24501 dtransform truncate idtransform setlinewidth pop
newpath -72.42998 1.82 moveto
-69.63002 1.82 lineto stroke
 0.24501 0 dtransform exch truncate exch idtransform pop setlinewidth
newpath -71.03 0.42003 moveto
-71.03 3.21999 lineto stroke
 0.00002 0.00018 0.00162 setrgbcolor
newpath -70.46999 1.82 moveto
-70.46999 1.96854 -70.52899 2.11096 -70.63402 2.21599 curveto
-70.73904 2.32101 -70.88147 2.38002 -71.03 2.38002 curveto
-71.17853 2.38002 -71.32095 2.32101 -71.42598 2.21599 curveto
-71.531 2.11096 -71.59001 1.96854 -71.59001 1.82 curveto
-71.59001 1.67148 -71.531 1.52905 -71.42598 1.42403 curveto
-71.32095 1.319 -71.17853 1.26 -71.03 1.26 curveto
-70.88147 1.26 -70.73904 1.319 -70.63402 1.42403 curveto
-70.52899 1.52905 -70.46999 1.67148 -70.46999 1.82 curveto closepath fill
 0 0 0 setrgbcolor 0 0.35 dtransform truncate idtransform setlinewidth pop
newpath -71.03 1.82 moveto 0 0 rlineto stroke
 0 0.24501 dtransform truncate idtransform setlinewidth pop
newpath -68.41998 2.34 moveto
-65.62003 2.34 lineto stroke
 0.24501 0 dtransform exch truncate exch idtransform pop setlinewidth
newpath -67.02 0.94002 moveto
-67.02 3.73997 lineto stroke
 0.00002 0.00018 0.00162 setrgbcolor
newpath -66.45999 2.34 moveto
-66.45999 2.48853 -66.519 2.63095 -66.62402 2.73598 curveto
-66.72905 2.841 -66.87148 2.90001 -67.02 2.90001 curveto
-67.16853 2.90001 -67.31096 2.841 -67.41599 2.73598 curveto
-67.52101 2.63095 -67.58002 2.48853 -67.58002 2.34 curveto
-67.58002 2.19147 -67.52101 2.04904 -67.41599 1.94402 curveto
-67.31096 1.83899 -67.16853 1.77998 -67.02 1.77998 curveto
-66.87148 1.77998 -66.72905 1.83899 -66.62402 1.94402 curveto
-66.519 2.04904 -66.45999 2.19147 -66.45999 2.34 curveto closepath fill
 0 0 0 setrgbcolor 0 0.35 dtransform truncate idtransform setlinewidth pop
newpath -67.02 2.34 moveto 0 0 rlineto stroke
 0 0.24501 dtransform truncate idtransform setlinewidth pop
newpath -59.56998 6.35 moveto
-56.77002 6.35 lineto stroke
 0.24501 0 dtransform exch truncate exch idtransform pop setlinewidth
newpath -58.17 4.95003 moveto
-58.17 7.74998 lineto stroke
 0.00002 0.00018 0.00162 setrgbcolor
newpath -57.60999 6.35 moveto
-57.60999 6.49854 -57.66899 6.64096 -57.77402 6.74599 curveto
-57.87904 6.85101 -58.02147 6.91002 -58.17 6.91002 curveto
-58.31853 6.91002 -58.46095 6.85101 -58.56598 6.74599 curveto
-58.671 6.64096 -58.73001 6.49854 -58.73001 6.35 curveto
-58.73001 6.20148 -58.671 6.05905 -58.56598 5.95403 curveto
-58.46095 5.849 -58.31853 5.79 -58.17 5.79 curveto
-58.02147 5.79 -57.87904 5.849 -57.77402 5.95403 curveto
-57.66899 6.05905 -57.60999 6.20148 -57.60999 6.35 curveto closepath fill
 0 0 0 setrgbcolor 0 0.35 dtransform truncate idtransform setlinewidth pop
newpath -58.17 6.35 moveto 0 0 rlineto stroke
 0 0.24501 dtransform truncate idtransform setlinewidth pop
newpath -55.61998 9.56 moveto
-52.82002 9.56 lineto stroke
 0.24501 0 dtransform exch truncate exch idtransform pop setlinewidth
newpath -54.22 8.16002 moveto
-54.22 10.95998 lineto stroke
 0.00002 0.00018 0.00162 setrgbcolor
newpath -53.65999 9.56 moveto
-53.65999 9.70853 -53.719 9.85095 -53.82402 9.95598 curveto
-53.92905 10.061 -54.07147 10.12001 -54.22 10.12001 curveto
-54.36853 10.12001 -54.51096 10.061 -54.61598 9.95598 curveto
-54.72101 9.85095 -54.78001 9.70853 -54.78001 9.56 curveto
-54.78001 9.41147 -54.72101 9.26904 -54.61598 9.16402 curveto
-54.51096 9.05899 -54.36853 8.99998 -54.22 8.99998 curveto
-54.07147 8.99998 -53.92905 9.05899 -53.82402 9.16402 curveto
-53.719 9.26904 -53.65999 9.41147 -53.65999 9.56 curveto closepath fill
 0 0 0 setrgbcolor 0 0.35 dtransform truncate idtransform setlinewidth pop
newpath -54.22 9.56 moveto 0 0 rlineto stroke
 0 0.24501 dtransform truncate idtransform setlinewidth pop
newpath -50.78998 14.17 moveto
-47.99002 14.17 lineto stroke
 0.24501 0 dtransform exch truncate exch idtransform pop setlinewidth
newpath -49.39 12.77002 moveto
-49.39 15.56998 lineto stroke
 0.00002 0.00018 0.00162 setrgbcolor
newpath -48.82999 14.17 moveto
-48.82999 14.31853 -48.88899 14.46095 -48.99402 14.56598 curveto
-49.09904 14.671 -49.24147 14.73001 -49.39 14.73001 curveto
-49.53853 14.73001 -49.68095 14.671 -49.78598 14.56598 curveto
-49.891 14.46095 -49.95001 14.31853 -49.95001 14.17 curveto
-49.95001 14.02147 -49.891 13.87904 -49.78598 13.77402 curveto
-49.68095 13.66899 -49.53853 13.60999 -49.39 13.60999 curveto
-49.24147 13.60999 -49.09904 13.66899 -48.99402 13.77402 curveto
-48.88899 13.87904 -48.82999 14.02147 -48.82999 14.17 curveto closepath fill
 0 0 0 setrgbcolor 0 0.35 dtransform truncate idtransform setlinewidth pop
newpath -49.39 14.17 moveto 0 0 rlineto stroke
 0 0.24501 dtransform truncate idtransform setlinewidth pop
newpath -46.02998 12.76 moveto
-43.23003 12.76 lineto stroke
 0.24501 0 dtransform exch truncate exch idtransform pop setlinewidth
newpath -44.63 11.36002 moveto
-44.63 14.15997 lineto stroke
 0.00002 0.00018 0.00162 setrgbcolor
newpath -44.06999 12.76 moveto
-44.06999 12.90852 -44.129 13.05095 -44.23402 13.15598 curveto
-44.33905 13.261 -44.48148 13.32 -44.63 13.32 curveto
-44.77853 13.32 -44.92096 13.261 -45.02599 13.15598 curveto
-45.13101 13.05095 -45.19002 12.90852 -45.19002 12.76 curveto
-45.19002 12.61147 -45.13101 12.46904 -45.02599 12.36401 curveto
-44.92096 12.25899 -44.77853 12.19998 -44.63 12.19998 curveto
-44.48148 12.19998 -44.33905 12.25899 -44.23402 12.36401 curveto
-44.129 12.46904 -44.06999 12.61147 -44.06999 12.76 curveto closepath fill
 0 0 0 setrgbcolor 0 0.35 dtransform truncate idtransform setlinewidth pop
newpath -44.63 12.76 moveto 0 0 rlineto stroke
 0 0.24501 dtransform truncate idtransform setlinewidth pop
newpath -41.07997 16.6 moveto
-38.28001 16.6 lineto stroke
 0.24501 0 dtransform exch truncate exch idtransform pop setlinewidth
newpath -39.68 15.20003 moveto
-39.68 17.99998 lineto stroke
 0.00002 0.00018 0.00162 setrgbcolor
newpath -39.11998 16.6 moveto
-39.11998 16.74854 -39.17899 16.89096 -39.28401 16.99599 curveto
-39.38904 17.10101 -39.53146 17.16002 -39.68 17.16002 curveto
-39.82852 17.16002 -39.97095 17.10101 -40.07597 16.99599 curveto
-40.181 16.89096 -40.24 16.74854 -40.24 16.6 curveto
-40.24 16.45148 -40.181 16.30905 -40.07597 16.20403 curveto
-39.97095 16.099 -39.82852 16.04 -39.68 16.04 curveto
-39.53146 16.04 -39.38904 16.099 -39.28401 16.20403 curveto
-39.17899 16.30905 -39.11998 16.45148 -39.11998 16.6 curveto closepath fill
 0 0 0 setrgbcolor 0 0.35 dtransform truncate idtransform setlinewidth pop
newpath -39.68 16.6 moveto 0 0 rlineto stroke
 0 0.24501 dtransform truncate idtransform setlinewidth pop
newpath -96.61998 -4.2 moveto
-93.82002 -4.2 lineto stroke
 0.24501 0 dtransform exch truncate exch idtransform pop setlinewidth
newpath -95.22 -5.59998 moveto
-95.22 -2.80002 lineto stroke
 0.00002 0.00018 0.00162 setrgbcolor
newpath -94.65999 -4.2 moveto
-94.65999 -4.05147 -94.719 -3.90904 -94.82402 -3.80402 curveto
-94.92905 -3.69899 -95.07147 -3.63998 -95.22 -3.63998 curveto
-95.36853 -3.63998 -95.51096 -3.69899 -95.61598 -3.80402 curveto
-95.72101 -3.90904 -95.78001 -4.05147 -95.78001 -4.2 curveto
-95.78001 -4.34853 -95.72101 -4.49095 -95.61598 -4.59598 curveto
-95.51096 -4.701 -95.36853 -4.76001 -95.22 -4.76001 curveto
-95.07147 -4.76001 -94.92905 -4.701 -94.82402 -4.59598 curveto
-94.719 -4.49095 -94.65999 -4.34853 -94.65999 -4.2 curveto closepath fill
 0 0 0 setrgbcolor 0 0.35 dtransform truncate idtransform setlinewidth pop
newpath -95.22 -4.2 moveto 0 0 rlineto stroke
 0 0.24501 dtransform truncate idtransform setlinewidth pop
newpath -86.12997 8.4 moveto
-83.33002 8.4 lineto stroke
 0.24501 0 dtransform exch truncate exch idtransform pop setlinewidth
newpath -84.73 7.00002 moveto
-84.73 9.79997 lineto stroke
 0.00002 0.00018 0.00162 setrgbcolor
newpath -84.16998 8.4 moveto
-84.16998 8.54852 -84.22899 8.69095 -84.33401 8.79597 curveto
-84.43904 8.901 -84.58147 8.96 -84.73 8.96 curveto
-84.87852 8.96 -85.02095 8.901 -85.12598 8.79597 curveto
-85.231 8.69095 -85.29001 8.54852 -85.29001 8.4 curveto
-85.29001 8.25146 -85.231 8.10904 -85.12598 8.00401 curveto
-85.02095 7.89899 -84.87852 7.83998 -84.73 7.83998 curveto
-84.58147 7.83998 -84.43904 7.89899 -84.33401 8.00401 curveto
-84.22899 8.10904 -84.16998 8.25146 -84.16998 8.4 curveto closepath fill
 0 0 0 setrgbcolor 0 0.35 dtransform truncate idtransform setlinewidth pop
newpath -84.73 8.4 moveto 0 0 rlineto stroke
 0 0.24501 dtransform truncate idtransform setlinewidth pop
newpath -104.80998 -5.48 moveto
-102.01003 -5.48 lineto stroke
 0.24501 0 dtransform exch truncate exch idtransform pop setlinewidth
newpath -103.41 -6.87997 moveto
-103.41 -4.08002 lineto stroke
 0.00002 0.00018 0.00162 setrgbcolor
newpath -102.84999 -5.48 moveto
-102.84999 -5.33147 -102.909 -5.18904 -103.01402 -5.08401 curveto
-103.11905 -4.97899 -103.26147 -4.91998 -103.41 -4.91998 curveto
-103.55853 -4.91998 -103.70096 -4.97899 -103.80598 -5.08401 curveto
-103.91101 -5.18904 -103.97002 -5.33147 -103.97002 -5.48 curveto
-103.97002 -5.62852 -103.91101 -5.77095 -103.80598 -5.87598 curveto
-103.70096 -5.981 -103.55853 -6.04001 -103.41 -6.04001 curveto
-103.26147 -6.04001 -103.11905 -5.981 -103.01402 -5.87598 curveto
-102.909 -5.77095 -102.84999 -5.62852 -102.84999 -5.48 curveto closepath fill
 0 0 0 setrgbcolor 0 0.35 dtransform truncate idtransform setlinewidth pop
newpath -103.41 -5.48 moveto 0 0 rlineto stroke
 0 0.24501 dtransform truncate idtransform setlinewidth pop
newpath -102.32997 7.77 moveto
-99.53001 7.77 lineto stroke
 0.24501 0 dtransform exch truncate exch idtransform pop setlinewidth
newpath -100.93 6.37003 moveto
-100.93 9.16998 lineto stroke
 0.00002 0.00018 0.00162 setrgbcolor
newpath -100.36998 7.77 moveto
-100.36998 7.91853 -100.42899 8.06096 -100.53401 8.16599 curveto
-100.63904 8.27101 -100.78146 8.33002 -100.93 8.33002 curveto
-101.07852 8.33002 -101.22095 8.27101 -101.32597 8.16599 curveto
-101.431 8.06096 -101.49 7.91853 -101.49 7.77 curveto
-101.49 7.62148 -101.431 7.47905 -101.32597 7.37402 curveto
-101.22095 7.269 -101.07852 7.20999 -100.93 7.20999 curveto
-100.78146 7.20999 -100.63904 7.269 -100.53401 7.37402 curveto
-100.42899 7.47905 -100.36998 7.62148 -100.36998 7.77 curveto closepath fill
 0 0 0 setrgbcolor 0 0.35 dtransform truncate idtransform setlinewidth pop
newpath -100.93 7.77 moveto 0 0 rlineto stroke
 0 0.24501 dtransform truncate idtransform setlinewidth pop
newpath -97.07997 21.61 moveto
-94.28001 21.61 lineto stroke
 0.24501 0 dtransform exch truncate exch idtransform pop setlinewidth
newpath -95.68 20.21002 moveto
-95.68 23.00998 lineto stroke
 0.00002 0.00018 0.00162 setrgbcolor
newpath -95.11998 21.61 moveto
-95.11998 21.75853 -95.17899 21.90096 -95.28401 22.00598 curveto
-95.38904 22.11101 -95.53146 22.17001 -95.68 22.17001 curveto
-95.82852 22.17001 -95.97095 22.11101 -96.07597 22.00598 curveto
-96.181 21.90096 -96.24 21.75853 -96.24 21.61 curveto
-96.24 21.46147 -96.181 21.31905 -96.07597 21.21402 curveto
-95.97095 21.109 -95.82852 21.04999 -95.68 21.04999 curveto
-95.53146 21.04999 -95.38904 21.109 -95.28401 21.21402 curveto
-95.17899 21.31905 -95.11998 21.46147 -95.11998 21.61 curveto closepath fill
 0 0 0 setrgbcolor 0 0.35 dtransform truncate idtransform setlinewidth pop
newpath -95.68 21.61 moveto 0 0 rlineto stroke
 0 0.24501 dtransform truncate idtransform setlinewidth pop
newpath -125.39998 53.92 moveto
-122.60002 53.92 lineto stroke
 0.24501 0 dtransform exch truncate exch idtransform pop setlinewidth
newpath -124 52.52002 moveto
-124 55.31998 lineto stroke
 0.00002 0.00018 0.00162 setrgbcolor
newpath -123.43999 53.92 moveto
-123.43999 54.06853 -123.499 54.21095 -123.60402 54.31598 curveto
-123.70905 54.421 -123.85147 54.48001 -124 54.48001 curveto
-124.14853 54.48001 -124.29095 54.421 -124.39598 54.31598 curveto
-124.501 54.21095 -124.56001 54.06853 -124.56001 53.92 curveto
-124.56001 53.77147 -124.501 53.62904 -124.39598 53.52402 curveto
-124.29095 53.41899 -124.14853 53.35999 -124 53.35999 curveto
-123.85147 53.35999 -123.70905 53.41899 -123.60402 53.52402 curveto
-123.499 53.62904 -123.43999 53.77147 -123.43999 53.92 curveto closepath fill
 0 0 0 setrgbcolor 0 0.35 dtransform truncate idtransform setlinewidth pop
newpath -124 53.92 moveto 0 0 rlineto stroke
 0 0.24501 dtransform truncate idtransform setlinewidth pop
newpath -80.28998 74.26 moveto
-77.49002 74.26 lineto stroke
 0.24501 0 dtransform exch truncate exch idtransform pop setlinewidth
newpath -78.89 72.86002 moveto
-78.89 75.65997 lineto stroke
 0.00002 0.00018 0.00162 setrgbcolor
newpath -78.32999 74.26 moveto
-78.32999 74.40852 -78.38899 74.55095 -78.49402 74.65598 curveto
-78.59904 74.761 -78.74147 74.82 -78.89 74.82 curveto
-79.03853 74.82 -79.18095 74.761 -79.28598 74.65598 curveto
-79.391 74.55095 -79.45001 74.40852 -79.45001 74.26 curveto
-79.45001 74.11147 -79.391 73.96904 -79.28598 73.86401 curveto
-79.18095 73.75899 -79.03853 73.69998 -78.89 73.69998 curveto
-78.74147 73.69998 -78.59904 73.75899 -78.49402 73.86401 curveto
-78.38899 73.96904 -78.32999 74.11147 -78.32999 74.26 curveto closepath fill
 0 0 0 setrgbcolor 0 0.35 dtransform truncate idtransform setlinewidth pop
newpath -78.89 74.26 moveto 0 0 rlineto stroke
 0 0.24501 dtransform truncate idtransform setlinewidth pop
newpath -54.01997 87.41 moveto
-51.22002 87.41 lineto stroke
 0.24501 0 dtransform exch truncate exch idtransform pop setlinewidth
newpath -52.62 86.01003 moveto
-52.62 88.80998 lineto stroke
 0.00002 0.00018 0.00162 setrgbcolor
newpath -52.05998 87.41 moveto
-52.05998 87.55853 -52.11899 87.70096 -52.22401 87.80598 curveto
-52.32904 87.91101 -52.47147 87.97002 -52.62 87.97002 curveto
-52.76852 87.97002 -52.91095 87.91101 -53.01598 87.80598 curveto
-53.121 87.70096 -53.18001 87.55853 -53.18001 87.41 curveto
-53.18001 87.26147 -53.121 87.11905 -53.01598 87.01402 curveto
-52.91095 86.909 -52.76852 86.84999 -52.62 86.84999 curveto
-52.47147 86.84999 -52.32904 86.909 -52.22401 87.01402 curveto
-52.11899 87.11905 -52.05998 87.26147 -52.05998 87.41 curveto closepath fill
 0 0 0 setrgbcolor 0 0.35 dtransform truncate idtransform setlinewidth pop
newpath -52.62 87.41 moveto 0 0 rlineto stroke
 0 0.24501 dtransform truncate idtransform setlinewidth pop
newpath -27.38998 108.61 moveto
-24.59003 108.61 lineto stroke
 0.24501 0 dtransform exch truncate exch idtransform pop setlinewidth
newpath -25.99 107.21002 moveto
-25.99 110.00998 lineto stroke
 0.00002 0.00018 0.00162 setrgbcolor
newpath -25.43 108.61 moveto
-25.43 108.75853 -25.489 108.90096 -25.59402 109.00598 curveto
-25.69905 109.11101 -25.84148 109.17001 -25.99 109.17001 curveto
-26.13853 109.17001 -26.28096 109.11101 -26.38599 109.00598 curveto
-26.49101 108.90096 -26.55002 108.75853 -26.55002 108.61 curveto
-26.55002 108.46147 -26.49101 108.31905 -26.38599 108.21402 curveto
-26.28096 108.109 -26.13853 108.04999 -25.99 108.04999 curveto
-25.84148 108.04999 -25.69905 108.109 -25.59402 108.21402 curveto
-25.489 108.31905 -25.43 108.46147 -25.43 108.61 curveto closepath fill
 0 0 0 setrgbcolor 0 0.35 dtransform truncate idtransform setlinewidth pop
newpath -25.99 108.61 moveto 0 0 rlineto stroke
 0 0.24501 dtransform truncate idtransform setlinewidth pop
newpath -32.71999 112.69 moveto
-29.92003 112.69 lineto stroke
 0.24501 0 dtransform exch truncate exch idtransform pop setlinewidth
newpath -31.32 111.29002 moveto
-31.32 114.08998 lineto stroke
 0.00002 0.00018 0.00162 setrgbcolor
newpath -30.76 112.69 moveto
-30.76 112.83853 -30.819 112.98096 -30.92403 113.08598 curveto
-31.02905 113.19101 -31.17148 113.25002 -31.32 113.25002 curveto
-31.46854 113.25002 -31.61096 113.19101 -31.71599 113.08598 curveto
-31.82101 112.98096 -31.88002 112.83853 -31.88002 112.69 curveto
-31.88002 112.54147 -31.82101 112.39905 -31.71599 112.29402 curveto
-31.61096 112.189 -31.46854 112.12999 -31.32 112.12999 curveto
-31.17148 112.12999 -31.02905 112.189 -30.92403 112.29402 curveto
-30.819 112.39905 -30.76 112.54147 -30.76 112.69 curveto closepath fill
 0 0 0 setrgbcolor 0 0.35 dtransform truncate idtransform setlinewidth pop
newpath -31.32 112.69 moveto 0 0 rlineto stroke
 0 0.24501 dtransform truncate idtransform setlinewidth pop
newpath -45.69998 121.2 moveto
-42.90002 121.2 lineto stroke
 0.24501 0 dtransform exch truncate exch idtransform pop setlinewidth
newpath -44.3 119.80002 moveto
-44.3 122.59998 lineto stroke
 0.00002 0.00018 0.00162 setrgbcolor
newpath -43.73999 121.2 moveto
-43.73999 121.34853 -43.799 121.49095 -43.90402 121.59598 curveto
-44.00905 121.701 -44.15147 121.76001 -44.3 121.76001 curveto
-44.44853 121.76001 -44.59096 121.701 -44.69598 121.59598 curveto
-44.80101 121.49095 -44.86002 121.34853 -44.86002 121.2 curveto
-44.86002 121.05147 -44.80101 120.90904 -44.69598 120.80402 curveto
-44.59096 120.69899 -44.44853 120.63998 -44.3 120.63998 curveto
-44.15147 120.63998 -44.00905 120.69899 -43.90402 120.80402 curveto
-43.799 120.90904 -43.73999 121.05147 -43.73999 121.2 curveto closepath fill
 0 0 0 setrgbcolor 0 0.35 dtransform truncate idtransform setlinewidth pop
newpath -44.3 121.2 moveto 0 0 rlineto stroke
 0 0.24501 dtransform truncate idtransform setlinewidth pop
newpath -57.97998 121.4 moveto
-55.18002 121.4 lineto stroke
 0.24501 0 dtransform exch truncate exch idtransform pop setlinewidth
newpath -56.58 120.00002 moveto
-56.58 122.79997 lineto stroke
 0.00002 0.00018 0.00162 setrgbcolor
newpath -56.01999 121.4 moveto
-56.01999 121.54852 -56.079 121.69095 -56.18402 121.79597 curveto
-56.28905 121.901 -56.43147 121.96 -56.58 121.96 curveto
-56.72853 121.96 -56.87096 121.901 -56.97598 121.79597 curveto
-57.08101 121.69095 -57.14001 121.54852 -57.14001 121.4 curveto
-57.14001 121.25146 -57.08101 121.10904 -56.97598 121.00401 curveto
-56.87096 120.89899 -56.72853 120.83998 -56.58 120.83998 curveto
-56.43147 120.83998 -56.28905 120.89899 -56.18402 121.00401 curveto
-56.079 121.10904 -56.01999 121.25146 -56.01999 121.4 curveto closepath fill
 0 0 0 setrgbcolor 0 0.35 dtransform truncate idtransform setlinewidth pop
newpath -56.58 121.4 moveto 0 0 rlineto stroke
 0 0.24501 dtransform truncate idtransform setlinewidth pop
newpath -65.62997 121.25 moveto
-62.83002 121.25 lineto stroke
 0.24501 0 dtransform exch truncate exch idtransform pop setlinewidth
newpath -64.23 119.85002 moveto
-64.23 122.64998 lineto stroke
 0.00002 0.00018 0.00162 setrgbcolor
newpath -63.66998 121.25 moveto
-63.66998 121.39853 -63.72899 121.54095 -63.83401 121.64598 curveto
-63.93904 121.751 -64.08147 121.81001 -64.23 121.81001 curveto
-64.37852 121.81001 -64.52095 121.751 -64.62598 121.64598 curveto
-64.731 121.54095 -64.79001 121.39853 -64.79001 121.25 curveto
-64.79001 121.10147 -64.731 120.95905 -64.62598 120.85402 curveto
-64.52095 120.749 -64.37852 120.68999 -64.23 120.68999 curveto
-64.08147 120.68999 -63.93904 120.749 -63.83401 120.85402 curveto
-63.72899 120.95905 -63.66998 121.10147 -63.66998 121.25 curveto closepath fill
 0 0 0 setrgbcolor 0 0.35 dtransform truncate idtransform setlinewidth pop
newpath -64.23 121.25 moveto 0 0 rlineto stroke
 0 0.24501 dtransform truncate idtransform setlinewidth pop
newpath -76.14998 121.58 moveto
-73.35002 121.58 lineto stroke
 0.24501 0 dtransform exch truncate exch idtransform pop setlinewidth
newpath -74.75 120.18002 moveto
-74.75 122.97998 lineto stroke
 0.00002 0.00018 0.00162 setrgbcolor
newpath -74.18999 121.58 moveto
-74.18999 121.72853 -74.249 121.87096 -74.35402 121.97598 curveto
-74.45905 122.08101 -74.60147 122.14001 -74.75 122.14001 curveto
-74.89853 122.14001 -75.04095 122.08101 -75.14598 121.97598 curveto
-75.251 121.87096 -75.31001 121.72853 -75.31001 121.58 curveto
-75.31001 121.43147 -75.251 121.28905 -75.14598 121.18402 curveto
-75.04095 121.079 -74.89853 121.01999 -74.75 121.01999 curveto
-74.60147 121.01999 -74.45905 121.079 -74.35402 121.18402 curveto
-74.249 121.28905 -74.18999 121.43147 -74.18999 121.58 curveto closepath fill
 0 0 0 setrgbcolor 0 0.35 dtransform truncate idtransform setlinewidth pop
newpath -74.75 121.58 moveto 0 0 rlineto stroke
 0 0.24501 dtransform truncate idtransform setlinewidth pop
newpath -63.37997 -58.84 moveto
-60.58002 -58.84 lineto stroke
 0.24501 0 dtransform exch truncate exch idtransform pop setlinewidth
newpath -61.98 -60.23997 moveto
-61.98 -57.44002 lineto stroke
 0.00002 0.00018 0.00162 setrgbcolor
newpath -61.41998 -58.84 moveto
-61.41998 -58.69147 -61.47899 -58.54904 -61.58401 -58.44402 curveto
-61.68904 -58.33899 -61.83147 -58.27998 -61.98 -58.27998 curveto
-62.12852 -58.27998 -62.27095 -58.33899 -62.37598 -58.44402 curveto
-62.481 -58.54904 -62.54001 -58.69147 -62.54001 -58.84 curveto
-62.54001 -58.98853 -62.481 -59.13095 -62.37598 -59.23598 curveto
-62.27095 -59.341 -62.12852 -59.40001 -61.98 -59.40001 curveto
-61.83147 -59.40001 -61.68904 -59.341 -61.58401 -59.23598 curveto
-61.47899 -59.13095 -61.41998 -58.98853 -61.41998 -58.84 curveto closepath fill
 0 0 0 setrgbcolor 0 0.35 dtransform truncate idtransform setlinewidth pop
newpath -61.98 -58.84 moveto 0 0 rlineto stroke
 0 0.24501 dtransform truncate idtransform setlinewidth pop
newpath -39.34998 -85.79 moveto
-36.55002 -85.79 lineto stroke
 0.24501 0 dtransform exch truncate exch idtransform pop setlinewidth
newpath -37.95 -87.18997 moveto
-37.95 -84.39001 lineto stroke
 0.00002 0.00018 0.00162 setrgbcolor
newpath -37.38998 -85.79 moveto
-37.38998 -85.64146 -37.44899 -85.49904 -37.55402 -85.39401 curveto
-37.65904 -85.28899 -37.80147 -85.22998 -37.95 -85.22998 curveto
-38.09853 -85.22998 -38.24095 -85.28899 -38.34598 -85.39401 curveto
-38.451 -85.49904 -38.51001 -85.64146 -38.51001 -85.79 curveto
-38.51001 -85.93852 -38.451 -86.08095 -38.34598 -86.18597 curveto
-38.24095 -86.291 -38.09853 -86.35 -37.95 -86.35 curveto
-37.80147 -86.35 -37.65904 -86.291 -37.55402 -86.18597 curveto
-37.44899 -86.08095 -37.38998 -85.93852 -37.38998 -85.79 curveto closepath fill
 0 0 0 setrgbcolor 0 0.35 dtransform truncate idtransform setlinewidth pop
newpath -37.95 -85.79 moveto 0 0 rlineto stroke
 0 0.24501 dtransform truncate idtransform setlinewidth pop
newpath -48.76997 -80.69 moveto
-45.97002 -80.69 lineto stroke
 0.24501 0 dtransform exch truncate exch idtransform pop setlinewidth
newpath -47.37 -82.08998 moveto
-47.37 -79.29002 lineto stroke
 0.00002 0.00018 0.00162 setrgbcolor
newpath -46.80998 -80.69 moveto
-46.80998 -80.54147 -46.86899 -80.39905 -46.97401 -80.29402 curveto
-47.07904 -80.189 -47.22147 -80.12999 -47.37 -80.12999 curveto
-47.51852 -80.12999 -47.66095 -80.189 -47.76598 -80.29402 curveto
-47.871 -80.39905 -47.93001 -80.54147 -47.93001 -80.69 curveto
-47.93001 -80.83853 -47.871 -80.98096 -47.76598 -81.08598 curveto
-47.66095 -81.19101 -47.51852 -81.25002 -47.37 -81.25002 curveto
-47.22147 -81.25002 -47.07904 -81.19101 -46.97401 -81.08598 curveto
-46.86899 -80.98096 -46.80998 -80.83853 -46.80998 -80.69 curveto closepath fill
 0 0 0 setrgbcolor 0 0.35 dtransform truncate idtransform setlinewidth pop
newpath -47.37 -80.69 moveto 0 0 rlineto stroke
 0 0.24501 dtransform truncate idtransform setlinewidth pop
newpath -49.02998 -66.93 moveto
-46.23003 -66.93 lineto stroke
 0.24501 0 dtransform exch truncate exch idtransform pop setlinewidth
newpath -47.63 -68.32997 moveto
-47.63 -65.53001 lineto stroke
 0.00002 0.00018 0.00162 setrgbcolor
newpath -47.06999 -66.93 moveto
-47.06999 -66.78146 -47.129 -66.63904 -47.23402 -66.53401 curveto
-47.33905 -66.42899 -47.48148 -66.36998 -47.63 -66.36998 curveto
-47.77853 -66.36998 -47.92096 -66.42899 -48.02599 -66.53401 curveto
-48.13101 -66.63904 -48.19002 -66.78146 -48.19002 -66.93 curveto
-48.19002 -67.07852 -48.13101 -67.22095 -48.02599 -67.32597 curveto
-47.92096 -67.431 -47.77853 -67.49 -47.63 -67.49 curveto
-47.48148 -67.49 -47.33905 -67.431 -47.23402 -67.32597 curveto
-47.129 -67.22095 -47.06999 -67.07852 -47.06999 -66.93 curveto closepath fill
 0 0 0 setrgbcolor 0 0.35 dtransform truncate idtransform setlinewidth pop
newpath -47.63 -66.93 moveto 0 0 rlineto stroke
 0 0.24501 dtransform truncate idtransform setlinewidth pop
newpath -21.08998 -51.23 moveto
-18.29002 -51.23 lineto stroke
 0.24501 0 dtransform exch truncate exch idtransform pop setlinewidth
newpath -19.69 -52.62997 moveto
-19.69 -49.83002 lineto stroke
 0.00002 0.00018 0.00162 setrgbcolor
newpath -19.12999 -51.23 moveto
-19.12999 -51.08147 -19.189 -50.93904 -19.29402 -50.83401 curveto
-19.39905 -50.72899 -19.54147 -50.66998 -19.69 -50.66998 curveto
-19.83853 -50.66998 -19.98096 -50.72899 -20.08598 -50.83401 curveto
-20.19101 -50.93904 -20.25002 -51.08147 -20.25002 -51.23 curveto
-20.25002 -51.37852 -20.19101 -51.52095 -20.08598 -51.62598 curveto
-19.98096 -51.731 -19.83853 -51.79001 -19.69 -51.79001 curveto
-19.54147 -51.79001 -19.39905 -51.731 -19.29402 -51.62598 curveto
-19.189 -51.52095 -19.12999 -51.37852 -19.12999 -51.23 curveto closepath fill
 0 0 0 setrgbcolor 0 0.35 dtransform truncate idtransform setlinewidth pop
newpath -19.69 -51.23 moveto 0 0 rlineto stroke
 0 0.24501 dtransform truncate idtransform setlinewidth pop
newpath 5.90002 -31.82 moveto
8.69998 -31.82 lineto stroke
 0.24501 0 dtransform exch truncate exch idtransform pop setlinewidth
newpath 7.3 -33.21999 moveto
7.3 -30.42003 lineto stroke
 0.00002 0.00018 0.00162 setrgbcolor
newpath 7.86002 -31.82 moveto
7.86002 -31.67148 7.80101 -31.52905 7.69598 -31.42403 curveto
7.59096 -31.319 7.44853 -31.26 7.3 -31.26 curveto
7.15147 -31.26 7.00905 -31.319 6.90402 -31.42403 curveto
6.799 -31.52905 6.73999 -31.67148 6.73999 -31.82 curveto
6.73999 -31.96854 6.799 -32.11096 6.90402 -32.21599 curveto
7.00905 -32.32101 7.15147 -32.38002 7.3 -32.38002 curveto
7.44853 -32.38002 7.59096 -32.32101 7.69598 -32.21599 curveto
7.80101 -32.11096 7.86002 -31.96854 7.86002 -31.82 curveto closepath fill
 0 0 0 setrgbcolor 0 0.35 dtransform truncate idtransform setlinewidth pop
newpath 7.3 -31.82 moveto 0 0 rlineto stroke
 0 0.24501 dtransform truncate idtransform setlinewidth pop
newpath 24.62003 -24.47 moveto
27.41998 -24.47 lineto stroke
 0.24501 0 dtransform exch truncate exch idtransform pop setlinewidth
newpath 26.02 -25.86998 moveto
26.02 -23.07002 lineto stroke
 0.00002 0.00018 0.00162 setrgbcolor
newpath 26.58002 -24.47 moveto
26.58002 -24.32147 26.52101 -24.17905 26.41599 -24.07402 curveto
26.31096 -23.969 26.16853 -23.90999 26.02 -23.90999 curveto
25.87148 -23.90999 25.72905 -23.969 25.62402 -24.07402 curveto
25.519 -24.17905 25.45999 -24.32147 25.45999 -24.47 curveto
25.45999 -24.61853 25.519 -24.76096 25.62402 -24.86598 curveto
25.72905 -24.97101 25.87148 -25.03001 26.02 -25.03001 curveto
26.16853 -25.03001 26.31096 -24.97101 26.41599 -24.86598 curveto
26.52101 -24.76096 26.58002 -24.61853 26.58002 -24.47 curveto closepath fill
 0 0 0 setrgbcolor 0 0.35 dtransform truncate idtransform setlinewidth pop
newpath 26.02 -24.47 moveto 0 0 rlineto stroke
 0 0.24501 dtransform truncate idtransform setlinewidth pop
newpath 45.65002 -5.65 moveto
48.44998 -5.65 lineto stroke
 0.24501 0 dtransform exch truncate exch idtransform pop setlinewidth
newpath 47.05 -7.04997 moveto
47.05 -4.25002 lineto stroke
 0.00002 0.00018 0.00162 setrgbcolor
newpath 47.61002 -5.65 moveto
47.61002 -5.50146 47.55101 -5.35904 47.44598 -5.25401 curveto
47.34096 -5.14899 47.19853 -5.08998 47.05 -5.08998 curveto
46.90147 -5.08998 46.75905 -5.14899 46.65402 -5.25401 curveto
46.549 -5.35904 46.48999 -5.50146 46.48999 -5.65 curveto
46.48999 -5.79852 46.549 -5.94095 46.65402 -6.04597 curveto
46.75905 -6.151 46.90147 -6.21 47.05 -6.21 curveto
47.19853 -6.21 47.34096 -6.151 47.44598 -6.04597 curveto
47.55101 -5.94095 47.61002 -5.79852 47.61002 -5.65 curveto closepath fill
 0 0 0 setrgbcolor 0 0.35 dtransform truncate idtransform setlinewidth pop
newpath 47.05 -5.65 moveto 0 0 rlineto stroke
 0 0.24501 dtransform truncate idtransform setlinewidth pop
newpath 59.57002 3.73 moveto
62.36998 3.73 lineto stroke
 0.24501 0 dtransform exch truncate exch idtransform pop setlinewidth
newpath 60.97 2.33002 moveto
60.97 5.12997 lineto stroke
 0.00002 0.00018 0.00162 setrgbcolor
newpath 61.53001 3.73 moveto
61.53001 3.87852 61.47101 4.02095 61.36598 4.12598 curveto
61.26096 4.231 61.11853 4.29001 60.97 4.29001 curveto
60.82147 4.29001 60.67905 4.231 60.57402 4.12598 curveto
60.469 4.02095 60.40999 3.87852 60.40999 3.73 curveto
60.40999 3.58147 60.469 3.43904 60.57402 3.33401 curveto
60.67905 3.22899 60.82147 3.16998 60.97 3.16998 curveto
61.11853 3.16998 61.26096 3.22899 61.36598 3.33401 curveto
61.47101 3.43904 61.53001 3.58147 61.53001 3.73 curveto closepath fill
 0 0 0 setrgbcolor 0 0.35 dtransform truncate idtransform setlinewidth pop
newpath 60.97 3.73 moveto 0 0 rlineto stroke
 0 0.24501 dtransform truncate idtransform setlinewidth pop
newpath 89.85002 19.07 moveto
92.64998 19.07 lineto stroke
 0.24501 0 dtransform exch truncate exch idtransform pop setlinewidth
newpath 91.25 17.67003 moveto
91.25 20.46999 lineto stroke
 0.00002 0.00018 0.00162 setrgbcolor
newpath 91.81001 19.07 moveto
91.81001 19.21854 91.751 19.36096 91.64598 19.46599 curveto
91.54095 19.57101 91.39853 19.63002 91.25 19.63002 curveto
91.10147 19.63002 90.95905 19.57101 90.85402 19.46599 curveto
90.749 19.36096 90.68999 19.21854 90.68999 19.07 curveto
90.68999 18.92148 90.749 18.77905 90.85402 18.67403 curveto
90.95905 18.569 91.10147 18.51 91.25 18.51 curveto
91.39853 18.51 91.54095 18.569 91.64598 18.67403 curveto
91.751 18.77905 91.81001 18.92148 91.81001 19.07 curveto closepath fill
 0 0 0 setrgbcolor 0 0.35 dtransform truncate idtransform setlinewidth pop
newpath 91.25 19.07 moveto 0 0 rlineto stroke
 0 0.24501 dtransform truncate idtransform setlinewidth pop
newpath 103.91002 25.81 moveto
106.70998 25.81 lineto stroke
 0.24501 0 dtransform exch truncate exch idtransform pop setlinewidth
newpath 105.31 24.41002 moveto
105.31 27.20998 lineto stroke
 0.00002 0.00018 0.00162 setrgbcolor
newpath 105.87001 25.81 moveto
105.87001 25.95853 105.811 26.10095 105.70598 26.20598 curveto
105.60095 26.311 105.45853 26.37001 105.31 26.37001 curveto
105.16147 26.37001 105.01904 26.311 104.91402 26.20598 curveto
104.80899 26.10095 104.74998 25.95853 104.74998 25.81 curveto
104.74998 25.66147 104.80899 25.51904 104.91402 25.41402 curveto
105.01904 25.30899 105.16147 25.24998 105.31 25.24998 curveto
105.45853 25.24998 105.60095 25.30899 105.70598 25.41402 curveto
105.811 25.51904 105.87001 25.66147 105.87001 25.81 curveto closepath fill
 0 0 0 setrgbcolor 0 0.35 dtransform truncate idtransform setlinewidth pop
newpath 105.31 25.81 moveto 0 0 rlineto stroke
 0 0.24501 dtransform truncate idtransform setlinewidth pop
newpath 105.01003 31.04 moveto
107.80998 31.04 lineto stroke
 0.24501 0 dtransform exch truncate exch idtransform pop setlinewidth
newpath 106.41 29.64001 moveto
106.41 32.43997 lineto stroke
 0.00002 0.00018 0.00162 setrgbcolor
newpath 106.97002 31.04 moveto
106.97002 31.18852 106.91101 31.33095 106.80598 31.43597 curveto
106.70096 31.541 106.55853 31.6 106.41 31.6 curveto
106.26147 31.6 106.11905 31.541 106.01402 31.43597 curveto
105.909 31.33095 105.84999 31.18852 105.84999 31.04 curveto
105.84999 30.89146 105.909 30.74904 106.01402 30.64401 curveto
106.11905 30.53899 106.26147 30.47998 106.41 30.47998 curveto
106.55853 30.47998 106.70096 30.53899 106.80598 30.64401 curveto
106.91101 30.74904 106.97002 30.89146 106.97002 31.04 curveto closepath fill
 0 0 0 setrgbcolor 0 0.35 dtransform truncate idtransform setlinewidth pop
newpath 106.41 31.04 moveto 0 0 rlineto stroke
 0 0.24501 dtransform truncate idtransform setlinewidth pop
newpath 124.70003 20.85 moveto
127.49998 20.85 lineto stroke
 0.24501 0 dtransform exch truncate exch idtransform pop setlinewidth
newpath 126.1 19.45003 moveto
126.1 22.24998 lineto stroke
 0.00002 0.00018 0.00162 setrgbcolor
newpath 126.66002 20.85 moveto
126.66002 20.99854 126.60101 21.14096 126.49599 21.24599 curveto
126.39096 21.35101 126.24854 21.41002 126.1 21.41002 curveto
125.95148 21.41002 125.80905 21.35101 125.70403 21.24599 curveto
125.599 21.14096 125.54 20.99854 125.54 20.85 curveto
125.54 20.70148 125.599 20.55905 125.70403 20.45403 curveto
125.80905 20.349 125.95148 20.29 126.1 20.29 curveto
126.24854 20.29 126.39096 20.349 126.49599 20.45403 curveto
126.60101 20.55905 126.66002 20.70148 126.66002 20.85 curveto closepath fill
 0 0 0 setrgbcolor 0 0.35 dtransform truncate idtransform setlinewidth pop
newpath 126.1 20.85 moveto 0 0 rlineto stroke
 0 0.24501 dtransform truncate idtransform setlinewidth pop
newpath 81.84003 54.17 moveto
84.63998 54.17 lineto stroke
 0.24501 0 dtransform exch truncate exch idtransform pop setlinewidth
newpath 83.24 52.77002 moveto
83.24 55.56998 lineto stroke
 0.00002 0.00018 0.00162 setrgbcolor
newpath 83.80002 54.17 moveto
83.80002 54.31853 83.74101 54.46095 83.63599 54.56598 curveto
83.53096 54.671 83.38853 54.73001 83.24 54.73001 curveto
83.09148 54.73001 82.94905 54.671 82.84402 54.56598 curveto
82.739 54.46095 82.68 54.31853 82.68 54.17 curveto
82.68 54.02147 82.739 53.87904 82.84402 53.77402 curveto
82.94905 53.66899 83.09148 53.60999 83.24 53.60999 curveto
83.38853 53.60999 83.53096 53.66899 83.63599 53.77402 curveto
83.74101 53.87904 83.80002 54.02147 83.80002 54.17 curveto closepath fill
 0 0 0 setrgbcolor 0 0.35 dtransform truncate idtransform setlinewidth pop
newpath 83.24 54.17 moveto 0 0 rlineto stroke
 0 0.24501 dtransform truncate idtransform setlinewidth pop
newpath 113.35002 58.99 moveto
116.14998 58.99 lineto stroke
 0.24501 0 dtransform exch truncate exch idtransform pop setlinewidth
newpath 114.75 57.59003 moveto
114.75 60.38998 lineto stroke
 0.00002 0.00018 0.00162 setrgbcolor
newpath 115.31001 58.99 moveto
115.31001 59.13853 115.251 59.28096 115.14598 59.38599 curveto
115.04095 59.49101 114.89853 59.55002 114.75 59.55002 curveto
114.60147 59.55002 114.45905 59.49101 114.35402 59.38599 curveto
114.249 59.28096 114.18999 59.13853 114.18999 58.99 curveto
114.18999 58.84148 114.249 58.69905 114.35402 58.59402 curveto
114.45905 58.489 114.60147 58.43 114.75 58.43 curveto
114.89853 58.43 115.04095 58.489 115.14598 58.59402 curveto
115.251 58.69905 115.31001 58.84148 115.31001 58.99 curveto closepath fill
 0 0 0 setrgbcolor 0 0.35 dtransform truncate idtransform setlinewidth pop
newpath 114.75 58.99 moveto 0 0 rlineto stroke
 0 0.24501 dtransform truncate idtransform setlinewidth pop
newpath 120.67003 59.32 moveto
123.46999 59.32 lineto stroke
 0.24501 0 dtransform exch truncate exch idtransform pop setlinewidth
newpath 122.07 57.92003 moveto
122.07 60.71999 lineto stroke
 0.00002 0.00018 0.00162 setrgbcolor
newpath 122.63002 59.32 moveto
122.63002 59.46854 122.57101 59.61096 122.46599 59.71599 curveto
122.36096 59.82101 122.21854 59.88002 122.07 59.88002 curveto
121.92148 59.88002 121.77905 59.82101 121.67403 59.71599 curveto
121.569 59.61096 121.51 59.46854 121.51 59.32 curveto
121.51 59.17148 121.569 59.02905 121.67403 58.92403 curveto
121.77905 58.819 121.92148 58.76 122.07 58.76 curveto
122.21854 58.76 122.36096 58.819 122.46599 58.92403 curveto
122.57101 59.02905 122.63002 59.17148 122.63002 59.32 curveto closepath fill
 0 0 0 setrgbcolor 0 0.35 dtransform truncate idtransform setlinewidth pop
newpath 122.07 59.32 moveto 0 0 rlineto stroke
 0 0.24501 dtransform truncate idtransform setlinewidth pop
newpath 124.17003 61.29 moveto
126.96999 61.29 lineto stroke
 0.24501 0 dtransform exch truncate exch idtransform pop setlinewidth
newpath 125.57 59.89001 moveto
125.57 62.68997 lineto stroke
 0.00002 0.00018 0.00162 setrgbcolor
newpath 126.13002 61.29 moveto
126.13002 61.43852 126.07101 61.58095 125.96599 61.68597 curveto
125.86096 61.791 125.71854 61.85 125.57 61.85 curveto
125.42148 61.85 125.27905 61.791 125.17403 61.68597 curveto
125.069 61.58095 125.01 61.43852 125.01 61.29 curveto
125.01 61.14146 125.069 60.99904 125.17403 60.89401 curveto
125.27905 60.78899 125.42148 60.72998 125.57 60.72998 curveto
125.71854 60.72998 125.86096 60.78899 125.96599 60.89401 curveto
126.07101 60.99904 126.13002 61.14146 126.13002 61.29 curveto closepath fill
 0 0 0 setrgbcolor 0 0.35 dtransform truncate idtransform setlinewidth pop
newpath 125.57 61.29 moveto 0 0 rlineto stroke
 0 0.24501 dtransform truncate idtransform setlinewidth pop
newpath 128.41002 52.5 moveto
131.20998 52.5 lineto stroke
 0.24501 0 dtransform exch truncate exch idtransform pop setlinewidth
newpath 129.81 51.10002 moveto
129.81 53.89998 lineto stroke
 0.00002 0.00018 0.00162 setrgbcolor
newpath 130.37001 52.5 moveto
130.37001 52.64853 130.311 52.79095 130.20598 52.89598 curveto
130.10095 53.001 129.95853 53.06001 129.81 53.06001 curveto
129.66147 53.06001 129.51904 53.001 129.41402 52.89598 curveto
129.30899 52.79095 129.24998 52.64853 129.24998 52.5 curveto
129.24998 52.35147 129.30899 52.20905 129.41402 52.10402 curveto
129.51904 51.999 129.66147 51.93999 129.81 51.93999 curveto
129.95853 51.93999 130.10095 51.999 130.20598 52.10402 curveto
130.311 52.20905 130.37001 52.35147 130.37001 52.5 curveto closepath fill
 0 0 0 setrgbcolor 0 0.35 dtransform truncate idtransform setlinewidth pop
newpath 129.81 52.5 moveto 0 0 rlineto stroke
showpage
%%EOF
