%!PS
%%BoundingBox: -74 -252 75 248 
%%HiResBoundingBox: -73.78249 -251.47 74.71524 247.6825 
%%Creator: MetaPost 1.209
%%CreationDate: 2019.09.26:1811
%%Pages: 1
%%BeginProlog
%%EndProlog
%%Page: 1 1
 0 0 0 setrgbcolor 0 0.7 dtransform truncate idtransform setlinewidth pop
 [] 0 setdash 1 setlinecap 1 setlinejoin 10 setmiterlimit
newpath 10.23 244.09 moveto
10.23 244.09 8.83 244.89 8.1 245.06 curveto
7.36 245.22 4.62 246.26 3.51 246.54 curveto
2.41 246.83 0.55 246.55 -0.09 246.43 curveto
-0.73 246.31 -2.3 246.99 -3.37 246.91 curveto
-4.45 246.83 -5.43 246.4 -6.87 245.51 curveto
-8.32 244.62 -9.3 243.18 -9.56 242.8 curveto
-9.82 242.42 -12.93 241.33 -14.04 240.82 curveto
-15.16 240.31 -19.35 239.36 -20.07 239.3 curveto
-20.79 239.25 -23.11 238.3 -24.36 237.7 curveto
-25.62 237.11 -28.48 236.69 -29.56 236.61 curveto
-30.64 236.54 -32.97 234.86 -34.02 234.35 curveto
-35.07 233.84 -37.69 232 -38.31 231.59 curveto
-38.93 231.19 -44.48 229.05 -45.4 228.76 curveto
-46.31 228.48 -49.22 227.76 -49.86 227.64 curveto
-50.5 227.53 -51.62 229.03 -52.36 229.34 curveto
-53.11 229.65 -55.34 231.65 -56.33 232.3 curveto
-57.31 232.95 -57.57 232.5 -58.28 232.3 curveto
-58.98 232.11 -61.27 230.86 -61.83 230.53 curveto
-62.38 230.2 -63.91 230.46 -64.9 230.17 curveto
-65.89 229.88 -65.68 228.96 -65.55 228.25 curveto
-65.43 227.53 -64.32 226.1 -63.85 224.69 curveto
-63.39 223.28 -64.91 222.31 -65.6 221.9 curveto
-66.29 221.49 -66.69 221.03 -66.58 220.53 curveto
-66.47 220.03 -64.96 218.99 -64.27 218.46 curveto
-63.58 217.93 -62.11 216.52 -61.66 215.26 curveto
-61.21 213.99 -60.73 209.19 -60.57 207.91 curveto
-60.41 206.62 -60.82 201.25 -61.1 200.08 curveto
-61.38 198.9 -62.27 195.09 -62.66 194.41 curveto
-63.04 193.73 -67.3 189.74 -69.18 188.67 curveto
-71.05 187.6 -72.57 188.64 -72.57 188.64 curveto stroke
newpath -73 176.49 moveto
-73 176.49 -71.3 177.05 -70.55 177.57 curveto
-69.79 178.09 -67.36 179.42 -66.91 179.7 curveto
-66.46 179.99 -63.83 181.98 -63.38 182.34 curveto
-62.94 182.69 -60.01 185.14 -59.64 185.42 curveto
-59.26 185.7 -57.88 186.52 -57.36 186.85 curveto
-56.84 187.17 -55.74 188.51 -55.51 188.82 curveto
-55.28 189.12 -54.75 190.24 -54.51 191.02 curveto
-54.28 191.79 -54.07 194.48 -54.08 195.02 curveto
-54.08 195.56 -54.62 197.72 -54.64 197.93 curveto
-54.65 198.15 -54.19 199.26 -53.67 199.59 curveto
-53.15 199.91 -53.04 202.37 -53.03 202.81 curveto
-53.03 203.24 -52.89 205.96 -52.93 206.53 curveto
-52.97 207.11 -53.68 208.5 -53.69 208.68 curveto
-53.71 208.86 -54.15 209.58 -54.18 210.02 curveto
-54.21 210.45 -53.41 211.37 -52.91 211.95 curveto
-52.41 212.52 -51.68 213.88 -51.53 214.36 curveto
-51.39 214.84 -50.81 216.9 -50.57 217.53 curveto
-50.33 218.16 -49.72 219.28 -49.49 219.99 curveto
-49.25 220.69 -48.76 221.88 -48.68 222.28 curveto
-48.6 222.68 -49.09 223.05 -48.24 223.69 curveto
-47.38 224.33 -45.38 225.05 -44.62 225.5 curveto
-43.86 225.95 -41.13 227.67 -40.4 228.08 curveto
-39.67 228.5 -38.28 229.14 -37.78 229.25 curveto
-37.28 229.35 -35.46 230.13 -34.78 230.25 curveto
-34.1 230.37 -30.99 231.24 -30.35 231.43 curveto
-29.71 231.62 -26.06 232.64 -25.39 232.86 curveto
-24.72 233.09 -20.37 234.77 -19.81 235.06 curveto
-19.25 235.35 -18.54 235.51 -17.98 235.7 curveto
-17.41 235.88 -13.69 237.92 -13.02 238.08 curveto
-12.34 238.23 -10.33 239.35 -9.65 239.47 curveto
-8.97 239.59 -7.78 240.58 -6.36 240.32 curveto
-4.93 240.06 -2.99 239.59 -2.43 239.3 curveto
-1.87 239.01 -0.67 238.48 -0.36 238.18 curveto
-0.05 237.87 0.43 236.64 0.64 236.3 curveto
0.84 235.95 1.55 235.17 1.51 234.77 curveto
1.46 234.37 0.98 233.51 1.16 233.13 curveto
1.33 232.74 1.58 232.18 2.27 232.16 curveto
2.96 232.14 3.42 232.17 3.87 232.46 curveto
4.32 232.74 4.99 233.4 5.49 234.02 curveto
5.99 234.63 6.25 235.48 6.64 235.65 curveto stroke
 0 0.24501 dtransform truncate idtransform setlinewidth pop
newpath -9.09 241.91 moveto
-9.70241 241.56107 -10.4341 241.55255 -11.11226 241.37138 curveto
-11.79753 241.18831 -12.37994 240.7611 -13 240.42 curveto
-13 240.42 lineto stroke
newpath -10.07774 243.15143 moveto
-10.50803 242.68423 -11.11205 242.41058 -11.62006 242.0214 curveto
-12.18309 241.59 -12.55768 240.97241 -13 240.42 curveto
-13 240.42 lineto
-13 240.42 lineto
-12.2966 240.49783 -11.59505 240.66965 -10.89188 240.57654 curveto
-10.25746 240.49252 -9.63684 240.25891 -9.00224 240.285 curveto
 closepath stroke
newpath -10.07774 243.15143 moveto
-10.50803 242.68423 -11.11205 242.41058 -11.62006 242.0214 curveto
-12.18309 241.59 -12.55768 240.97241 -13 240.42 curveto
-13 240.42 lineto
-13 240.42 lineto
-12.2966 240.49783 -11.59505 240.66965 -10.89188 240.57654 curveto
-10.25746 240.49252 -9.63684 240.25891 -9.00224 240.285 curveto
 closepath fill
newpath -15.16 239.59 moveto
-15.72748 238.995 -16.53554 238.60596 -17.22989 238.97304 curveto
-17.92744 239.34181 -18.59427 238.60254 -19.33 238.47 curveto
-19.33 238.47 lineto stroke
newpath -16.05681 240.76926 moveto
-16.3832 240.15234 -16.91579 239.67586 -17.58226 239.73843 curveto
-18.36784 239.8122 -18.701 238.87401 -19.33 238.47 curveto
-19.33 238.47 lineto
-19.33 238.47 lineto
-18.59956 238.3109 -17.70058 238.73871 -17.19725 238.13104 curveto
-16.77025 237.61552 -16.05672 237.57584 -15.3897 237.78125 curveto
 closepath stroke
newpath -16.05681 240.76926 moveto
-16.3832 240.15234 -16.91579 239.67586 -17.58226 239.73843 curveto
-18.36784 239.8122 -18.701 238.87401 -19.33 238.47 curveto
-19.33 238.47 lineto
-19.33 238.47 lineto
-18.59956 238.3109 -17.70058 238.73871 -17.19725 238.13104 curveto
-16.77025 237.61552 -16.05672 237.57584 -15.3897 237.78125 curveto
 closepath fill
newpath -22.18 237.85 moveto
-22.68593 237.02313 -23.74965 236.73071 -24.58452 237.21094 curveto
-25.37587 237.66614 -26.14542 236.82275 -26.98 236.54 curveto
-26.98 236.54 lineto stroke
newpath -23.54643 238.592 moveto
-23.92097 238.21097 -24.4575 238.00299 -25.02364 238.0766 curveto
-25.92896 238.19429 -26.31717 237.1206 -26.98 236.54 curveto
-26.98 236.54 lineto
-26.98 236.54 lineto
-26.10074 236.48184 -25.06702 236.96654 -24.51012 236.24313 curveto
-24.16185 235.79077 -23.63539 235.55844 -23.10112 235.563 curveto
 closepath stroke
newpath -23.54643 238.592 moveto
-23.92097 238.21097 -24.4575 238.00299 -25.02364 238.0766 curveto
-25.92896 238.19429 -26.31717 237.1206 -26.98 236.54 curveto
-26.98 236.54 lineto
-26.98 236.54 lineto
-26.10074 236.48184 -25.06702 236.96654 -24.51012 236.24313 curveto
-24.16185 235.79077 -23.63539 235.55844 -23.10112 235.563 curveto
 closepath fill
newpath -28.68 236.08 moveto
-28.89018 235.62303 -29.47375 235.48705 -29.84288 235.81514 curveto
-30.18925 236.12302 -30.59375 235.64223 -31.01 235.57 curveto
-31.01 235.57 lineto stroke
newpath -31.01 235.57 moveto
 closepath stroke
newpath -31.01 235.57 moveto
 closepath fill
 0 0.7 dtransform truncate idtransform setlinewidth pop
newpath 10.23 244.09 moveto
10.19 244.12 7.69 241.49 7.17 240.73 curveto
6.65 239.97 6.64 235.65 6.64 235.65 curveto stroke
newpath 6.64 235.65 moveto
6.64 235.65 7.63 236.44 9.57 234.49 curveto
11.51 232.54 13.69 231.32 14.38 230.72 curveto
15.07 230.12 15.82 228.73 15.53 227.7 curveto
15.25 226.67 15 225.07 15.29 224.01 curveto
15.59 222.95 16 222.25 16.04 221.61 curveto
16.09 220.96 15.97 220.09 15.7 219.85 curveto
15.43 219.62 15.14 218.66 14.91 218.28 curveto
14.69 217.91 14.49 217.64 14.23 217.19 curveto
13.98 216.74 13.55 216.6 13.47 216.23 curveto stroke
newpath 14.91 218.28 moveto
14.91 218.28 14.7 219.78 14.19 219.75 curveto
13.69 219.71 12.24 219.28 12.03 218.69 curveto
11.82 218.1 11.85 216.8 11.9 215.98 curveto
11.96 215.15 12.36 213.63 12.4 213.02 curveto
12.45 212.41 13.07 210.29 12.8 210.01 curveto
12.53 209.74 11.46 209.56 10.64 209.39 curveto
9.83 209.22 9.39 208.8 9.03 207.72 curveto
8.68 206.65 7.99 205.2 8.03 204.55 curveto
8.08 203.9 8.25 204.02 8.88 203.75 curveto
9.52 203.47 10.54 202.75 10.57 202.32 curveto
10.6 201.88 8.42 200.57 8.37 200.32 curveto
8.32 200.06 8.97 198.48 9.22 197.56 curveto
9.46 196.64 9.93 194.62 9.97 194.08 curveto
10.01 193.54 9.02 191.2 8.72 190.89 curveto
8.42 190.58 6.61 186.01 6.21 185.58 curveto
5.81 185.16 5.44 183.69 6.4 182.93 curveto
7.35 182.17 9.65 180.89 10.14 180.6 curveto
10.63 180.31 12.61 179.26 13.33 178.84 curveto
14.04 178.42 14.26 177.9 14.54 177.09 curveto
14.81 176.28 14.72 175.04 15.1 174.67 curveto
15.49 174.31 16.25 174.76 16.82 174.91 curveto
17.39 175.06 21.41 177.87 21.81 178.3 curveto
22.21 178.72 24.88 180.79 25.35 181.22 curveto
25.83 181.65 26.96 182.45 27.26 182.8 curveto
27.56 183.15 27.73 184.28 28.97 182.56 curveto
30.21 180.85 31.08 179.9 31.6 179.57 curveto
32.13 179.25 32.65 179 33.72 178.75 curveto
34.78 178.5 35.98 177.94 36.67 177.88 curveto
37.36 177.82 38.29 177.82 38.97 178.41 curveto
39.65 179 41.34 181.17 41.82 181.46 curveto
42.31 181.75 43.46 183.27 44.36 183.34 curveto
45.25 183.4 46.86 183.59 47.75 183.29 curveto
48.64 182.99 50.84 182.5 51.95 182.15 curveto
53.05 181.79 54.64 181.29 55.52 181.07 curveto
56.4 180.84 58.69 180.14 59.11 179.85 curveto
59.53 179.55 60.07 179.48 60.55 178.4 curveto
61.02 177.31 60.98 176.44 61.51 176.08 curveto
62.04 175.73 63.16 175.16 63.84 174.66 curveto
64.53 174.17 65.33 173.54 65.73 173 curveto
66.13 172.45 66.22 172.27 66.94 171.75 curveto
67.66 171.22 68.54 170.53 68.83 170.08 curveto
69.11 169.63 70.03 168.9 70.19 168.19 curveto
70.35 167.48 69.36 166.11 68.98 165.43 curveto
68.59 164.76 67.35 162.9 67.1 162.49 curveto
66.84 162.07 63.58 157.18 63.17 156.9 curveto
62.75 156.62 59.98 153.5 59.59 152.96 curveto
59.19 152.43 57.02 149.06 56.68 148.71 curveto
56.34 148.37 55.46 147.11 55 146.43 curveto
54.55 145.75 51.39 142.89 50.68 142.22 curveto
49.97 141.56 47.18 139.27 46.52 138.93 curveto
45.86 138.59 40.94 135.17 40.64 134.83 curveto
40.34 134.48 35.02 130.71 34.72 130.33 curveto
34.42 129.94 31.48 127.68 30.89 126.77 curveto
30.31 125.86 27.8 125.68 29.54 122.49 curveto
31.28 119.29 32.79 117.38 33.36 116.48 curveto
33.93 115.58 35.3 114.53 35.81 113.55 curveto
36.31 112.58 36.94 111.76 37.45 110.79 curveto
37.95 109.81 38.54 108.55 38.54 108.55 curveto
38.54 108.55 36.98 107.33 36.28 106.99 curveto
35.58 106.65 34.07 106.18 33.73 105.87 curveto stroke
newpath 35.25 103.01 moveto
39.77 105.47 lineto
39.77 105.47 39.7 103.44 40.64 103.44 curveto
41.58 103.43 45.16 104.84 46.8 105.11 curveto
48.44 105.37 52.59 105.95 53.81 106.04 curveto
55.03 106.13 59.13 107.36 60.19 107.58 curveto
61.26 107.8 62.55 108.98 63.96 108.43 curveto
65.37 107.88 67.9 106.83 68.25 105.92 curveto
68.6 105.01 69.79 103.5 67.96 99.91 curveto
66.12 96.31 62.3 92.22 61.49 91.44 curveto
60.68 90.66 54.94 85.05 54.27 84.35 curveto
53.6 83.66 52.02 81.52 51.11 80.16 curveto
50.2 78.79 49.08 77.27 48.69 76.66 curveto
48.3 76.06 47.98 77.41 46.87 75.88 curveto
45.75 74.36 34.31 61.78 33.37 60.7 curveto
32.44 59.63 25.18 50.16 24.31 49.09 curveto
23.45 48.02 19.81 43.5 19.14 42.66 curveto
18.48 41.82 17.94 41.34 18.43 40.51 curveto
18.92 39.68 19.74 39.38 19.09 38.4 curveto
18.44 37.41 14.46 32.44 13.87 31.6 curveto
13.28 30.76 12.27 27.81 11.78 26.54 curveto
11.29 25.28 9.71 24.16 11.14 22.39 curveto
12.56 20.61 13.29 20.59 13.36 19.59 curveto
13.43 18.58 12.16 18.2 11.14 17.26 curveto
10.13 16.32 6.01 13.29 5.13 12.58 curveto
4.24 11.86 2.79 8.87 3.08 6.95 curveto
3.36 5.02 4.45 2.86 4.67 1.86 curveto
4.88 0.87 5.72 -0.8 4.97 -1.36 curveto
4.22 -1.92 2.97 -3.67 1.8 -4.4 curveto
0.62 -5.14 0.67 -5.85 0.83 -8.08 curveto
0.99 -10.3 2.4 -13.88 2.49 -15.1 curveto
2.58 -16.32 0.18 -23.21 -1.36 -24.9 curveto
-2.9 -26.6 -5.33 -29.95 -6.12 -31.02 curveto
-6.91 -32.08 -9.14 -36.21 -9.45 -37.89 curveto
-9.76 -39.57 -11.69 -47.87 -12.24 -49.28 curveto
-12.79 -50.69 -13.65 -54.79 -13.97 -55.46 curveto
-14.28 -56.13 -15.71 -58.25 -15.04 -58.57 curveto
-14.37 -58.88 -12.07 -57.71 -11.25 -59.09 curveto
-10.43 -60.47 -11.42 -62.85 -11.77 -64.03 curveto
-12.11 -65.21 -13.03 -65.57 -11.98 -68.09 curveto
-10.93 -70.61 -12.04 -69.32 -11.04 -71.2 curveto
-10.04 -73.07 -9.17 -74.09 -8.92 -75.59 curveto
-8.67 -77.09 -7.8 -79.05 -7 -80.22 curveto
-6.19 -81.39 -4.47 -82.34 -4.1 -83.47 curveto
-3.73 -84.6 -5.09 -86.79 -5.68 -87.55 curveto
-6.28 -88.32 -10.86 -93.84 -11.46 -94.53 curveto
-12.06 -95.23 -14.42 -99.58 -15.15 -101.43 curveto
-15.88 -103.29 -18.49 -109.18 -18.55 -110.48 curveto
-18.6 -111.78 -20.01 -114.26 -17.11 -115.36 curveto
-14.22 -116.45 -11.35 -116.24 -10.25 -117.46 curveto
-9.16 -118.68 -6.99 -119.68 -8.09 -122.5 curveto
-9.19 -125.32 -8.95 -126.61 -9.81 -127.75 curveto
-10.66 -128.89 -13.07 -130.58 -14.18 -131.17 curveto
-15.29 -131.75 -18.53 -132.92 -16.03 -135.63 curveto
-13.52 -138.33 -11.88 -141.17 -11.1 -141.98 curveto
-10.32 -142.79 -7.59 -144.55 -5.97 -146.09 curveto
-4.34 -147.63 -1.96 -150.64 -1.21 -152.03 curveto
-0.46 -153.42 0.22 -154.96 1.44 -156.82 curveto
2.65 -158.68 4.45 -160.64 4.22 -162.39 curveto
3.98 -164.14 3.03 -166.01 3.17 -166.87 curveto
3.3 -167.72 4.14 -166.37 4.98 -165.94 curveto
5.81 -165.52 8.04 -163.34 8.5 -162.73 curveto
8.96 -162.12 10.9 -160.04 11.86 -159.32 curveto
12.82 -158.6 18.39 -153.66 19.58 -153.21 curveto
20.78 -152.77 21.8 -152.91 23.58 -151.63 curveto
25.37 -150.34 27.71 -148.88 28.32 -148.33 curveto
28.93 -147.78 31.16 -148.63 32.01 -149.44 curveto
32.86 -150.24 36.8 -153.86 37.61 -155.03 curveto
38.41 -156.19 40.01 -157.31 41.03 -158.53 curveto
42.06 -159.76 43.29 -161.91 43.5 -163.84 curveto
43.72 -165.77 44.96 -165.97 44.07 -167.7 curveto
43.18 -169.42 40.77 -172.04 40.26 -172.95 curveto
39.75 -173.85 37.53 -175.16 38.31 -176.91 curveto
39.08 -178.66 41.4 -180.8 42.14 -181.11 curveto
42.89 -181.42 43.55 -182.6 43.84 -183.66 curveto
44.13 -184.72 43.09 -185.3 42.62 -185.84 curveto
42.16 -186.38 42.25 -187.6 42.01 -188.41 curveto
41.78 -189.22 39.59 -190.82 39.04 -192.23 curveto
38.49 -193.64 38.14 -194.74 39.03 -196.12 curveto
39.92 -197.5 41.06 -198.22 41.17 -198.78 curveto
41.28 -199.35 39.49 -200.49 38.6 -201.28 curveto
37.72 -202.06 34.09 -204.77 33.1 -204.99 curveto
32.1 -205.21 30.92 -207.89 30.36 -209.08 curveto
29.8 -210.28 27.64 -212.38 26.83 -213.23 curveto
26.03 -214.08 21.15 -219.55 20.71 -220.52 curveto
20.28 -221.49 16.65 -227.24 16.27 -227.98 curveto
15.89 -228.73 12.61 -234.31 11.94 -235.08 curveto
11.27 -235.85 8.95 -238.68 8.3 -239.59 curveto
7.64 -240.51 6.18 -243.35 4.17 -243.5 curveto
2.16 -243.64 -4.6 -243.98 -4.6 -243.98 curveto stroke
 0 0.24501 dtransform truncate idtransform setlinewidth pop
newpath -11.12 -62.96 moveto
-10.21722 -62.13898 -8.97043 -63.34946 -9.70638 -64.23663 curveto
-10.21692 -64.85208 -9.21838 -65.41512 -9.09 -66.08 curveto
-9.09 -66.08 lineto stroke
newpath -9.09 -66.08 moveto
 closepath stroke
newpath -9.09 -66.08 moveto
 closepath fill
newpath -7.79 -72.19 moveto
-6.83691 -72.5648 -6.92073 -73.95528 -7.83841 -74.88586 curveto
-8.52412 -75.58122 -7.80684 -76.5923 -7.11 -77.44 curveto
-7.11 -77.44 lineto stroke
newpath -8.6498 -73.74823 moveto
-8.50783 -74.21182 -8.53214 -74.79684 -8.7604 -75.35905 curveto
-9.1278 -76.26389 -8.07819 -76.92351 -7.11 -77.44 curveto
-7.11 -77.44 lineto
-7.11 -77.44 lineto
-7.42938 -76.39015 -7.70514 -75.18155 -6.80551 -74.80156 curveto
-6.24655 -74.56543 -5.81569 -74.16895 -5.58827 -73.74075 curveto
 closepath stroke
newpath -8.6498 -73.74823 moveto
-8.50783 -74.21182 -8.53214 -74.79684 -8.7604 -75.35905 curveto
-9.1278 -76.26389 -8.07819 -76.92351 -7.11 -77.44 curveto
-7.11 -77.44 lineto
-7.11 -77.44 lineto
-7.42938 -76.39015 -7.70514 -75.18155 -6.80551 -74.80156 curveto
-6.24655 -74.56543 -5.81569 -74.16895 -5.58827 -73.74075 curveto
 closepath fill
newpath -6.32 -78.47 moveto
-4.85834 -78.41748 -3.773 -79.56322 -4.3012 -80.56206 curveto
-4.91501 -81.72281 -2.93716 -81.93924 -2.48 -82.82 curveto
-2.48 -82.82 lineto stroke
newpath -5.60085 -80.31796 moveto
-5.2154 -80.56302 -4.98178 -80.9536 -5.02664 -81.43091 curveto
-5.14954 -82.73819 -3.23943 -82.18124 -2.48 -82.82 curveto
-2.48 -82.82 lineto
-2.48 -82.82 lineto
-2.56529 -81.83133 -4.30975 -80.87448 -3.29846 -80.03699 curveto
-2.92923 -79.73122 -2.81824 -79.28986 -2.9175 -78.844 curveto
 closepath stroke
newpath -5.60085 -80.31796 moveto
-5.2154 -80.56302 -4.98178 -80.9536 -5.02664 -81.43091 curveto
-5.14954 -82.73819 -3.23943 -82.18124 -2.48 -82.82 curveto
-2.48 -82.82 lineto
-2.48 -82.82 lineto
-2.56529 -81.83133 -4.30975 -80.87448 -3.29846 -80.03699 curveto
-2.92923 -79.73122 -2.81824 -79.28986 -2.9175 -78.844 curveto
 closepath fill
newpath -1.98 -84.03 moveto
-1.68718 -84.06306 -1.57953 -84.39104 -1.47801 -84.67862 curveto
-1.38342 -84.94661 -1.14757 -85.13095 -0.88 -85.23 curveto
-0.88 -85.23 lineto stroke
newpath -0.88 -85.23 moveto
 closepath stroke
newpath -0.88 -85.23 moveto
 closepath fill
 0 0.35 dtransform truncate idtransform setlinewidth pop
newpath -14.35002 -132.33003 moveto
-14.35002 -135.02496 lineto
-15.08499 -136.24995 lineto stroke
newpath -14.35002 -135.02496 moveto
-13.61505 -136.24995 lineto stroke
newpath -12.25 -132.33003 moveto
-12.25 -135.02496 lineto
-12.98497 -136.24995 lineto stroke
newpath -12.25 -135.02496 moveto
-11.51503 -136.24995 lineto stroke
newpath -10.14998 -132.33003 moveto
-10.14998 -135.02496 lineto
-10.88495 -136.24995 lineto stroke
newpath -10.14998 -135.02496 moveto
-9.41501 -136.24995 lineto stroke
 0 0.24501 dtransform truncate idtransform setlinewidth pop
newpath 43.46 -182.36 moveto
43.39804 -182.1028 43.61928 -181.86493 43.88876 -181.89511 curveto
44.12883 -181.922 44.13889 -181.59775 44.22 -181.36 curveto
44.22 -181.36 lineto stroke
newpath 44.22 -181.36 moveto
 closepath stroke
newpath 44.22 -181.36 moveto
 closepath fill
 0 0.35 dtransform truncate idtransform setlinewidth pop
newpath 47.75 -182.4 moveto
48.7 -182.5 48.8 -183.44 49.02 -183.91 curveto
49.25 -184.39 48.96 -185.65 49.01 -186.28 curveto
49.05 -186.92 48.27 -188.07 48.27 -188.07 curveto stroke
newpath 47.81 -189.8 moveto
47.81 -189.8 48.97 -188.46 49.2 -187.96 curveto
49.43 -187.46 49.88 -185.43 49.81 -184.91 curveto
49.74 -184.39 49.67 -182.97 49.1 -182.41 curveto
48.54 -181.84 47.69 -181.48 47.27 -181.14 curveto stroke
 0 0.24501 dtransform truncate idtransform setlinewidth pop
newpath -8.75 -67.07 moveto
-8.1636 -67.5636 -7.91159 -68.37338 -8.36803 -68.91704 curveto
-8.83034 -69.46768 -8.12888 -70.12428 -8.08 -70.78 curveto
-8.08 -70.78 lineto stroke
newpath -8.08 -70.78 moveto
 closepath stroke
newpath -8.08 -70.78 moveto
 closepath fill
 0 0.7 dtransform truncate idtransform setlinewidth pop
newpath 6.59 -251.12 moveto
6.59 -251.12 6.87 -248.86 6.95 -248.06 curveto
7.04 -247.26 6.74 -246.13 7.75 -245.12 curveto
8.76 -244.11 12.15 -240.04 12.81 -239.13 curveto
13.46 -238.21 15.93 -235.37 16.45 -234.54 curveto
16.97 -233.71 20.17 -229.08 20.95 -227.87 curveto
21.73 -226.66 23.22 -223.23 23.61 -222.63 curveto
24 -222.02 27.48 -217.3 28.3 -216.66 curveto
29.12 -216.03 32.82 -211.22 33.45 -209.87 curveto
34.07 -208.53 35.26 -206.93 36.07 -206.15 curveto
36.88 -205.37 39.89 -203.06 40.7 -202.28 curveto
41.51 -201.5 43.74 -199.47 43.46 -197.47 curveto
43.17 -195.47 43.16 -193.38 43.06 -192.88 curveto
42.95 -192.38 44.02 -193.24 45.08 -192.95 curveto
46.14 -192.66 47.3 -190.63 47.81 -189.8 curveto stroke
 0.7 0 dtransform exch truncate exch idtransform pop setlinewidth
newpath 48.27 -188.07 moveto
48.27 -188.07 48.11 -186.89 48.22 -186.38 curveto
48.33 -185.86 48.34 -185.03 48.36 -184.74 curveto
48.37 -184.45 48.13 -183.68 48.11 -183.35 curveto
48.09 -183.03 47.75 -182.4 47.75 -182.4 curveto stroke
 0 0.7 dtransform truncate idtransform setlinewidth pop
newpath 47.27 -181.14 moveto
47.27 -181.14 45.24 -179.59 44.63 -179.06 curveto
44.01 -178.52 42.48 -177.19 42.11 -177.18 curveto
41.75 -177.17 40.88 -176.62 40.8 -176.48 curveto
40.72 -176.34 41.34 -175.39 41.64 -175.05 curveto
41.94 -174.7 43.21 -172.84 43.72 -172.37 curveto
44.23 -171.91 45.47 -170.19 46.03 -169.83 curveto
46.58 -169.46 47.08 -168.99 47.53 -168.6 curveto
47.97 -168.21 49.34 -166.78 49.69 -166.14 curveto
50.05 -165.5 50.09 -164.63 50.09 -164.63 curveto stroke
newpath 50.09 -164.63 moveto
51.08 -163.84 lineto stroke
newpath 50.08 -162.47 moveto
48.75 -163.57 lineto stroke
newpath 48.75 -163.57 moveto
48.75 -163.57 45.68 -161.66 45.79 -161.09 curveto
45.9 -160.53 45.77 -159.13 45.36 -158.04 curveto
44.96 -156.95 43.46 -155.35 41.99 -154.71 curveto
40.42 -154.03 38.8 -152.52 38.34 -152.12 curveto
37.88 -151.72 34.27 -148.26 33.96 -147.96 curveto
33.65 -147.66 32.1 -146.18 31.88 -145.59 curveto
31.66 -144.99 31.19 -144.52 31.29 -144.33 curveto
31.38 -144.14 33.95 -141.22 33.95 -141.22 curveto stroke
newpath 29.84 -138.73 moveto
29.84 -138.73 27.96 -142.69 26.94 -143.16 curveto
25.93 -143.63 22.9 -146.16 22.22 -146.67 curveto
21.53 -147.19 18.66 -150.46 17.93 -150.88 curveto
17.21 -151.29 14.49 -153.68 13.94 -154.05 curveto
13.39 -154.41 12.47 -155.24 12.16 -155.44 curveto
11.85 -155.64 11.98 -155.88 10.84 -155.6 curveto
9.7 -155.33 8.32 -154.74 7.86 -154.84 curveto
7.4 -154.95 6.09 -155.8 5.7 -155.39 curveto
5.31 -154.99 1.86 -151.21 1.54 -150.74 curveto
1.22 -150.27 -2.26 -145.47 -2.95 -144.87 curveto
-3.65 -144.27 -5.51 -142.34 -6.51 -141.48 curveto
-7.51 -140.61 -8.81 -139.62 -9.18 -138.96 curveto
-9.56 -138.3 -11.1 -135.92 -11.14 -135.39 curveto
-11.17 -134.85 -10.94 -133.6 -10.7 -133.41 curveto
-10.46 -133.21 -9.15 -131.35 -8.53 -130.98 curveto
-7.91 -130.61 -7.82 -130.78 -7.23 -130.49 curveto
-6.64 -130.19 -4.43 -127.76 -4.17 -127.35 curveto
-3.91 -126.93 -3.35 -126.17 -3.23 -125.87 curveto
-3.11 -125.58 -1.57 -124.89 -1.57 -124.89 curveto stroke
newpath -1.85 -124.01 moveto
-3.12 -124.85 lineto
-3.12 -124.85 -3.93 -120.58 -4.15 -119.99 curveto
-4.38 -119.39 -5.16 -117.53 -5.85 -117 curveto
-6.53 -116.48 -10.26 -114.33 -10.52 -114.27 curveto
-10.77 -114.22 -11.22 -113.49 -12.39 -114.26 curveto
-13.57 -115.03 -13.31 -114.62 -13.31 -114.62 curveto
-13.31 -114.62 -14.15 -112.37 -14.19 -111.9 curveto
-14.22 -111.43 -13.84 -108.2 -13.59 -107.67 curveto
-13.34 -107.15 -9.9 -101.71 -9.4 -101.1 curveto
-8.91 -100.48 -3.56 -91.51 -3.04 -90.72 curveto
-2.52 -89.92 -0.42 -85.91 -0.13 -85.39 curveto
0.15 -84.86 0.59 -82.96 -1.25 -80.92 curveto
-3.09 -78.89 -6.37 -75.88 -6.59 -74.85 curveto
-6.81 -73.82 -6.86 -71.55 -6.85 -70.68 curveto
-6.84 -69.81 -7.26 -67.93 -7.63 -66.88 curveto
-7.99 -65.82 -8.29 -64.22 -8.54 -63.73 curveto
-8.79 -63.24 -9.23 -63.17 -8.89 -61.92 curveto
-8.54 -60.66 -7.62 -58.87 -7.44 -57.88 curveto
-7.26 -56.89 -7.27 -52.78 -7.14 -51.51 curveto
-7.01 -50.24 -6.46 -45.36 -6.4 -44.64 curveto
-6.35 -43.91 -5.79 -40.05 -5.45 -39.37 curveto
-5.1 -38.7 -4.72 -36.94 -4.07 -36.35 curveto
-3.43 -35.77 -2.3 -34.96 -1.62 -34.41 curveto
-0.93 -33.86 -0.38 -34.07 -0.27 -32.04 curveto
-0.16 -30.01 -0.38 -28.44 0.56 -27.44 curveto
1.49 -26.43 4.65 -21.59 4.97 -21.02 curveto
5.29 -20.46 6.87 -16.27 6.88 -15.94 curveto
6.89 -15.62 6.44 -14.82 6.31 -14.54 curveto
6.18 -14.26 6.77 -13.9 6.77 -13.9 curveto stroke
newpath 6.22 -12.31 moveto
5.37 -13.06 lineto
3.39 -9.09 lineto
3.39 -9.09 2.37 -7.46 2.37 -6.92 curveto
2.37 -6.38 3.86 -5.59 4.62 -4.99 curveto
5.37 -4.4 7.52 -2.66 8.03 -2.3 curveto
8.55 -1.94 9.49 -1.47 10.36 0.9 curveto
11.24 3.27 12.04 6.76 11.98 7.62 curveto
11.92 8.48 11.67 9.36 10.95 9.42 curveto
10.22 9.48 8.78 9.37 8.23 9.51 curveto
7.68 9.66 6.88 9.74 6.4 9.92 curveto
5.92 10.11 4.54 10.19 6.07 11.06 curveto
7.59 11.92 9.17 13.01 9.69 13.41 curveto
10.2 13.8 12.96 16.6 13.4 17.03 curveto
13.84 17.46 15.29 18.32 14.57 21.3 curveto
13.85 24.28 13.8 25.53 14.28 26.36 curveto
14.76 27.19 14.95 29.59 16.7 31.87 curveto
18.45 34.16 18.98 35.9 19.6 36.34 curveto
20.21 36.78 21.29 37.43 21.46 38.06 curveto
21.63 38.69 21.89 39.03 21.86 39.5 curveto
21.83 39.96 21.77 40.25 22.27 40.79 curveto
22.78 41.33 28.02 47.73 28.62 48.39 curveto
29.22 49.04 31.66 52.39 32.21 53.22 curveto
32.76 54.06 43.89 67.05 44.42 67.7 curveto
44.95 68.35 46.9 70.87 47.3 71.26 curveto
47.71 71.65 49.24 73.53 49.65 73.85 curveto
50.06 74.17 51.03 76.25 52.27 78.04 curveto
53.51 79.82 55.37 82.12 55.91 82.59 curveto
56.46 83.07 60.43 86.53 61.22 87.16 curveto
62 87.79 64.84 90.99 65.52 91.58 curveto
66.2 92.17 68 93.78 68.39 94.38 curveto
68.78 94.99 69.38 96.69 69.65 97.36 curveto
69.93 98.03 71.49 101.5 71.79 102.31 curveto
72.09 103.13 72.29 104.33 72.51 104.82 curveto
72.73 105.3 73.54 107.06 71.54 109.87 curveto
69.53 112.69 67.97 115.39 67.81 116.1 curveto
67.65 116.81 66.89 118.88 66.57 119.37 curveto
66.24 119.85 65.41 120.4 64.36 118.88 curveto
63.32 117.37 58.93 115.61 57.48 115.25 curveto
56.03 114.89 49.54 112.73 48.31 112.32 curveto
47.07 111.91 43.85 109.58 43.22 112.35 curveto
42.59 115.12 42.04 117.16 41.61 117.67 curveto
41.17 118.18 37.33 119.69 36.5 120.53 curveto
36.05 120.99 34.93 121.83 35.83 123.33 curveto
36.73 124.84 38.21 126.9 38.71 127.47 curveto
39.21 128.05 43.43 133.15 44.26 133.72 curveto
45.08 134.28 49.57 138.07 51.1 138.97 curveto
52.62 139.87 55.07 141.92 55.84 142.34 curveto
56.6 142.75 60.04 146.18 60.88 147.54 curveto
61.72 148.89 65.86 154.6 66.5 155.73 curveto
67.14 156.86 69.19 160.47 70.12 161.55 curveto
71.05 162.62 73.63 166.99 74.01 167.74 curveto
74.39 168.49 74.7 169.09 73.64 169.88 curveto
72.57 170.67 70.15 173.24 69.58 174.14 curveto
69.01 175.03 67.41 177.3 67.34 178.31 curveto
67.26 179.31 66.86 181.95 66.99 183.12 curveto
67.12 184.28 67.08 185.86 67.08 185.86 curveto stroke
newpath 66.2 186.09 moveto
66.2 186.09 64.72 182.52 63.85 182.6 curveto
62.98 182.68 58.12 184.14 56.93 184.63 curveto
55.74 185.12 50.94 186.66 50.32 187.19 curveto
49.71 187.72 44.41 190.16 43.62 190.1 curveto
42.83 190.05 39.26 187.48 38.41 187.35 curveto
37.55 187.22 34.79 187.52 34.36 188.5 curveto
33.93 189.48 33.81 192.14 32.09 192.96 curveto
30.37 193.77 26.54 193.93 25.03 192.81 curveto
23.52 191.7 22.56 188.96 21.34 187.86 curveto
20.12 186.76 17.68 184.64 16.68 184.49 curveto
15.68 184.35 15.17 183.38 14.52 184.34 curveto
13.88 185.3 13.24 187.14 12.95 188.27 curveto
12.65 189.4 12.92 192.67 13.2 193.77 curveto
13.48 194.87 13.28 200.71 13.36 201.72 curveto
13.43 202.74 13.49 205.92 13.83 206.16 curveto
14.18 206.4 15.32 207.49 15.38 208.79 curveto
15.43 210.09 15.76 212.43 15.82 213.66 curveto
15.88 214.89 17.32 216.87 17.94 218.28 curveto
18.56 219.7 18.82 221.16 19.26 221.98 curveto
19.71 222.81 19.33 223 18.59 224.24 curveto
17.86 225.49 18.29 227.47 18.39 228.12 curveto
18.48 228.78 17.99 230.62 17.29 231.29 curveto
16.6 231.96 15.72 234.13 15.72 236.22 curveto
15.71 238.31 15.59 239.96 15.62 240.62 curveto
15.65 241.27 17.44 243.41 17.44 243.41 curveto stroke
 0 0.24501 dtransform truncate idtransform setlinewidth pop
newpath -73.65997 177.12 moveto
-70.86002 177.12 lineto stroke
 0.24501 0 dtransform exch truncate exch idtransform pop setlinewidth
newpath -72.26 175.72002 moveto
-72.26 178.51997 lineto stroke
 0.00002 0.00018 0.00038 setrgbcolor
newpath -71.69998 177.12 moveto
-71.69998 177.26852 -71.75899 177.41095 -71.86401 177.51598 curveto
-71.96904 177.621 -72.11147 177.68001 -72.26 177.68001 curveto
-72.40852 177.68001 -72.55095 177.621 -72.65598 177.51598 curveto
-72.761 177.41095 -72.82 177.26852 -72.82 177.12 curveto
-72.82 176.97147 -72.761 176.82904 -72.65598 176.72401 curveto
-72.55095 176.61899 -72.40852 176.55998 -72.26 176.55998 curveto
-72.11147 176.55998 -71.96904 176.61899 -71.86401 176.72401 curveto
-71.75899 176.82904 -71.69998 176.97147 -71.69998 177.12 curveto closepath fill
 0 0 0 setrgbcolor 0 0.35 dtransform truncate idtransform setlinewidth pop
newpath -72.26 177.12 moveto 0 0 rlineto stroke
 0 0.24501 dtransform truncate idtransform setlinewidth pop
newpath -61.33998 193.06 moveto
-58.54002 193.06 lineto stroke
 0.24501 0 dtransform exch truncate exch idtransform pop setlinewidth
newpath -59.94 191.66002 moveto
-59.94 194.45998 lineto stroke
 0.00002 0.00018 0.00038 setrgbcolor
newpath -59.37999 193.06 moveto
-59.37999 193.20853 -59.439 193.35095 -59.54402 193.45598 curveto
-59.64905 193.561 -59.79147 193.62001 -59.94 193.62001 curveto
-60.08853 193.62001 -60.23096 193.561 -60.33598 193.45598 curveto
-60.44101 193.35095 -60.50002 193.20853 -60.50002 193.06 curveto
-60.50002 192.91147 -60.44101 192.76904 -60.33598 192.66402 curveto
-60.23096 192.55899 -60.08853 192.49998 -59.94 192.49998 curveto
-59.79147 192.49998 -59.64905 192.55899 -59.54402 192.66402 curveto
-59.439 192.76904 -59.37999 192.91147 -59.37999 193.06 curveto closepath fill
 0 0 0 setrgbcolor 0 0.35 dtransform truncate idtransform setlinewidth pop
newpath -59.94 193.06 moveto 0 0 rlineto stroke
 0 0.24501 dtransform truncate idtransform setlinewidth pop
newpath -57.38998 213.99 moveto
-54.59003 213.99 lineto stroke
 0.24501 0 dtransform exch truncate exch idtransform pop setlinewidth
newpath -55.99 212.59003 moveto
-55.99 215.38998 lineto stroke
 0.00002 0.00018 0.00038 setrgbcolor
newpath -55.43 213.99 moveto
-55.43 214.13853 -55.489 214.28096 -55.59402 214.38599 curveto
-55.69905 214.49101 -55.84148 214.55002 -55.99 214.55002 curveto
-56.13853 214.55002 -56.28096 214.49101 -56.38599 214.38599 curveto
-56.49101 214.28096 -56.55002 214.13853 -56.55002 213.99 curveto
-56.55002 213.84148 -56.49101 213.69905 -56.38599 213.59402 curveto
-56.28096 213.489 -56.13853 213.43 -55.99 213.43 curveto
-55.84148 213.43 -55.69905 213.489 -55.59402 213.59402 curveto
-55.489 213.69905 -55.43 213.84148 -55.43 213.99 curveto closepath fill
 0 0 0 setrgbcolor 0 0.35 dtransform truncate idtransform setlinewidth pop
newpath -55.99 213.99 moveto 0 0 rlineto stroke
 0 0.24501 dtransform truncate idtransform setlinewidth pop
newpath -52.77998 223.28 moveto
-49.98003 223.28 lineto stroke
 0.24501 0 dtransform exch truncate exch idtransform pop setlinewidth
newpath -51.38 221.88002 moveto
-51.38 224.67998 lineto stroke
 0.00002 0.00018 0.00038 setrgbcolor
newpath -50.81999 223.28 moveto
-50.81999 223.42853 -50.879 223.57095 -50.98402 223.67598 curveto
-51.08905 223.781 -51.23148 223.84001 -51.38 223.84001 curveto
-51.52853 223.84001 -51.67096 223.781 -51.77599 223.67598 curveto
-51.88101 223.57095 -51.94002 223.42853 -51.94002 223.28 curveto
-51.94002 223.13147 -51.88101 222.98904 -51.77599 222.88402 curveto
-51.67096 222.77899 -51.52853 222.71999 -51.38 222.71999 curveto
-51.23148 222.71999 -51.08905 222.77899 -50.98402 222.88402 curveto
-50.879 222.98904 -50.81999 223.13147 -50.81999 223.28 curveto closepath fill
 0 0 0 setrgbcolor 0 0.35 dtransform truncate idtransform setlinewidth pop
newpath -51.38 223.28 moveto 0 0 rlineto stroke
 0 0.24501 dtransform truncate idtransform setlinewidth pop
newpath -39.03998 229.49 moveto
-36.24002 229.49 lineto stroke
 0.24501 0 dtransform exch truncate exch idtransform pop setlinewidth
newpath -37.64 228.09003 moveto
-37.64 230.88998 lineto stroke
 0.00002 0.00018 0.00038 setrgbcolor
newpath -37.07999 229.49 moveto
-37.07999 229.63853 -37.13899 229.78096 -37.24402 229.88599 curveto
-37.34904 229.99101 -37.49147 230.05002 -37.64 230.05002 curveto
-37.78853 230.05002 -37.93095 229.99101 -38.03598 229.88599 curveto
-38.141 229.78096 -38.20001 229.63853 -38.20001 229.49 curveto
-38.20001 229.34148 -38.141 229.19905 -38.03598 229.09402 curveto
-37.93095 228.989 -37.78853 228.93 -37.64 228.93 curveto
-37.49147 228.93 -37.34904 228.989 -37.24402 229.09402 curveto
-37.13899 229.19905 -37.07999 229.34148 -37.07999 229.49 curveto closepath fill
 0 0 0 setrgbcolor 0 0.35 dtransform truncate idtransform setlinewidth pop
newpath -37.64 229.49 moveto 0 0 rlineto stroke
 0 0.24501 dtransform truncate idtransform setlinewidth pop
newpath -20.70998 235.86 moveto
-17.91002 235.86 lineto stroke
 0.24501 0 dtransform exch truncate exch idtransform pop setlinewidth
newpath -19.31 234.46002 moveto
-19.31 237.25998 lineto stroke
 0.00002 0.00018 0.00038 setrgbcolor
newpath -18.74998 235.86 moveto
-18.74998 236.00853 -18.80899 236.15096 -18.91402 236.25598 curveto
-19.01904 236.36101 -19.16147 236.42001 -19.31 236.42001 curveto
-19.45853 236.42001 -19.60095 236.36101 -19.70598 236.25598 curveto
-19.811 236.15096 -19.87001 236.00853 -19.87001 235.86 curveto
-19.87001 235.71147 -19.811 235.56905 -19.70598 235.46402 curveto
-19.60095 235.359 -19.45853 235.29999 -19.31 235.29999 curveto
-19.16147 235.29999 -19.01904 235.359 -18.91402 235.46402 curveto
-18.80899 235.56905 -18.74998 235.71147 -18.74998 235.86 curveto closepath fill
 0 0 0 setrgbcolor 0 0.35 dtransform truncate idtransform setlinewidth pop
newpath -19.31 235.86 moveto 0 0 rlineto stroke
 0 0.24501 dtransform truncate idtransform setlinewidth pop
newpath -10.14998 241.8 moveto
-7.35002 241.8 lineto stroke
 0.24501 0 dtransform exch truncate exch idtransform pop setlinewidth
newpath -8.75 240.40002 moveto
-8.75 243.19998 lineto stroke
 0.00002 0.00018 0.00038 setrgbcolor
newpath -8.18999 241.8 moveto
-8.18999 241.94853 -8.249 242.09096 -8.35402 242.19598 curveto
-8.45905 242.30101 -8.60147 242.36002 -8.75 242.36002 curveto
-8.89853 242.36002 -9.04095 242.30101 -9.14598 242.19598 curveto
-9.251 242.09096 -9.31001 241.94853 -9.31001 241.8 curveto
-9.31001 241.65147 -9.251 241.50905 -9.14598 241.40402 curveto
-9.04095 241.299 -8.89853 241.23999 -8.75 241.23999 curveto
-8.60147 241.23999 -8.45905 241.299 -8.35402 241.40402 curveto
-8.249 241.50905 -8.18999 241.65147 -8.18999 241.8 curveto closepath fill
 0 0 0 setrgbcolor 0 0.35 dtransform truncate idtransform setlinewidth pop
newpath -8.75 241.8 moveto 0 0 rlineto stroke
 0 0.24501 dtransform truncate idtransform setlinewidth pop
newpath -3.25998 246.16 moveto
-0.46002 246.16 lineto stroke
 0.24501 0 dtransform exch truncate exch idtransform pop setlinewidth
newpath -1.86 244.76003 moveto
-1.86 247.55998 lineto stroke
 0.00002 0.00018 0.00038 setrgbcolor
newpath -1.29999 246.16 moveto
-1.29999 246.30853 -1.359 246.45096 -1.46402 246.55598 curveto
-1.56905 246.66101 -1.71147 246.72002 -1.86 246.72002 curveto
-2.00853 246.72002 -2.15096 246.66101 -2.25598 246.55598 curveto
-2.36101 246.45096 -2.42001 246.30853 -2.42001 246.16 curveto
-2.42001 246.01147 -2.36101 245.86905 -2.25598 245.76402 curveto
-2.15096 245.659 -2.00853 245.59999 -1.86 245.59999 curveto
-1.71147 245.59999 -1.56905 245.659 -1.46402 245.76402 curveto
-1.359 245.86905 -1.29999 246.01147 -1.29999 246.16 curveto closepath fill
 0 0 0 setrgbcolor 0 0.35 dtransform truncate idtransform setlinewidth pop
newpath -1.86 246.16 moveto 0 0 rlineto stroke
 0 0.24501 dtransform truncate idtransform setlinewidth pop
newpath 0.63002 245.2 moveto
3.42998 245.2 lineto stroke
 0.24501 0 dtransform exch truncate exch idtransform pop setlinewidth
newpath 2.03 243.80002 moveto
2.03 246.59998 lineto stroke
 0.00002 0.00018 0.00038 setrgbcolor
newpath 2.59001 245.2 moveto
2.59001 245.34853 2.531 245.49095 2.42598 245.59598 curveto
2.32095 245.701 2.17853 245.76001 2.03 245.76001 curveto
1.88147 245.76001 1.73904 245.701 1.63402 245.59598 curveto
1.52899 245.49095 1.46999 245.34853 1.46999 245.2 curveto
1.46999 245.05147 1.52899 244.90904 1.63402 244.80402 curveto
1.73904 244.69899 1.88147 244.63998 2.03 244.63998 curveto
2.17853 244.63998 2.32095 244.69899 2.42598 244.80402 curveto
2.531 244.90904 2.59001 245.05147 2.59001 245.2 curveto closepath fill
 0 0 0 setrgbcolor 0 0.35 dtransform truncate idtransform setlinewidth pop
newpath 2.03 245.2 moveto 0 0 rlineto stroke
 0 0.24501 dtransform truncate idtransform setlinewidth pop
newpath 8.40002 242.07 moveto
11.19998 242.07 lineto stroke
 0.24501 0 dtransform exch truncate exch idtransform pop setlinewidth
newpath 9.8 240.67003 moveto
9.8 243.46999 lineto stroke
 0.00002 0.00018 0.00038 setrgbcolor
newpath 10.36002 242.07 moveto
10.36002 242.21854 10.30101 242.36096 10.19598 242.46599 curveto
10.09096 242.57101 9.94853 242.63002 9.8 242.63002 curveto
9.65147 242.63002 9.50905 242.57101 9.40402 242.46599 curveto
9.299 242.36096 9.23999 242.21854 9.23999 242.07 curveto
9.23999 241.92148 9.299 241.77905 9.40402 241.67403 curveto
9.50905 241.569 9.65147 241.51 9.8 241.51 curveto
9.94853 241.51 10.09096 241.569 10.19598 241.67403 curveto
10.30101 241.77905 10.36002 241.92148 10.36002 242.07 curveto closepath fill
 0 0 0 setrgbcolor 0 0.35 dtransform truncate idtransform setlinewidth pop
newpath 9.8 242.07 moveto 0 0 rlineto stroke
 0 0.24501 dtransform truncate idtransform setlinewidth pop
newpath 0.33002 232.96 moveto
3.12997 232.96 lineto stroke
 0.24501 0 dtransform exch truncate exch idtransform pop setlinewidth
newpath 1.73 231.56003 moveto
1.73 234.35999 lineto stroke
 0.00002 0.00018 0.00038 setrgbcolor
newpath 2.29001 232.96 moveto
2.29001 233.10854 2.231 233.25096 2.12598 233.35599 curveto
2.02095 233.46101 1.87852 233.52002 1.73 233.52002 curveto
1.58147 233.52002 1.43904 233.46101 1.33401 233.35599 curveto
1.22899 233.25096 1.16998 233.10854 1.16998 232.96 curveto
1.16998 232.81148 1.22899 232.66905 1.33401 232.56403 curveto
1.43904 232.459 1.58147 232.4 1.73 232.4 curveto
1.87852 232.4 2.02095 232.459 2.12598 232.56403 curveto
2.231 232.66905 2.29001 232.81148 2.29001 232.96 curveto closepath fill
 0 0 0 setrgbcolor 0 0.35 dtransform truncate idtransform setlinewidth pop
newpath 1.73 232.96 moveto 0 0 rlineto stroke
showpage
%%EOF
