TRIP
DATE 2005-07-02 
DECLINATION     0.00
DATA
274.0	274.1	35.33	-7.31	17.877	>
274.1		58.89	-2.12	3.409	>
274.1		63.62	-79.02	2.139	>
274.1		262.46	2.09	0.137	>
274.1		175.67	79.32	3.789	>
274.1	274.2	28.85	-1.31	5.627	>
274.2		159.02	-1.33	1.807	>
274.2		65.46	-86.67	1.739	>
274.2		238.47	2.59	4.574	>
274.2		342.26	2.18	0.131	>
274.2		153.35	-79.84	3.553	>
274.2		109.26	86.25	1.345	>
274.2		216.54	17.45	4.650	>
274.2		211.90	28.05	2.860	>
274.2		91.68	22.64	3.484	>
274.2		87.12	-4.89	5.428	>
274.2		103.81	-6.93	3.068	>
274.2		82.32	-1.78	7.434	>
274.2		73.28	0.32	8.329	>
274.2		73.82	-3.39	7.296	>
274.2		66.94	-4.34	8.596	>
274.2	274.3	66.89	-4.20	8.661	>
274.3		208.00	70.24	1.159	>
274.3		251.79	13.97	3.007	>
274.3		249.74	5.66	5.656	>
274.3		232.34	12.33	5.133	>
274.3		334.97	-17.13	1.657	>
274.3		36.87	-84.17	0.689	>
274.3		345.96	-89.81	2.511	>
274.3	274.4	61.56	-16.96	4.953	>
274.4		329.85	-0.37	0.781	>
274.4		18.08	84.59	0.546	>
274.4		353.99	-88.25	1.251	>
274.4		263.99	-88.25	1.254	>
274.4	274.5	66.28	-5.10	5.284	>
274.5		161.53	0.40	0.575	>
274.5		116.57	88.36	1.170	>
274.5		228.18	-83.69	0.928	>
274.5		230.31	9.61	2.085	>
274.5		284.35	-6.40	2.753	>
274.5		226.88	-5.40	2.689	>
274.5		236.74	52.19	2.397	>
274.5		257.19	2.97	5.238	>
274.5	274.6	78.92	3.24	5.709	>
274.6		172.37	87.04	2.192	>
274.6		345.96	-85.47	1.148	>
274.6		345.44	-33.14	1.838	>
274.6		336.75	-2.11	0.705	>
274.6		161.42	-3.66	1.003	>
274.6		54.91	66.73	4.108	>
274.6		62.43	28.81	1.689	>
274.6		277.83	31.59	2.799	>
274.6		232.94	25.26	2.491	>
274.6	274.7	62.83	-1.26	3.693	>
274.7		161.44	-9.36	0.892	>
274.7		334.57	1.27	0.135	>
274.7		170.54	89.01	1.060	>
274.7		244.80	-85.05	1.089	>
274.7		164.55	-32.93	1.744	>
274.7		343.98	-53.80	1.270	>
274.7		99.58	32.60	1.747	>
274.7		236.35	35.38	1.503	>
274.7		106.80	47.91	2.333	>
274.7		239.52	41.26	1.193	>
274.7		241.69	18.50	7.900	>
274.7		244.85	14.34	1.938	>
274.7		250.48	14.03	7.848	>
274.7		261.54	11.77	4.366	>
274.7	274.8	83.87	3.35	2.976	>
274.8		331.15	-0.50	0.796	>
274.8		6.23	-84.73	1.304	>
274.8		202.56	87.07	2.754	>
274.8		257.66	49.69	1.049	>
274.8		252.23	26.48	1.823	>
274.8		336.03	-41.07	1.665	>
274.8		169.98	-50.67	1.460	>
274.8		69.79	70.78	2.945	>
274.8	274.9	80.51	-0.79	6.130	>
274.9		160.87	-3.38	0.813	>
274.9		88.51	82.08	2.236	>
274.9		250.02	-85.93	1.154	>
274.9		285.47	-14.39	4.274	>
274.9		241.03	-11.98	4.612	>
274.9		274.50	1.78	3.148	>
274.9		243.38	3.28	1.938	>
274.9		252.04	1.82	3.812	>
274.9		355.09	-8.10	2.031	>
274.9		164.34	-27.51	2.448	>
274.9		249.09	0.31	3.743	>
274.9		258.55	0.59	4.243	>
274.9		245.75	1.56	2.280	>
274.9	274.10	89.39	-6.57	3.715	>
274.10		29.05	88.12	1.570	>
274.10		194.60	-13.46	1.371	>
274.10		4.23	-12.46	2.318	>
274.10		359.47	17.25	0.674	>
274.10		36.71	42.28	0.590	>
274.10		183.49	48.17	0.592	>
274.10		235.24	-8.89	3.799	>
274.10		302.11	-9.16	3.651	>
274.10	274.11	101.79	-0.65	5.514	>
274.11		192.09	-0.67	1.027	>
274.11		126.69	-86.17	0.952	>
274.11		18.22	-14.72	1.885	>
274.11		191.73	-32.10	1.882	>
274.11		324.54	-5.25	3.931	>
274.11		307.31	-4.34	6.050	>
274.11		299.37	2.45	3.527	>
274.11		258.20	3.31	1.817	>
274.11		248.01	77.93	4.930	>
274.11		283.44	53.56	5.237	>
274.11	274.12	130.72	15.13	5.210	>
274.12		32.04	5.81	1.730	>
274.12		312.52	-12.16	5.113	>
274.12		305.56	-17.44	4.093	>
274.12		318.07	-22.03	2.588	>
274.12		322.42	-82.66	2.272	>
274.12		254.74	88.58	1.378	>
274.12		176.21	88.60	13.621	>
274.12		200.03	-42.26	3.215	>
274.12		296.25	-25.22	1.819	>
274.12		28.02	9.80	1.838	>
274.12		315.62	19.53	3.805	>
274.12		296.86	29.55	2.208	>
274.12		47.09	-72.82	2.099	>
274.12	274.13	113.16	12.14	7.346	>
274.13		283.62	-9.20	2.440	>
274.13		253.20	83.58	12.520	>
274.13		278.26	-43.50	5.093	>
274.13		327.14	-19.77	2.848	>
274.13		352.74	-1.91	1.441	>
274.13		210.12	-34.68	1.708	>
274.13		11.15	-0.86	2.136	>
274.13	274.14	136.89	3.74	12.300	>

PLAN
STATIONS
0.000	0.000	1.0
0.000	0.000	274.0
10.253	14.467	274.1
12.967	19.394	274.2
20.912	22.784	274.3
25.078	25.040	274.4
29.896	27.157	274.5
35.490	28.252	274.6
38.775	29.938	274.7
41.729	30.255	274.8
47.774	31.266	274.9
51.464	31.305	274.10
56.861	30.178	274.11
60.673	26.897	274.12
67.276	24.072	274.13
75.665	15.112	274.14
SHOTS
67.276	24.072	75.665	15.112
60.673	26.897	67.276	24.072
67.276	24.072	64.935	24.639
67.276	24.072	65.935	23.667
67.276	24.072	63.620	24.603
67.276	24.072	65.822	26.323
67.276	24.072	67.094	25.501
67.276	24.072	66.571	22.857
67.276	24.072	67.689	26.167
56.861	30.178	60.673	26.897
60.673	26.897	61.586	28.356
60.673	26.897	56.989	30.275
60.673	26.897	57.496	29.168
60.673	26.897	59.070	28.682
60.673	26.897	60.496	27.127
60.673	26.897	60.640	26.888
60.673	26.897	60.695	26.565
60.673	26.897	59.858	24.662
60.673	26.897	59.197	27.625
60.673	26.897	61.524	28.496
60.673	26.897	58.165	29.460
60.673	26.897	58.959	27.765
60.673	26.897	61.127	27.319
51.464	31.305	56.861	30.178
56.861	30.178	56.646	29.174
56.861	30.178	56.912	30.140
56.861	30.178	57.431	31.910
56.861	30.178	56.537	28.617
56.861	30.178	54.590	33.366
56.861	30.178	52.063	33.835
56.861	30.178	53.790	31.906
56.861	30.178	55.085	29.807
56.861	30.178	55.905	29.792
56.861	30.178	53.835	30.901
47.774	31.266	51.464	31.305
51.464	31.305	51.489	31.350
51.464	31.305	51.128	30.015
51.464	31.305	51.631	33.562
51.464	31.305	51.458	31.949
51.464	31.305	51.725	31.655
51.464	31.305	51.440	30.911
51.464	31.305	48.380	29.165
51.464	31.305	48.411	33.221
41.729	30.255	47.774	31.266
47.774	31.266	48.040	30.499
47.774	31.266	48.082	31.274
47.774	31.266	47.697	31.238
47.774	31.266	43.784	32.370
47.774	31.266	43.827	29.081
47.774	31.266	44.637	31.513
47.774	31.266	46.044	30.399
47.774	31.266	44.150	30.091
47.774	31.266	47.602	33.269
47.774	31.266	48.360	29.175
47.774	31.266	44.278	29.930
47.774	31.266	43.616	30.424
47.774	31.266	45.696	30.330
38.775	29.938	41.729	30.255
41.729	30.255	41.345	30.952
41.729	30.255	41.742	30.374
41.729	30.255	41.675	30.125
41.729	30.255	41.066	30.110
41.729	30.255	40.175	29.757
41.729	30.255	41.219	31.402
41.729	30.255	41.890	29.344
41.729	30.255	42.639	30.590
35.490	28.252	38.775	29.938
38.775	29.938	39.055	29.104
38.775	29.938	38.717	30.060
38.775	29.938	38.778	29.920
38.775	29.938	38.690	29.898
38.775	29.938	39.165	28.527
38.775	29.938	38.568	30.659
38.775	29.938	40.226	29.693
38.775	29.938	37.755	29.259
38.775	29.938	40.272	29.486
38.775	29.938	38.002	29.483
38.775	29.938	32.180	26.385
38.775	29.938	37.075	29.140
38.775	29.938	31.599	27.394
38.775	29.938	34.547	29.309
29.896	27.157	35.490	28.252
35.490	28.252	35.505	28.140
35.490	28.252	35.468	28.340
35.490	28.252	35.103	29.742
35.490	28.252	35.212	28.899
35.490	28.252	35.809	27.303
35.490	28.252	36.818	29.185
35.490	28.252	36.802	28.937
35.490	28.252	33.128	28.577
35.490	28.252	33.692	26.894
25.078	25.040	29.896	27.157
29.896	27.157	30.078	26.612
29.896	27.157	29.926	27.142
29.896	27.157	29.820	27.089
29.896	27.157	28.314	25.844
29.896	27.157	27.246	27.835
29.896	27.157	27.942	25.327
29.896	27.157	28.667	26.351
29.896	27.157	24.795	25.997
20.912	22.784	25.078	25.040
25.078	25.040	24.686	25.715
25.078	25.040	25.094	25.089
25.078	25.040	25.074	25.078
25.078	25.040	25.040	25.036
12.967	19.394	20.912	22.784
20.912	22.784	20.728	22.438
20.912	22.784	18.140	21.872
20.912	22.784	15.632	20.835
20.912	22.784	16.942	19.720
20.912	22.784	20.242	24.219
20.912	22.784	20.954	22.840
20.912	22.784	20.910	22.792
10.253	14.467	12.967	19.394
12.967	19.394	13.614	17.707
12.967	19.394	13.059	19.436
12.967	19.394	9.072	17.004
12.967	19.394	12.927	19.519
12.967	19.394	13.248	18.834
12.967	19.394	13.050	19.365
12.967	19.394	10.326	15.830
12.967	19.394	11.633	17.251
12.967	19.394	16.181	19.300
12.967	19.394	18.368	19.666
12.967	19.394	15.925	18.667
12.967	19.394	20.331	20.387
12.967	19.394	20.944	21.790
12.967	19.394	19.962	21.423
12.967	19.394	20.854	22.751
0.000	0.000	10.253	14.467
10.253	14.467	13.170	16.227
10.253	14.467	10.618	14.648
10.253	14.467	10.117	14.449
10.253	14.467	10.306	13.767
0.000	0.000	0.000	0.000
POLYLINE BLACK
32.695	1.160
32.845	1.310
33.445	1.310
33.745	1.385
34.120	1.385
34.645	1.535
34.795	1.460
POLYLINE BLACK
31.645	-0.115
31.120	-0.490
30.670	-1.240
30.595	-1.915
30.895	-2.365
31.195	-2.590
31.420	-2.590
31.870	-2.215
32.095	-1.690
32.095	-1.090
32.170	-0.940
32.095	-0.640
32.020	-0.940
32.095	-1.390
32.095	-1.615
32.245	-1.915
32.545	-1.990
32.920	-1.465
32.995	-1.090
32.995	-0.715
32.920	-0.565
33.370	-1.240
33.520	-1.165
33.670	-0.790
33.670	-0.265
32.920	2.660
32.920	2.885
32.920	2.885
33.070	2.210
34.045	-0.190
34.645	-0.865
POLYLINE BLACK
26.695	-2.815
26.545	-2.890
26.320	-3.190
26.245	-3.565
26.170	-3.715
26.170	-4.090
26.470	-4.540
26.620	-4.690
26.845	-4.315
26.545	-2.440
26.245	-1.390
26.095	-1.015
26.245	-1.840
26.395	-2.215
26.395	-2.440
26.620	-3.040
26.770	-3.190
26.845	-3.415
27.295	-3.865
27.520	-3.940
27.670	-3.865
27.820	-3.490
27.820	-2.890
27.670	-2.440
27.595	-2.590
27.595	-3.115
27.895	-3.565
28.345	-3.790
28.570	-3.790
28.720	-3.865
29.020	-3.790
29.395	-3.490
29.620	-2.740
29.620	-2.440
29.695	-2.815
29.695	-3.265
29.845	-2.890
29.845	-2.665
30.070	-1.915
POLYLINE BLACK
24.895	-4.465
24.895	-4.165
24.745	-3.565
24.520	-3.265
24.895	-4.015
25.270	-5.215
25.495	-5.515
25.270	-5.140
24.970	-4.240
24.970	-4.015
24.820	-3.415
24.970	-3.340
25.270	-3.715
25.345	-3.940
25.495	-4.090
25.570	-4.315
26.095	-5.065
POLYLINE BLACK
25.045	-3.715
POLYLINE BLACK
23.245	-3.940
23.320	-4.240
23.770	-4.765
24.370	-5.290
24.520	-5.290
POLYLINE BLACK
21.895	-4.240
22.120	-4.540
22.195	-4.765
22.345	-4.915
22.420	-5.140
23.170	-5.965
23.545	-6.040
23.695	-6.040
23.845	-5.665
23.845	-5.440
23.770	-5.290
23.770	-5.065
23.695	-4.840
POLYLINE BLACK
21.895	0.560
22.420	-0.115
22.570	-0.190
22.795	0.110
22.795	0.410
22.645	0.410
22.570	0.110
22.570	-0.190
22.870	-0.415
23.170	-0.340
23.320	0.035
23.320	0.260
23.245	0.560
23.545	0.185
23.845	0.035
24.070	0.710
24.070	1.085
24.220	1.010
24.370	0.710
24.445	1.010
24.445	1.910
24.520	2.060
24.820	1.610
24.820	1.460
24.895	1.310
24.895	1.460
24.970	1.760
24.970	1.985
25.045	2.285
25.720	1.535
25.870	1.460
26.020	1.610
26.020	1.760
26.095	1.910
26.095	2.735
26.020	2.885
26.020	3.110
25.870	3.560
25.870	3.785
25.795	3.935
26.020	3.635
26.620	2.135
26.620	2.810
26.695	3.035
26.845	3.185
26.995	3.185
27.295	2.885
27.295	2.735
27.445	2.585
27.445	2.435
27.520	2.135
27.445	1.985
27.070	1.835
27.445	2.285
27.670	2.435
27.745	2.660
28.270	3.260
28.420	3.485
28.420	3.785
28.120	4.085
27.820	4.085
27.520	3.860
27.445	3.185
27.445	3.035
27.670	2.735
27.970	2.585
28.420	2.885
29.020	4.460
29.095	3.860
29.245	3.560
29.245	3.335
29.395	3.035
29.545	3.185
29.545	3.410
29.845	4.235
30.445	4.910
POLYLINE BLACK
20.770	1.985
21.220	0.785
21.445	-0.190
POLYLINE BLACK
20.245	1.235
19.795	0.485
19.645	-0.115
19.645	-0.340
20.020	-1.015
20.245	-1.240
20.395	-1.240
20.845	-0.865
21.070	-0.190
21.070	0.785
POLYLINE BLACK
24.370	7.685
24.370	6.935
24.520	6.485
24.520	6.635
24.595	6.785
24.595	7.160
24.670	7.310
24.670	7.535
24.745	7.685
25.045	7.460
25.120	7.310
25.120	7.085
25.345	6.560
25.420	6.185
POLYLINE BLACK
23.620	8.735
POLYLINE BLACK
24.145	7.160
23.995	6.635
24.295	5.885
POLYLINE BLACK
21.820	6.410
21.445	6.110
21.145	5.585
21.145	5.360
21.220	5.210
21.595	5.135
21.970	5.135
22.645	5.435
22.870	5.960
22.870	6.110
22.795	6.410
22.720	6.785
22.720	6.185
22.945	5.735
23.470	5.360
23.620	5.360
POLYLINE BLACK
19.045	6.635
19.570	4.235
18.820	6.185
18.895	6.335
19.195	6.410
19.270	6.260
19.495	6.110
19.720	5.735
19.870	4.910
19.870	4.610
19.645	5.360
19.645	6.260
19.795	6.635
19.945	6.785
20.095	6.785
20.770	6.560
21.070	6.260
21.295	5.510
21.295	4.760
POLYLINE BLACK
8.170	-0.715
8.170	-1.390
8.245	-2.140
8.620	-3.415
8.770	-3.640
8.845	-3.940
9.295	-4.915
9.445	-5.065
POLYLINE BLACK
6.145	0.635
6.445	-0.865
6.745	-2.065
6.970	-2.590
7.270	-2.815
7.795	-2.815
8.620	-2.440
9.295	-1.915
10.195	-0.940
10.420	-0.640
POLYLINE BLACK
2.770	-1.015
3.070	-0.865
3.220	-0.865
4.645	-0.190
4.795	-0.190
4.945	-0.115
5.095	-0.265
5.020	-0.640
5.020	-0.865
4.720	-1.915
4.720	-2.140
4.345	-3.115
4.345	-3.265
POLYLINE BLACK
-0.305	-2.965
0.520	-2.440
1.420	-2.065
2.245	-1.690
2.320	-1.990
2.170	-2.665
1.420	-4.390
1.570	-4.465
2.245	-4.315
3.595	-3.265
4.045	-3.040
POLYLINE BLACK
75.895	25.235
POLYLINE BLACK
78.670	5.585
78.520	5.435
POLYLINE BLACK
82.420	19.160
81.670	18.260
81.295	16.985
81.295	16.760
81.220	16.385
81.445	15.935
81.970	15.785
82.120	15.785
82.945	16.460
83.020	16.685
83.545	17.510
83.545	17.885
83.620	18.260
83.545	18.410
83.545	18.635
83.320	19.460
83.170	19.610
83.020	19.535
82.870	19.610
82.645	19.610
82.195	19.385
POLYLINE BLACK
80.845	19.235
80.320	18.935
79.720	18.035
79.495	17.135
79.570	16.760
79.945	16.160
80.395	16.385
80.545	16.685
80.545	16.835
80.620	17.135
80.620	17.435
80.470	17.810
80.170	17.810
79.795	17.735
POLYLINE BLACK
76.345	17.735
76.795	17.735
77.995	18.110
78.595	18.335
78.670	18.185
78.445	17.660
78.295	17.060
77.845	15.860
77.545	15.410
POLYLINE BLACK
62.610	25.350
62.570	25.310
62.570	25.190
62.610	25.150
POLYLINE BLACK
62.810	25.470
62.730	25.450
62.630	25.310
62.610	25.230
62.670	25.150
62.770	25.110
62.950	25.130
63.010	25.190
62.970	25.250
62.830	25.290
POLYLINE BLACK
63.390	25.690
63.270	25.550
63.230	25.450
63.230	25.370
63.330	25.210
63.470	25.170
63.650	25.230
63.810	25.370
63.810	25.430
63.590	25.570
63.530	25.570
63.430	25.590
63.350	25.590
POLYLINE BLACK
64.310	26.370
64.210	26.310
64.170	26.230
64.310	26.090
64.470	26.070
64.570	26.110
64.610	26.150
64.350	26.370
64.250	26.410
64.170	26.370
POLYLINE BLACK
63.910	25.210
63.930	25.250
63.910	25.370
63.750	25.470
63.610	25.510
POLYLINE BLACK
63.690	25.470
63.630	25.370
63.630	25.250
63.650	25.170
POLYLINE BLACK
64.370	25.750
64.190	25.470
64.190	25.330
64.270	25.270
64.370	25.290
64.490	25.370
64.530	25.490
64.510	25.630
64.470	25.730
64.390	25.750
64.290	25.750
POLYLINE BLACK
66.850	25.770
66.650	25.670
66.530	25.510
66.450	25.330
66.430	25.170
66.470	25.030
66.510	24.970
66.610	24.950
66.690	24.930
66.770	24.950
66.930	25.110
67.010	25.370
67.010	25.510
66.930	25.710
66.930	25.770
66.810	25.850
66.750	25.830
66.710	25.850
POLYLINE BLACK
66.930	24.690
66.790	24.610
66.710	24.490
66.690	24.350
66.670	24.290
66.670	24.190
66.690	24.110
66.810	23.990
66.910	23.990
67.050	24.090
67.130	24.270
67.130	24.470
67.090	24.670
66.930	24.850
66.790	24.930
66.730	24.930
66.650	24.950
POLYLINE BLACK
66.570	24.030
66.530	24.030
66.370	23.910
66.250	23.670
66.230	23.470
66.290	23.250
66.410	23.130
66.570	23.170
66.790	23.390
66.830	23.490
66.830	23.570
66.810	23.670
66.590	23.890
66.370	24.010
66.310	24.010
66.190	24.050
POLYLINE BLACK
66.190	24.850
65.870	24.690
65.750	24.550
65.690	24.370
65.690	24.230
65.790	24.150
65.950	24.150
66.050	24.250
66.090	24.330
66.130	24.590
66.070	24.850
65.910	25.010
65.730	25.030
65.670	25.010
POLYLINE BLACK
65.610	26.190
65.450	26.090
65.290	25.810
65.270	25.610
65.350	25.430
65.410	25.370
65.490	25.350
65.630	25.430
65.690	25.550
65.690	25.810
65.570	26.010
65.370	26.110
POLYLINE BLACK
66.410	24.870
66.490	24.830
66.590	24.870
66.710	25.010
66.750	25.130
66.750	25.330
66.670	25.510
66.450	25.690
66.210	25.770
POLYLINE BLACK
66.430	25.490
66.370	25.410
POLYLINE BLACK
66.630	24.890
66.530	24.870
66.370	24.770
66.210	24.550
66.210	24.450
66.270	24.350
66.410	24.310
66.510	24.310
66.590	24.330
66.630	24.330
66.710	24.410
66.750	24.490
66.750	24.610
66.670	24.830
66.470	24.950
66.110	24.950
POLYLINE BLACK
66.030	24.650
65.890	24.550
65.770	24.330
65.730	24.210
65.730	24.050
65.770	23.950
65.870	23.850
66.050	23.790
66.110	23.790
66.250	23.890
66.290	24.030
66.290	24.150
66.250	24.250
66.070	24.470
65.970	24.490
65.930	24.470
POLYLINE BLACK
65.830	25.770
65.690	25.690
65.590	25.590
65.490	25.390
65.450	25.250
65.470	25.150
65.630	25.010
65.790	24.950
65.910	24.950
66.010	24.990
66.170	25.150
66.190	25.190
66.150	25.330
66.050	25.450
65.790	25.590
65.510	25.710
65.430	25.710
POLYLINE BLACK
65.010	26.230
64.730	26.150
64.590	25.990
64.570	25.770
64.610	25.670
64.710	25.590
64.890	25.530
64.950	25.530
65.050	25.570
65.190	25.670
65.250	25.810
65.270	25.930
65.230	26.130
65.130	26.290
64.990	26.410
64.850	26.470
64.590	26.510
POLYLINE BLACK
65.130	25.450
65.030	25.410
64.890	25.250
64.830	25.150
64.830	24.970
64.890	24.730
64.930	24.650
65.050	24.570
65.310	24.550
65.450	24.590
65.610	24.710
65.670	24.890
65.650	25.010
65.590	25.150
65.410	25.310
65.090	25.450
64.950	25.470
64.910	25.470
POLYLINE BLACK
63.250	25.130
63.170	25.110
63.110	25.110
62.950	24.950
62.930	24.870
62.990	24.770
63.190	24.670
63.310	24.690
63.530	24.810
63.610	24.910
63.610	25.050
63.570	25.150
63.450	25.290
63.310	25.370
63.130	25.390
63.090	25.370
POLYLINE BLACK
62.750	27.110
62.630	27.030
62.490	26.890
62.390	26.690
62.370	26.550
62.450	26.330
62.570	26.190
62.730	26.150
62.810	26.150
62.950	26.230
63.010	26.430
62.990	26.650
62.930	26.790
62.850	26.890
62.750	26.930
62.690	26.930
POLYLINE BLACK
63.510	26.570
63.410	26.610
63.170	26.530
63.090	26.450
63.050	26.330
63.050	26.270
63.130	26.150
63.170	26.110
63.270	26.070
63.450	26.090
63.610	26.250
63.630	26.330
63.570	26.450
63.230	26.670
63.010	26.710
POLYLINE BLACK
64.090	26.290
64.030	26.290
63.830	26.230
63.670	26.050
63.610	25.830
63.670	25.650
63.810	25.550
63.930	25.550
64.010	25.530
64.150	25.570
64.270	25.690
64.310	25.850
64.270	26.090
64.030	26.450
63.930	26.590
63.770	26.690
63.670	26.690
63.550	26.650
POLYLINE BLACK
64.250	25.250
64.150	25.270
63.970	25.210
63.790	25.030
63.770	24.990
63.770	24.890
63.870	24.810
64.050	24.770
64.330	24.830
64.550	24.950
64.670	25.150
64.670	25.290
64.590	25.490
64.410	25.650
64.270	25.690
64.090	25.690
63.930	25.630
63.790	25.550
POLYLINE BLACK
61.550	26.210
61.550	26.150
61.350	25.950
61.250	25.710
61.230	25.330
61.370	25.170
61.490	25.150
61.670	25.210
61.770	25.270
61.830	25.370
61.830	25.630
61.790	25.790
61.710	25.870
61.610	25.910
61.510	25.910
61.470	25.930
POLYLINE BLACK
62.110	27.050
62.010	26.990
61.970	26.990
61.650	26.750
61.610	26.690
61.570	26.550
61.630	26.390
61.790	26.290
61.990	26.270
62.250	26.430
62.390	26.590
62.490	26.810
62.490	26.870
62.390	27.010
62.210	27.110
61.990	27.150
61.690	27.070
POLYLINE BLACK
62.050	26.170
61.890	26.050
61.650	25.650
61.610	25.510
61.630	25.330
61.750	25.170
61.950	25.110
62.110	25.110
62.350	25.290
62.430	25.450
62.490	25.730
62.450	25.870
62.390	25.970
62.230	26.070
62.010	26.150
61.930	26.150
POLYLINE BLACK
62.890	26.310
62.710	26.130
62.630	26.010
62.570	25.850
62.570	25.650
62.610	25.470
62.690	25.370
62.870	25.290
63.150	25.310
63.330	25.350
63.430	25.430
63.570	25.670
63.590	25.810
63.570	25.950
63.430	26.190
63.270	26.350
63.130	26.390
POLYLINE BLUE
61.030	26.630
61.090	26.450
61.090	26.310
61.050	26.130
60.970	25.950
POLYLINE BLUE
60.650	24.850
60.690	24.850
61.070	25.910
61.390	26.650
61.530	27.010
61.690	27.310
61.730	27.410
POLYLINE BLACK
66.510	22.810
66.350	22.970
66.270	23.130
66.270	23.170
66.110	23.430
65.630	23.910
65.050	24.510
64.770	24.650
64.730	24.650
64.630	24.710
64.550	24.710
64.470	24.730
64.370	24.730
64.330	24.750
64.110	24.750
64.070	24.770
63.890	24.770
63.750	24.750
63.610	24.770
63.330	24.770
63.230	24.790
63.190	24.770
62.970	24.770
62.910	24.790
62.770	24.790
62.510	24.830
62.370	24.870
62.310	24.870
62.270	24.890
62.170	24.890
62.010	24.930
61.710	24.950
61.370	24.930
61.190	24.890
61.110	24.870
60.730	24.770
60.690	24.730
60.490	24.690
60.410	24.670
60.310	24.650
60.230	24.630
60.190	24.650
60.110	24.630
POLYLINE BLACK
62.230	27.630
62.410	27.390
62.730	27.210
62.810	27.210
62.930	27.150
63.010	27.130
63.310	26.990
63.390	26.990
63.570	26.910
63.750	26.870
63.830	26.850
64.090	26.790
64.190	26.770
64.270	26.750
64.350	26.730
64.470	26.750
64.650	26.710
64.870	26.670
64.950	26.650
65.130	26.590
65.290	26.490
65.370	26.490
65.490	26.430
65.550	26.430
65.630	26.370
65.670	26.370
65.850	26.230
66.050	26.090
66.130	26.070
66.330	26.010
66.650	26.010
66.730	26.030
66.830	26.030
66.870	26.010
67.270	26.110
67.350	26.130
67.390	26.170
67.470	26.190
67.590	26.250
67.630	26.250
67.670	26.290
67.710	26.270
POLYLINE BLACK
66.530	31.170
POLYLINE BLACK
66.650	22.630
66.510	22.790
66.410	22.990
66.290	23.150
66.230	23.250
66.070	23.390
65.890	23.510
65.810	23.530
65.690	23.590
65.630	23.590
65.470	23.690
65.390	23.690
65.170	23.790
65.130	23.790
65.090	23.830
65.030	23.830
64.830	23.930
64.790	23.930
64.750	23.970
64.650	23.990
64.570	24.010
POLYLINE BLACK
60.510	24.370
60.570	24.350
60.670	24.370
60.770	24.370
60.870	24.390
61.070	24.390
61.390	24.290
61.510	24.270
61.610	24.210
62.050	24.130
62.190	24.090
62.370	24.090
62.470	24.110
62.790	24.190
62.850	24.190
63.010	24.250
63.090	24.250
63.150	24.270
63.190	24.250
63.350	24.330
63.430	24.350
63.510	24.430
63.670	24.470
63.770	24.450
63.810	24.470
63.970	24.410
64.050	24.330
64.130	24.330
64.330	24.210
64.410	24.190
64.530	24.150
POLYLINE BLACK
61.490	28.590
61.530	28.610
61.750	28.430
62.010	28.150
62.130	27.930
62.150	27.850
62.250	27.590
62.330	27.430
POLYLINE BLACK
55.610	35.010
POLYLINE BLACK
60.790	27.130
60.670	26.910
60.650	26.650
60.770	26.250
60.810	26.170
60.890	26.110
60.930	26.110
60.990	26.210
60.990	26.330
61.030	26.490
61.010	26.790
60.910	27.010
60.690	27.170
POLYLINE BLACK
60.070	25.430
60.010	25.430
59.890	25.310
59.870	25.210
60.010	24.790
60.090	24.730
60.230	24.690
60.310	24.710
60.350	24.750
60.530	25.250
60.530	25.310
60.470	25.490
60.350	25.590
60.290	25.590
60.170	25.670
60.070	25.690
59.890	25.630
POLYLINE BLACK
60.130	26.630
60.090	26.570
60.070	26.410
60.090	26.110
60.210	25.710
60.350	25.570
60.430	25.590
60.570	25.650
60.730	25.770
60.730	25.830
60.750	25.910
60.690	26.170
60.450	26.550
60.290	26.630
60.150	26.630
60.110	26.650
POLYLINE BLACK
57.530	31.830
57.630	31.710
57.850	31.350
57.950	31.010
57.970	30.830
57.970	30.770
58.050	30.470
58.050	30.410
58.130	30.230
58.130	30.190
58.250	29.890
58.470	29.530
58.570	29.410
59.170	28.930
59.710	28.670
59.850	28.650
59.970	28.590
60.050	28.590
60.430	28.470
60.570	28.470
60.610	28.450
60.670	28.470
60.710	28.450
60.750	28.470
60.850	28.450
60.990	28.450
61.210	28.470
61.330	28.470
61.510	28.430
61.630	28.390
POLYLINE BLACK
57.070	30.230
57.310	30.270
57.630	30.270
58.010	30.150
58.090	30.070
58.170	30.050
58.250	29.990
POLYLINE BLACK
55.970	30.790
56.110	30.790
56.210	30.730
56.290	30.670
56.350	30.670
56.570	30.570
56.610	30.530
56.690	30.510
56.950	30.370
57.030	30.350
57.250	30.310
57.370	30.390
57.410	30.390
POLYLINE BLUE
60.010	27.710
60.050	27.750
60.430	27.730
60.510	27.730
60.610	27.710
60.810	27.430
60.950	27.070
61.050	26.870
POLYLINE BLUE
58.110	29.410
58.150	29.450
58.370	29.270
58.470	29.170
58.750	28.690
58.770	28.570
58.850	28.330
58.850	28.230
58.990	27.810
59.230	27.570
59.290	27.530
59.370	27.510
59.650	27.370
59.870	27.150
60.010	26.870
60.090	26.690
POLYLINE BLUE
56.610	29.790
56.690	29.770
56.750	29.770
56.850	29.810
56.950	29.810
57.110	29.750
57.230	29.750
57.410	29.610
57.530	29.470
57.690	29.230
57.870	29.050
58.110	28.910
58.310	28.770
58.390	28.750
58.490	28.730
58.750	28.510
58.790	28.450
POLYLINE BLACK
61.530	28.370
61.650	28.290
62.010	27.930
62.170	27.730
POLYLINE BLACK
59.810	24.570
59.890	24.590
60.070	24.510
60.110	24.510
60.150	24.470
60.210	24.470
60.370	24.430
60.430	24.430
60.470	24.390
60.550	24.410
60.670	24.330
POLYLINE BLACK
57.530	31.910
57.690	31.910
57.870	31.830
57.990	31.730
58.030	31.730
58.130	31.590
58.190	31.530
58.290	31.410
58.470	31.070
58.530	30.970
58.610	30.630
58.770	30.230
58.810	30.190
59.010	29.790
59.390	29.370
59.670	29.170
60.030	28.990
60.070	28.990
60.410	28.850
60.490	28.830
60.710	28.770
60.770	28.770
60.910	28.690
61.070	28.650
61.490	28.510
61.530	28.470
61.610	28.450
POLYLINE BLACK
57.190	29.010
57.350	29.010
57.570	28.990
57.650	28.990
57.730	28.950
57.770	28.970
57.890	28.890
57.930	28.890
58.010	28.830
58.050	28.830
58.130	28.750
58.370	28.570
58.590	28.270
58.710	28.150
58.750	28.070
58.870	27.950
58.910	27.950
58.970	27.850
59.070	27.750
59.150	27.610
59.210	27.550
59.310	27.370
59.450	27.070
59.490	26.910
59.590	26.610
59.610	26.430
59.630	26.350
59.630	26.190
59.650	26.050
59.650	25.910
59.670	25.830
59.750	25.390
59.790	25.170
59.850	24.890
59.870	24.710
59.890	24.630
59.910	24.550
POLYLINE BLACK
55.970	29.790
55.890	29.670
55.890	29.630
56.010	29.530
56.150	29.510
56.250	29.550
56.390	29.710
56.390	29.790
56.330	29.930
56.130	30.010
56.030	30.010
POLYLINE BLACK
55.610	30.470
55.610	30.390
55.590	30.350
55.650	30.110
55.750	30.030
55.950	30.010
56.050	30.050
56.130	30.150
56.150	30.330
56.070	30.610
56.010	30.670
55.910	30.690
55.830	30.710
55.610	30.630
55.570	30.590
POLYLINE BLACK
55.210	29.610
55.190	29.490
55.130	29.310
55.150	29.230
55.270	29.130
55.470	29.110
55.510	29.110
55.710	29.190
55.970	29.450
55.950	29.630
55.850	29.830
55.750	29.890
55.590	29.930
55.410	29.930
55.190	29.850
POLYLINE BLACK
56.530	30.230
56.430	30.110
56.350	29.830
56.490	29.690
56.570	29.650
56.670	29.650
56.810	29.710
56.850	29.810
56.810	30.010
56.750	30.130
56.650	30.190
56.470	30.210
56.370	30.210
56.310	30.190
POLYLINE BLACK
56.570	28.890
56.810	28.950
56.950	28.950
57.030	28.970
57.110	28.970
57.250	29.010
POLYLINE BLACK
56.650	28.950
56.610	28.910
56.490	28.910
56.410	28.930
56.210	28.910
55.970	28.910
55.850	28.890
55.650	28.930
55.510	28.930
55.270	28.970
55.130	29.030
55.050	29.030
54.670	29.150
54.510	29.190
54.390	29.250
54.090	29.290
53.850	29.370
53.750	29.370
53.350	29.490
53.310	29.530
53.090	29.570
52.990	29.570
52.830	29.630
POLYLINE BLACK
56.230	33.310
POLYLINE BLACK
56.690	28.930
56.730	28.890
56.670	28.910
56.510	28.870
56.330	28.890
56.190	28.890
56.110	28.910
POLYLINE BLACK
56.430	28.630
56.610	28.570
56.770	28.570
56.810	28.590
56.890	28.530
56.930	28.570
57.010	28.550
57.090	28.550
57.170	28.530
57.330	28.410
57.690	28.010
57.990	27.490
58.070	27.310
58.110	27.270
58.110	27.230
58.230	27.030
58.350	26.870
58.430	26.790
58.810	26.310
58.970	26.150
59.030	26.090
59.170	25.950
59.250	25.830
59.250	25.770
59.270	25.690
59.290	25.510
59.370	25.350
59.390	25.250
59.490	25.030
59.630	24.830
59.890	24.610
POLYLINE BLACK
56.350	26.990
56.270	26.990
POLYLINE BLACK
56.610	28.530
56.550	28.530
56.390	28.590
56.350	28.590
56.070	28.670
55.810	28.750
55.770	28.730
55.570	28.790
55.490	28.790
55.390	28.850
55.050	28.850
54.870	28.890
54.750	28.890
54.370	28.930
54.230	28.930
54.010	29.030
53.910	29.090
53.870	29.090
53.530	29.350
53.350	29.430
53.130	29.570
52.910	29.650
52.830	29.670
52.610	29.790
52.530	29.810
52.190	29.970
POLYLINE BLACK
50.670	36.530
POLYLINE BLUE
55.230	29.750
55.310	29.750
55.370	29.770
55.450	29.750
55.610	29.790
55.710	29.850
55.870	29.970
55.950	29.970
56.090	29.910
56.270	29.770
POLYLINE BLUE
54.350	30.970
54.430	31.010
54.570	30.970
54.670	30.970
54.770	30.910
54.950	30.650
55.030	30.490
55.230	30.250
55.330	30.190
55.390	30.170
55.530	30.170
55.750	30.230
55.910	30.310
POLYLINE BLUE
53.210	30.730
53.250	30.710
53.530	30.790
53.750	30.750
53.930	30.670
54.270	30.350
54.410	30.250
54.670	30.150
54.810	30.150
POLYLINE BLACK
57.410	31.870
57.090	31.970
56.930	32.070
56.610	32.190
56.270	32.350
56.090	32.470
56.010	32.490
55.610	32.730
55.470	32.790
55.050	33.150
54.870	33.250
54.790	33.270
54.670	33.350
54.590	33.370
54.550	33.410
54.470	33.430
54.330	33.470
54.290	33.470
54.250	33.510
54.190	33.490
54.110	33.530
54.050	33.530
53.930	33.590
53.750	33.610
53.570	33.650
53.530	33.630
53.470	33.650
53.390	33.630
53.190	33.670
53.010	33.670
52.650	33.770
52.590	33.770
52.550	33.790
52.510	33.770
52.410	33.790
52.370	33.770
52.250	33.810
52.110	33.810
52.030	33.770
51.910	33.810
51.830	33.790
POLYLINE BLACK
56.430	36.390
POLYLINE BLACK
53.450	30.790
53.410	30.790
53.310	30.730
53.290	30.670
53.250	30.650
53.230	30.550
53.290	30.490
53.390	30.470
53.530	30.610
53.530	30.670
53.470	30.750
POLYLINE BLACK
52.650	30.410
52.650	30.250
52.690	30.070
52.790	29.970
52.870	29.950
52.970	30.050
52.970	30.130
52.930	30.270
52.770	30.430
POLYLINE BLACK
53.250	30.030
53.210	29.990
53.170	29.990
53.130	29.870
53.170	29.770
53.250	29.750
53.430	29.790
53.470	29.890
53.270	30.090
53.230	30.090
POLYLINE BLACK
53.410	30.510
53.370	30.530
53.270	30.410
53.250	30.330
53.250	30.230
53.310	30.050
53.390	29.990
53.490	29.970
53.630	30.110
53.650	30.290
53.650	30.330
53.530	30.450
53.450	30.470
53.410	30.490
53.370	30.470
POLYLINE BLACK
53.290	30.570
POLYLINE BLACK
53.110	30.210
53.170	30.130
POLYLINE BLACK
53.270	30.110
53.210	30.190
53.110	30.210
POLYLINE BLACK
53.190	30.290
53.050	30.270
52.990	30.190
53.110	30.170
53.070	30.130
53.050	29.950
53.090	29.910
52.670	31.010
POLYLINE BLACK
52.610	30.390
52.550	30.390
52.450	30.330
52.370	30.230
52.370	30.150
52.450	30.010
52.550	29.930
52.650	29.930
52.730	29.950
52.750	30.030
52.750	30.130
52.670	30.290
POLYLINE BLACK
52.990	30.930
52.890	30.810
52.870	30.710
52.870	30.590
52.950	30.450
53.010	30.450
53.050	30.430
53.170	30.490
53.230	30.670
53.230	30.810
53.190	30.870
POLYLINE BLACK
53.130	30.450
53.110	30.490
52.970	30.590
52.930	30.590
POLYLINE BLACK
52.830	30.670
52.790	30.630
52.770	30.490
52.830	30.330
52.910	30.270
53.010	30.250
POLYLINE BLACK
51.570	32.090
51.630	32.030
51.770	32.030
51.810	32.050
51.950	32.050
51.990	32.030
52.070	32.050
52.350	32.050
52.430	32.010
52.470	32.030
52.710	31.950
52.770	31.950
52.890	31.890
52.970	31.870
53.070	31.810
53.370	31.570
53.470	31.530
53.510	31.490
53.750	31.430
53.790	31.390
53.970	31.370
54.010	31.370
54.050	31.330
54.130	31.350
54.210	31.330
54.290	31.330
54.370	31.270
54.470	31.270
54.710	31.190
54.750	31.150
54.810	31.150
55.050	31.050
55.130	31.030
55.210	31.010
55.250	30.970
55.330	30.990
55.370	30.970
55.410	30.990
55.530	30.930
55.610	30.930
55.650	30.890
55.730	30.870
55.870	30.830
55.910	30.830
56.030	30.730
56.250	30.630
56.490	30.450
56.630	30.390
56.710	30.310
56.850	30.270
56.890	30.290
56.950	30.230
POLYLINE BLACK
51.090	30.010
51.210	30.050
51.390	30.090
51.470	30.050
51.570	30.070
51.710	30.070
51.750	30.090
51.830	30.070
52.050	30.030
52.090	30.050
52.210	30.010
52.270	30.010
POLYLINE BLACK
51.970	32.170
51.950	32.070
51.970	31.990
52.110	31.810
52.210	31.750
52.290	31.810
52.230	31.990
52.050	32.130
51.970	32.190
POLYLINE BLACK
51.690	32.470
51.610	32.390
51.570	32.190
51.570	32.130
51.590	32.050
51.710	31.930
51.850	31.890
51.970	31.890
52.010	31.910
52.010	31.970
51.910	32.190
51.830	32.270
51.750	32.290
51.630	32.330
POLYLINE BLACK
52.230	32.130
52.230	32.090
52.070	31.930
52.110	31.750
52.230	31.630
52.410	31.610
52.490	31.650
52.530	31.770
52.450	31.910
52.230	32.110
POLYLINE BLACK
52.570	31.090
52.470	30.990
52.490	30.910
52.610	30.790
52.770	30.770
52.870	30.870
52.890	31.010
52.870	31.090
52.770	31.150
52.650	31.130
52.570	31.050
52.630	30.910
52.710	30.830
POLYLINE BLACK
52.710	30.470
52.690	30.550
52.550	30.690
52.470	30.710
52.370	30.730
52.330	30.710
52.290	30.730
52.210	30.690
52.190	30.650
POLYLINE BLACK
52.230	30.610
52.190	30.550
52.410	30.410
52.550	30.430
POLYLINE BLACK
52.190	31.170
52.110	31.150
52.070	31.170
52.030	31.150
51.990	31.010
51.990	30.950
52.070	30.810
52.190	30.750
52.270	30.750
52.370	30.850
52.290	31.030
52.190	31.150
POLYLINE BLACK
52.070	31.910
51.990	31.870
51.890	31.870
51.850	31.850
51.850	31.770
51.950	31.670
52.150	31.610
52.230	31.610
52.250	31.710
52.130	31.830
52.030	31.930
POLYLINE BLACK
51.710	30.610
51.610	30.590
51.530	30.530
51.470	30.530
51.290	30.330
51.290	30.290
51.370	30.230
51.510	30.170
51.690	30.170
51.890	30.250
51.930	30.290
51.930	30.390
51.810	30.510
51.710	30.570
51.610	30.570
51.570	30.590
POLYLINE BLACK
52.190	31.610
52.150	31.570
52.150	31.390
52.210	31.250
52.350	31.130
52.410	31.110
52.470	31.150
52.550	31.150
52.650	31.190
52.650	31.270
52.570	31.450
52.410	31.590
52.210	31.650
POLYLINE BLACK
51.430	31.910
51.370	31.830
51.370	31.690
51.430	31.590
51.550	31.510
51.650	31.510
51.750	31.570
51.830	31.670
51.830	31.750
51.650	32.010
POLYLINE BLACK
51.910	31.610
51.810	31.590
51.610	31.430
51.550	31.290
51.530	31.090
51.590	30.950
51.690	30.910
51.870	30.930
51.990	31.050
52.050	31.130
52.070	31.270
52.070	31.370
52.050	31.410
52.050	31.490
51.970	31.610
51.890	31.610
POLYLINE BLACK
52.170	30.810
52.070	30.850
51.950	30.770
51.870	30.650
51.870	30.470
51.930	30.390
52.030	30.390
52.110	30.470
52.110	30.590
52.050	30.830
POLYLINE BLACK
51.630	30.830
51.510	30.870
51.410	30.870
51.390	30.790
51.390	30.730
51.470	30.610
51.530	30.610
51.610	30.590
51.650	30.590
51.790	30.670
51.810	30.750
51.790	30.830
51.690	30.930
51.610	30.950
51.550	30.950
51.430	30.890
POLYLINE BLACK
51.130	30.610
51.050	30.610
50.990	30.590
50.870	30.390
50.850	30.250
50.930	30.190
51.030	30.190
51.170	30.410
51.230	30.590
51.150	30.610
51.070	30.610
51.030	30.590
POLYLINE BLACK
50.190	31.230
50.150	31.230
50.010	31.070
49.930	30.910
49.930	30.850
50.010	30.730
50.090	30.670
50.170	30.670
50.270	30.690
50.450	30.910
50.450	30.950
50.490	30.990
50.430	31.130
50.390	31.150
POLYLINE BLACK
50.470	30.970
50.330	30.810
50.290	30.630
50.350	30.470
50.430	30.410
50.470	30.430
50.550	30.410
50.590	30.410
50.770	30.550
50.770	30.590
50.830	30.770
50.830	30.870
50.810	30.950
50.710	31.010
50.530	31.010
POLYLINE BLACK
51.010	30.990
50.950	30.970
50.770	30.770
50.930	30.630
51.070	30.610
51.110	30.610
51.270	30.730
51.290	30.890
51.190	31.050
51.070	31.150
51.010	31.150
50.970	31.170
50.870	31.130
POLYLINE BLACK
51.010	32.010
50.910	32.030
50.750	31.970
50.650	31.890
50.590	31.730
50.590	31.610
50.650	31.490
50.790	31.410
50.870	31.470
50.890	31.630
50.830	31.850
50.830	31.910
POLYLINE BLACK
50.550	31.190
50.590	31.330
50.570	31.450
50.530	31.570
50.410	31.670
50.310	31.690
50.230	31.690
50.090	31.630
50.050	31.590
50.050	31.470
50.150	31.330
50.270	31.290
50.350	31.270
50.470	31.310
POLYLINE BLACK
50.110	31.410
50.110	31.370
POLYLINE BLACK
50.990	32.330
50.950	32.330
50.810	32.170
50.810	32.130
50.950	32.030
51.070	32.030
51.170	32.070
51.270	32.230
51.290	32.390
51.290	32.450
51.250	32.530
51.110	32.570
51.050	32.570
POLYLINE BLACK
51.150	32.010
51.070	32.010
50.970	31.970
50.870	31.810
50.870	31.670
50.930	31.530
50.990	31.490
51.170	31.530
51.350	31.810
51.390	32.010
51.390	32.110
51.290	32.310
51.190	32.370
51.090	32.370
51.050	32.330
POLYLINE BLACK
51.310	31.510
51.170	31.450
51.070	31.290
51.070	31.210
51.150	31.090
51.210	31.050
51.290	31.070
51.450	31.250
51.530	31.410
51.510	31.490
51.430	31.570
51.250	31.590
51.190	31.590
51.150	31.570
POLYLINE BLACK
50.930	31.210
50.930	31.290
50.810	31.390
50.590	31.390
50.410	31.170
POLYLINE BLACK
50.490	31.170
50.530	31.090
50.570	31.070
POLYLINE BLUE
48.910	30.990
49.150	31.150
49.370	31.350
49.610	31.490
50.010	31.530
50.230	31.510
50.430	31.490
POLYLINE BLUE
48.630	30.170
48.710	30.190
49.170	30.490
49.250	30.570
49.350	30.610
49.430	30.690
49.530	30.730
49.650	30.810
49.750	30.810
50.130	30.930
POLYLINE BLACK
48.590	31.410
48.630	31.390
48.830	31.470
48.930	31.530
49.210	31.690
49.550	31.830
49.650	31.830
49.730	31.890
49.790	31.890
49.870	31.910
49.950	31.930
50.010	31.950
50.090	31.930
50.130	31.950
50.250	31.910
50.410	31.910
50.490	31.890
50.570	31.870
50.710	31.890
50.850	31.890
50.930	31.870
51.270	31.870
51.350	31.890
51.610	31.950
51.650	31.970
POLYLINE BLACK
48.790	33.170
48.890	33.170
49.070	33.230
49.130	33.230
49.170	33.250
49.310	33.250
49.490	33.310
49.750	33.350
49.790	33.330
49.910	33.370
49.970	33.370
50.010	33.390
50.050	33.370
50.170	33.410
50.250	33.410
50.290	33.450
50.430	33.450
50.510	33.470
50.570	33.470
50.690	33.510
50.810	33.490
50.890	33.510
50.950	33.510
51.230	33.630
51.270	33.630
51.310	33.670
51.410	33.670
51.570	33.750
51.670	33.730
51.710	33.750
51.790	33.730
51.870	33.730
POLYLINE BLACK
47.710	31.410
47.750	31.310
47.930	31.250
48.190	31.250
48.430	31.330
48.510	31.390
POLYLINE BLACK
47.930	30.010
48.050	29.950
48.130	29.950
48.270	29.910
48.390	29.910
48.570	29.890
48.670	29.890
48.710	29.910
48.750	29.890
48.930	29.890
49.090	29.970
49.230	29.990
49.310	30.050
49.390	30.050
49.570	30.110
49.670	30.190
49.750	30.210
49.850	30.250
49.970	30.350
50.090	30.430
50.130	30.430
50.310	30.590
50.430	30.670
50.570	30.810
50.670	30.850
50.950	31.090
51.070	31.130
51.110	31.170
51.150	31.150
51.210	31.210
51.250	31.190
51.330	31.250
51.370	31.230
POLYLINE BLACK
48.210	28.950
48.370	28.990
48.650	29.130
48.950	29.210
49.030	29.230
49.430	29.230
49.650	29.330
49.690	29.330
49.810	29.410
49.890	29.430
49.970	29.490
50.010	29.490
50.150	29.590
50.250	29.630
50.530	29.830
50.630	29.890
50.890	30.010
50.970	30.030
51.050	30.050
51.090	30.090
51.130	30.070
51.170	30.090
POLYLINE BLACK
47.550	33.370
47.670	33.370
47.850	33.310
48.030	33.210
48.070	33.210
48.150	33.150
48.310	33.110
48.350	33.090
48.450	33.090
48.490	33.070
48.570	33.090
48.810	33.150
48.850	33.170
POLYLINE BLACK
45.570	30.450
45.430	30.410
45.190	30.250
45.090	30.130
45.070	30.070
45.110	29.990
45.330	29.950
45.550	30.050
45.690	30.190
45.710	30.330
45.690	30.370
45.630	30.390
POLYLINE BLACK
42.590	30.890
42.510	30.910
42.470	30.930
42.370	30.910
42.330	30.870
42.310	30.750
42.370	30.690
42.410	30.670
42.650	30.650
42.770	30.730
42.910	30.910
42.930	30.950
42.910	30.990
42.770	31.070
42.650	31.050
42.570	31.070
42.470	31.030
42.370	30.950
POLYLINE BLACK
41.550	30.850
41.550	30.750
41.570	30.710
41.530	30.570
41.550	30.490
41.670	30.410
41.850	30.410
41.890	30.450
41.890	30.610
41.910	30.850
41.850	30.990
41.730	31.030
41.610	30.970
41.590	30.910
POLYLINE BLACK
42.310	30.610
42.290	30.650
42.090	30.670
41.970	30.650
41.890	30.570
41.850	30.490
41.950	30.190
42.190	30.070
42.290	30.050
42.470	30.130
42.590	30.150
42.710	30.270
42.850	30.370
42.990	30.530
42.970	30.610
42.850	30.710
42.670	30.790
42.530	30.810
42.490	30.790
42.390	30.810
42.350	30.810
42.110	30.710
42.050	30.650
POLYLINE BLUE
45.770	31.510
45.950	31.570
46.210	31.590
46.330	31.590
46.630	31.490
47.010	31.310
47.170	31.290
47.310	31.250
POLYLINE BLUE
46.670	30.230
46.770	30.250
46.870	30.290
47.090	30.450
47.370	30.530
47.550	30.550
47.810	30.490
POLYLINE BLUE
43.290	29.890
43.310	29.850
43.410	29.910
43.450	29.910
43.730	29.990
44.010	30.130
44.270	30.230
44.430	30.330
44.570	30.350
44.610	30.390
44.690	30.370
44.770	30.370
45.050	30.310
45.130	30.250
45.330	30.190
45.370	30.150
45.470	30.130
45.690	30.050
45.770	30.050
45.850	30.030
45.990	30.030
46.070	30.050
46.150	30.050
46.290	30.090
46.350	30.130
POLYLINE BLUE
40.950	30.250
41.410	30.530
41.470	30.530
41.550	30.550
41.630	30.550
41.950	30.490
42.130	30.430
42.330	30.370
42.430	30.390
42.470	30.370
42.690	30.450
42.790	30.510
42.970	30.550
43.150	30.610
43.230	30.630
43.510	30.730
43.610	30.750
43.770	30.830
43.850	30.850
43.930	30.890
44.210	30.910
44.290	30.930
44.370	30.910
44.470	30.910
44.510	30.890
POLYLINE BLACK
41.150	31.350
41.270	31.390
41.310	31.430
41.370	31.430
41.490	31.510
41.670	31.550
42.110	31.670
42.250	31.670
42.370	31.710
42.430	31.710
42.870	31.810
42.970	31.830
43.390	32.130
43.510	32.270
43.550	32.270
43.710	32.390
43.790	32.410
43.970	32.470
44.050	32.470
44.170	32.490
44.250	32.490
44.350	32.470
44.430	32.490
44.570	32.490
44.710	32.530
44.990	32.590
45.230	32.650
45.490	32.710
45.690	32.750
45.750	32.750
45.930	32.810
46.070	32.810
46.150	32.850
46.250	32.850
46.610	32.970
46.650	33.010
46.710	33.010
46.790	33.070
46.870	33.090
46.970	33.150
47.050	33.170
47.270	33.210
47.350	33.230
47.390	33.250
47.430	33.230
47.550	33.290
47.590	33.290
POLYLINE BLACK
41.550	31.330
41.570	31.290
41.890	31.230
42.030	31.230
42.110	31.190
42.490	31.170
42.570	31.190
42.650	31.190
42.730	31.170
42.810	31.170
42.910	31.190
42.990	31.170
43.190	31.070
43.270	31.070
43.410	31.030
43.490	31.030
43.530	31.050
43.610	31.010
43.690	31.050
43.750	31.050
43.830	31.070
43.870	31.050
44.070	31.150
44.330	31.210
44.530	31.310
44.830	31.610
44.970	31.670
45.050	31.730
45.110	31.730
45.350	31.810
45.430	31.830
45.510	31.870
45.650	31.850
45.790	31.870
45.810	31.910
45.870	31.870
45.990	31.870
46.070	31.850
46.230	31.870
46.310	31.850
46.370	31.850
46.450	31.870
46.550	31.870
46.630	31.850
46.750	31.850
46.910	31.810
46.990	31.790
47.030	31.750
47.110	31.730
47.150	31.690
47.190	31.690
47.310	31.570
47.450	31.510
47.510	31.450
47.650	31.370
47.750	31.270
47.830	31.210
POLYLINE BLACK
41.570	29.910
41.910	29.890
42.090	29.830
42.170	29.830
42.410	29.730
42.450	29.690
42.590	29.670
42.870	29.530
43.050	29.490
43.090	29.450
43.150	29.450
43.310	29.410
43.350	29.430
43.430	29.410
43.470	29.430
43.690	29.370
43.830	29.370
44.170	29.230
44.250	29.210
44.330	29.190
44.410	29.130
44.490	29.130
44.630	29.150
44.710	29.150
44.870	29.230
44.970	29.230
45.210	29.330
45.250	29.310
45.330	29.370
45.450	29.370
45.670	29.490
45.750	29.510
45.930	29.590
46.010	29.670
46.090	29.690
46.130	29.730
46.170	29.710
46.250	29.770
46.430	29.810
46.570	29.890
46.650	29.910
46.690	29.890
46.770	29.930
46.830	29.930
46.950	29.990
47.190	29.990
47.270	29.970
47.390	29.970
47.470	29.930
47.530	29.930
47.610	29.950
47.690	29.910
47.810	29.950
47.850	29.930
47.930	29.950
48.010	29.970
48.130	29.930
48.170	29.970
POLYLINE BLACK
43.850	28.770
43.930	28.750
43.990	28.750
44.090	28.730
44.170	28.750
44.210	28.770
44.370	28.730
44.510	28.750
44.590	28.730
44.690	28.750
44.870	28.770
45.030	28.790
45.110	28.750
45.170	28.750
45.290	28.810
45.350	28.810
45.430	28.830
45.490	28.830
45.570	28.850
45.750	28.830
45.830	28.810
45.990	28.770
46.170	28.710
46.230	28.710
46.350	28.670
46.390	28.630
46.570	28.610
46.730	28.550
46.850	28.530
46.990	28.550
47.070	28.530
47.270	28.530
47.350	28.550
47.450	28.570
47.490	28.610
47.570	28.610
47.810	28.710
47.890	28.710
48.030	28.810
48.110	28.830
48.170	28.870
48.210	28.870
48.330	28.970
48.370	28.970
48.370	29.010
POLYLINE BLACK
40.650	29.390
40.830	29.390
40.950	29.330
41.070	29.350
41.250	29.330
41.610	29.210
41.690	29.190
41.770	29.170
41.850	29.170
41.890	29.190
41.930	29.170
41.970	29.210
42.130	29.230
42.210	29.230
42.250	29.270
42.410	29.250
42.630	29.250
42.670	29.230
42.710	29.250
43.010	29.150
43.330	29.010
43.530	28.850
43.570	28.850
43.610	28.810
43.690	28.790
43.770	28.730
43.810	28.750
43.850	28.710
43.970	28.710
44.010	28.670
POLYLINE BLACK
40.890	29.370
41.010	29.410
41.130	29.370
41.170	29.390
41.250	29.350
40.970	29.390
40.930	29.370
40.830	29.390
40.790	29.390
POLYLINE BLACK
41.470	31.430
41.510	31.410
41.550	31.430
41.670	31.370
41.710	31.370
POLYLINE BLACK
38.610	30.030
38.790	30.090
38.950	30.130
39.050	30.130
39.230	30.150
39.450	30.150
39.490	30.130
39.530	30.150
39.770	30.090
39.870	30.130
39.910	30.110
39.950	30.130
40.030	30.130
40.170	30.170
40.250	30.250
40.290	30.250
40.350	30.330
40.390	30.310
40.510	30.430
40.550	30.430
40.650	30.550
40.690	30.550
40.790	30.650
40.870	30.690
40.950	30.790
41.070	30.810
41.170	30.910
41.230	30.910
41.390	31.050
41.510	31.150
41.690	31.230
41.770	31.290
POLYLINE BLACK
40.730	29.530
40.990	29.770
41.150	29.870
41.250	29.870
41.370	29.950
41.530	29.970
41.610	30.030
41.690	30.050
41.870	30.110
41.950	30.130
POLYLINE BLACK
40.350	29.630
40.430	29.610
40.570	29.630
40.650	29.630
40.770	29.730
40.850	29.750
40.970	29.810
POLYLINE BLUE
38.510	29.470
39.210	30.150
39.490	30.310
39.610	30.330
39.650	30.310
39.830	30.330
40.010	30.310
40.090	30.290
40.390	30.390
40.510	30.470
40.590	30.490
40.730	30.550
40.770	30.570
POLYLINE BLUE
37.910	28.730
37.950	28.730
38.170	28.790
38.350	28.830
38.550	28.930
38.690	29.110
38.830	29.210
39.190	29.550
39.370	29.630
39.630	29.810
39.830	29.890
39.970	29.910
40.170	29.890
40.310	29.890
POLYLINE BLACK
30.290	26.850
30.370	26.830
30.470	26.830
30.730	26.790
30.890	26.790
31.110	26.730
31.190	26.690
POLYLINE BLACK
34.850	27.050
34.950	27.170
34.990	27.270
POLYLINE BLACK
30.690	26.610
30.770	26.670
30.850	26.650
30.890	26.670
30.930	26.650
30.970	26.690
31.090	26.690
31.170	26.670
31.270	26.670
31.430	26.610
31.550	26.590
31.690	26.530
31.790	26.470
32.010	26.390
32.110	26.330
32.190	26.310
32.350	26.230
32.430	26.230
32.530	26.210
32.650	26.210
32.730	26.230
32.810	26.230
33.090	26.330
33.230	26.410
33.490	26.490
33.550	26.490
33.730	26.590
33.830	26.610
33.870	26.650
34.050	26.670
34.270	26.730
34.370	26.750
34.410	26.730
34.470	26.790
34.550	26.790
34.630	26.810
34.750	26.910
POLYLINE BLUE
36.570	28.630
36.850	28.690
36.950	28.690
37.030	28.670
37.030	28.590
36.890	28.390
36.750	28.270
36.710	28.270
36.710	28.230
POLYLINE BLUE
34.210	27.570
34.470	27.630
34.830	27.730
35.010	27.850
35.130	27.990
35.190	28.010
35.370	28.150
35.670	28.250
35.890	28.250
35.990	28.270
36.130	28.270
36.350	28.310
36.450	28.370
36.810	28.510
36.470	28.590
POLYLINE BLUE
31.170	27.590
31.250	27.610
31.870	27.830
31.910	27.870
31.890	27.830
31.870	27.870
31.810	27.870
31.590	27.950
31.550	27.930
31.870	27.890
31.990	27.910
32.030	27.890
32.070	27.910
32.090	27.850
31.550	27.430
POLYLINE BLUE
32.990	27.670
33.030	27.670
33.150	27.730
33.350	27.690
33.590	27.550
33.870	27.510
33.990	27.550
34.270	27.750
POLYLINE BLUE
31.610	27.850
31.750	27.910
31.930	28.010
31.990	28.010
32.070	28.050
32.350	28.050
32.650	27.890
32.830	27.850
32.970	27.850
33.310	27.950
33.390	28.030
POLYLINE BLUE
28.370	26.550
28.650	26.830
28.870	26.890
29.070	26.890
29.150	26.910
29.230	26.910
29.370	26.990
POLYLINE BLUE
28.130	26.930
28.170	26.850
28.250	26.910
28.390	26.950
28.610	26.950
28.710	26.910
28.790	26.950
28.970	27.170
28.970	27.210
29.050	27.270
POLYLINE BLACK
24.230	32.570
POLYLINE BLUE
26.330	26.210
26.550	26.390
26.730	26.510
26.990	26.730
27.030	26.730
27.250	26.930
27.290	26.930
27.410	27.010
27.710	27.130
28.270	27.550
28.430	27.610
28.570	27.710
POLYLINE BLUE
25.150	24.970
25.150	24.890
25.190	24.850
25.370	24.930
25.450	24.950
25.630	24.990
25.870	25.010
25.910	25.050
26.070	25.050
26.650	25.190
26.770	25.230
26.830	25.270
27.010	25.310
27.190	25.430
27.290	25.470
27.410	25.570
27.670	25.690
27.790	25.790
27.830	25.790
28.110	26.070
28.250	26.110
28.310	26.170
28.490	26.230
28.610	26.310
28.650	26.310
28.690	26.350
28.750	26.350
28.930	26.450
29.010	26.470
29.250	26.630
29.330	26.650
29.450	26.750
29.490	26.750
29.530	26.790
29.710	26.790
29.910	26.710
29.990	26.730
30.070	26.690
30.150	26.730
POLYLINE BLUE
22.830	25.570
22.930	25.590
23.150	25.590
23.290	25.610
23.430	25.610
23.470	25.630
23.610	25.610
23.830	25.630
24.150	25.630
24.250	25.610
24.310	25.610
24.390	25.630
24.430	25.610
24.710	25.650
24.770	25.650
24.850	25.630
24.890	25.650
24.930	25.630
25.110	25.690
25.190	25.710
25.290	25.730
25.410	25.790
25.490	25.810
25.750	25.890
25.830	25.950
25.910	25.970
26.490	26.310
26.530	26.330
POLYLINE BLUE
22.990	25.390
POLYLINE BLUE
23.210	25.270
23.290	25.310
23.530	25.230
23.710	25.230
23.930	25.170
24.030	25.170
24.070	25.150
24.310	25.130
24.470	25.110
24.630	25.110
24.750	25.070
25.050	25.050
25.270	25.010
25.490	25.010
25.610	24.970
25.690	24.970
25.730	24.950
POLYLINE BLACK
38.770	30.730
38.810	30.710
39.330	30.870
39.730	31.010
39.770	31.010
39.830	31.050
40.170	31.110
40.350	31.130
40.430	31.150
40.610	31.150
40.750	31.190
41.050	31.250
41.130	31.270
41.250	31.330
41.330	31.350
POLYLINE BLACK
40.470	29.410
40.470	29.370
40.350	29.430
40.130	29.430
40.010	29.390
39.830	29.390
39.750	29.370
39.710	29.330
POLYLINE BLACK
40.330	29.270
40.170	29.310
POLYLINE BLACK
40.370	29.350
40.410	29.390
40.490	29.410
40.670	29.550
40.910	29.750
41.110	29.870
41.190	29.930
41.330	29.970
41.530	30.110
41.610	30.130
41.730	30.170
41.790	30.210
POLYLINE BLACK
36.510	30.230
36.890	30.110
36.970	30.130
37.090	30.130
37.190	30.110
37.310	30.150
37.390	30.170
37.450	30.210
37.530	30.230
37.710	30.310
37.790	30.330
38.090	30.490
38.130	30.530
38.170	30.510
38.250	30.570
38.410	30.610
38.530	30.650
38.630	30.650
38.670	30.630
38.770	30.670
38.850	30.650
38.930	30.630
POLYLINE BLACK
35.690	29.990
35.650	30.010
35.470	29.950
35.390	29.950
35.290	29.930
35.250	29.950
35.130	29.870
POLYLINE BLACK
35.510	29.930
35.690	29.970
35.810	30.050
36.090	30.090
36.250	30.090
36.330	30.070
36.370	30.090
36.510	30.090
36.590	30.110
POLYLINE BLACK
35.710	27.430
35.750	27.470
35.790	27.450
35.870	27.450
36.010	27.430
36.210	27.430
36.290	27.450
36.330	27.490
36.370	27.490
37.050	28.010
37.370	28.230
37.410	28.270
37.490	28.290
37.710	28.450
38.010	28.610
38.130	28.690
38.250	28.710
38.310	28.750
38.470	28.790
38.730	28.890
38.770	28.930
38.810	28.910
38.890	28.970
38.970	28.990
39.050	29.030
39.130	29.130
39.170	29.130
39.250	29.210
39.350	29.230
39.510	29.330
39.590	29.330
39.690	29.350
39.730	29.350
39.770	29.390
39.850	29.390
40.090	29.490
40.130	29.490
40.210	29.550
40.290	29.550
40.350	29.610
40.390	29.590
40.470	29.630
POLYLINE BLACK
37.550	28.070
37.630	28.090
37.670	28.110
37.710	28.090
37.830	28.130
37.870	28.110
37.910	28.150
38.050	28.150
38.150	28.170
38.190	28.170
38.270	28.230
38.350	28.230
38.430	28.290
38.510	28.310
38.630	28.350
38.750	28.350
38.830	28.370
38.870	28.370
38.990	28.450
39.030	28.430
39.190	28.570
39.330	28.630
39.350	28.670
39.390	28.670
39.470	28.750
39.530	28.850
39.590	28.910
39.590	28.950
39.650	29.030
39.650	29.090
39.790	29.270
39.830	29.270
39.890	29.330
39.970	29.390
40.010	29.370
40.090	29.430
40.130	29.430
40.250	29.510
40.290	29.510
POLYLINE BLACK
30.950	28.370
31.190	28.390
31.250	28.370
31.390	28.430
31.490	28.430
31.810	28.490
31.930	28.530
32.030	28.550
32.070	28.590
32.150	28.610
32.270	28.690
32.350	28.710
32.370	28.750
32.430	28.750
32.570	28.790
32.730	28.890
32.830	28.870
32.910	28.930
32.950	28.910
33.030	28.950
33.070	28.930
33.290	28.990
33.330	28.990
33.530	29.110
33.610	29.130
33.710	29.210
33.770	29.210
33.950	29.310
34.110	29.350
34.230	29.430
34.370	29.430
34.410	29.450
34.490	29.390
34.570	29.370
34.570	29.330
34.690	29.370
34.770	29.450
35.030	29.710
35.130	29.810
35.170	29.830
POLYLINE BLACK
30.070	28.190
30.070	28.150
29.850	28.070
29.810	28.090
POLYLINE BLACK
30.250	28.250
30.470	28.250
30.510	28.270
30.550	28.250
30.590	28.270
30.630	28.250
30.550	28.230
30.450	28.250
30.410	28.210
30.330	28.230
30.170	28.170
30.130	28.190
POLYLINE BLACK
30.430	28.230
30.510	28.210
30.730	28.250
30.770	28.230
30.890	28.290
30.970	28.290
31.050	28.370
31.090	28.350
POLYLINE BLACK
36.870	27.730
36.910	27.730
37.110	27.910
37.190	27.970
37.230	27.970
37.370	28.110
37.490	28.170
37.570	28.170
37.610	28.190
POLYLINE BLACK
35.770	27.390
35.790	27.350
35.790	27.390
35.830	27.370
36.030	27.430
36.070	27.410
36.150	27.450
36.230	27.430
36.310	27.450
36.350	27.490
36.390	27.470
36.550	27.570
36.590	27.570
36.670	27.650
36.710	27.650
36.950	27.810
POLYLINE BLACK
35.250	28.790
35.370	28.730
35.610	28.730
35.670	28.710
35.750	28.730
35.870	28.730
35.950	28.790
35.990	28.770
36.190	28.890
36.350	29.010
36.490	29.150
36.570	29.190
36.670	29.290
36.750	29.290
36.830	29.310
36.990	29.430
37.070	29.450
37.110	29.490
37.190	29.490
37.250	29.550
37.350	29.590
37.390	29.630
37.430	29.630
37.630	29.750
37.710	29.770
37.870	29.870
37.910	29.870
37.950	29.910
38.070	29.930
38.110	29.970
38.230	29.970
38.270	29.990
38.310	29.970
38.430	30.010
38.510	29.990
38.630	30.030
38.710	30.010
POLYLINE BLACK
33.310	27.570
33.350	27.570
33.510	27.710
33.530	27.810
33.470	27.870
33.390	27.950
33.310	27.950
33.190	27.910
33.130	27.850
33.130	27.770
33.170	27.670
33.210	27.630
33.350	27.630
33.390	27.610
POLYLINE BLACK
33.830	28.090
33.650	27.830
33.650	27.790
33.710	27.690
33.890	27.650
34.110	27.870
34.130	27.910
34.090	28.030
33.970	28.110
33.870	28.110
33.830	28.090
POLYLINE BLACK
35.090	28.230
34.990	28.170
34.770	28.010
34.730	27.870
34.730	27.830
34.770	27.770
34.910	27.750
35.010	27.770
35.170	27.970
35.190	28.070
35.150	28.110
35.070	28.130
35.010	28.170
34.970	28.170
POLYLINE BLACK
35.530	28.050
35.310	27.970
35.270	27.970
35.130	27.870
35.030	27.730
35.090	27.630
35.210	27.550
35.350	27.570
35.450	27.710
35.470	27.830
35.450	27.910
POLYLINE BLACK
36.470	28.170
36.450	28.210
36.310	28.250
36.270	28.230
36.090	28.230
35.990	28.170
35.930	28.170
35.670	28.010
35.650	27.970
35.730	27.890
35.750	27.830
35.850	27.830
35.970	28.010
POLYLINE BLACK
35.770	28.150
35.730	28.010
35.830	27.830
35.870	27.810
POLYLINE BLACK
36.130	28.690
35.670	28.750
35.590	28.750
35.450	28.690
35.350	28.570
35.370	28.490
35.530	28.430
POLYLINE BLACK
35.230	28.710
35.270	28.530
35.430	28.370
35.650	28.330
35.750	28.330
35.850	28.390
POLYLINE BLACK
35.650	28.550
POLYLINE BLACK
30.430	28.170
30.290	27.850
POLYLINE BLACK
33.470	28.870
33.550	28.850
33.610	28.850
33.730	28.810
33.830	28.790
33.990	28.730
34.210	28.730
34.290	28.710
34.390	28.710
34.510	28.750
34.590	28.730
34.730	28.770
34.870	28.770
35.030	28.750
35.110	28.770
35.210	28.750
35.290	28.750
POLYLINE BLACK
32.390	27.410
32.430	27.430
32.570	27.370
32.650	27.310
32.750	27.250
32.790	27.250
32.870	27.190
32.950	27.170
33.190	27.050
33.310	27.050
33.530	27.010
33.650	27.010
33.690	26.990
33.870	26.990
33.910	26.970
33.950	26.990
34.030	26.970
34.150	26.970
34.270	27.010
34.350	27.010
34.530	27.070
34.570	27.070
34.650	27.150
34.690	27.150
34.730	27.190
34.810	27.210
34.990	27.270
35.330	27.330
35.490	27.350
35.530	27.330
35.610	27.350
35.650	27.310
35.730	27.330
POLYLINE BLACK
32.990	28.610
33.070	28.610
33.270	28.670
33.310	28.710
33.390	28.710
33.550	28.750
POLYLINE BLACK
31.090	27.930
31.130	28.030
31.250	28.110
31.410	28.270
31.490	28.270
31.570	28.350
31.610	28.330
31.650	28.370
31.690	28.370
31.730	28.410
31.850	28.410
31.890	28.450
32.030	28.450
32.110	28.490
32.150	28.470
32.310	28.530
32.390	28.510
32.470	28.510
32.630	28.550
32.710	28.530
32.870	28.510
32.910	28.550
33.030	28.510
POLYLINE BLACK
30.110	27.550
30.150	27.510
30.310	27.510
30.350	27.550
30.390	27.550
30.470	27.610
30.550	27.610
30.770	27.730
30.850	27.750
30.930	27.770
31.010	27.830
30.970	27.850
30.710	27.770
30.650	27.770
POLYLINE BLACK
28.050	28.390
28.090	28.350
28.410	28.350
28.510	28.370
28.590	28.350
28.870	28.290
28.970	28.290
29.070	28.270
29.130	28.270
29.370	28.210
29.450	28.230
29.550	28.230
29.730	28.190
29.770	28.190
29.810	28.150
29.890	28.150
29.930	28.130
30.030	28.150
POLYLINE BLACK
26.070	27.070
25.970	27.030
25.670	26.730
25.530	26.630
25.370	26.490
POLYLINE BLACK
27.130	27.970
27.110	27.910
26.950	27.850
26.710	27.670
26.430	27.430
POLYLINE BLACK
27.090	27.970
27.170	27.970
27.650	28.210
27.730	28.210
27.770	28.250
27.850	28.250
27.930	28.310
27.970	28.290
28.070	28.350
28.150	28.330
28.290	28.350
POLYLINE BLACK
26.010	27.030
26.030	26.950
26.110	26.970
26.750	27.610
26.770	27.670
POLYLINE BLACK
29.890	27.350
29.970	27.330
30.110	27.370
30.190	27.430
30.230	27.430
30.230	27.470
POLYLINE BLACK
28.610	27.690
POLYLINE BLACK
28.830	27.850
29.090	27.670
29.170	27.610
29.250	27.610
29.350	27.550
29.430	27.550
29.590	27.510
29.670	27.490
29.750	27.430
29.790	27.430
29.890	27.330
29.950	27.270
POLYLINE BLACK
30.910	27.870
30.950	27.890
POLYLINE BLACK
30.910	26.830
30.950	26.830
30.990	26.870
31.030	26.870
31.050	26.910
31.090	26.910
31.190	27.010
31.230	27.010
31.250	27.070
31.450	27.230
31.530	27.250
31.610	27.310
31.790	27.390
31.870	27.410
31.950	27.430
31.990	27.410
32.110	27.450
32.150	27.410
32.190	27.450
32.410	27.350
POLYLINE BLACK
30.970	27.730
31.210	28.010
31.250	28.030
POLYLINE BLACK
29.890	26.570
29.970	26.590
30.090	26.630
30.150	26.630
30.210	26.710
30.250	26.690
30.370	26.770
30.450	26.790
30.490	26.810
30.570	26.790
30.750	26.830
30.830	26.830
30.910	26.890
30.990	26.870
POLYLINE BLACK
30.830	27.170
30.730	27.150
30.710	27.110
30.830	27.030
30.970	27.030
31.010	27.050
30.990	27.130
30.910	27.210
30.870	27.210
POLYLINE BLACK
29.790	27.230
29.790	27.190
29.830	27.190
POLYLINE BLACK
28.990	26.870
POLYLINE BLACK
29.070	27.870
28.910	27.830
28.830	27.810
POLYLINE BLACK
28.870	27.690
28.990	27.770
29.090	27.770
29.170	27.810
POLYLINE BLACK
28.150	27.590
28.190	27.610
28.630	27.650
28.770	27.670
28.850	27.650
28.930	27.690
29.010	27.670
POLYLINE BLACK
27.250	27.290
27.290	27.250
27.490	27.390
27.530	27.390
27.730	27.490
27.770	27.530
27.810	27.510
27.850	27.530
27.890	27.510
28.110	27.590
28.190	27.590
28.270	27.610
POLYLINE BLACK
25.130	25.010
25.250	24.970
25.330	24.990
25.430	24.970
25.550	24.950
25.590	24.970
25.670	24.910
25.830	24.950
25.910	24.950
25.990	25.010
26.070	25.010
26.190	25.050
26.230	25.090
26.310	25.110
26.350	25.150
26.410	25.150
26.490	25.170
26.570	25.150
26.650	25.170
26.730	25.150
26.770	25.130
26.850	25.150
26.890	25.130
26.930	25.150
26.970	25.130
27.010	25.150
27.090	25.130
27.270	25.170
27.350	25.210
27.430	25.190
27.670	25.270
27.750	25.290
27.790	25.330
27.830	25.310
27.910	25.330
27.990	25.390
28.070	25.410
28.130	25.470
28.170	25.470
28.230	25.530
28.330	25.530
28.490	25.710
28.510	25.750
28.570	25.770
28.670	25.910
28.930	26.090
29.030	26.190
29.130	26.230
29.250	26.310
29.290	26.310
29.410	26.390
29.510	26.390
29.550	26.430
29.630	26.430
29.710	26.490
29.790	26.490
29.910	26.530
29.990	26.550
30.030	26.590
POLYLINE BLACK
24.430	25.830
24.830	26.150
24.950	26.210
25.190	26.210
25.310	26.270
25.390	26.290
25.510	26.390
25.830	26.550
25.870	26.550
25.910	26.590
25.990	26.590
26.110	26.690
26.290	26.750
26.410	26.810
26.570	26.810
26.650	26.830
26.730	26.830
26.770	26.850
26.850	26.830
27.030	26.870
27.230	27.010
27.370	27.150
27.630	27.390
POLYLINE BLACK
24.530	25.870
24.450	25.850
POLYLINE BLACK
24.770	25.870
24.810	25.810
24.890	25.830
24.930	25.850
POLYLINE BLACK
24.610	25.850
24.570	25.830
24.410	25.950
24.350	26.010
24.250	26.050
24.090	26.190
24.050	26.190
24.010	26.230
23.970	26.230
23.930	26.270
23.670	26.330
23.550	26.370
23.470	26.390
23.370	26.410
23.290	26.410
23.250	26.430
23.070	26.390
POLYLINE BLACK
23.350	26.490
23.510	26.470
23.550	26.490
23.710	26.430
23.830	26.350
23.930	26.350
POLYLINE BLACK
24.070	24.510
24.550	24.850
24.670	24.890
24.770	24.950
24.850	24.970
25.010	24.990
25.090	24.970
25.130	24.990
25.210	24.910
25.250	24.930
POLYLINE BLACK
24.910	21.830
24.930	21.650
24.930	21.230
24.790	20.790
POLYLINE BLACK
24.830	21.890
24.830	21.790
POLYLINE BLACK
24.510	21.810
24.630	21.750
24.690	21.690
24.730	21.670
24.770	21.730
POLYLINE BLACK
24.430	21.690
24.430	21.610
POLYLINE BLACK
24.230	21.990
POLYLINE BLACK
24.190	21.650
24.190	21.550
24.210	21.510
POLYLINE BLACK
23.550	21.750
23.590	21.750
23.590	21.810
23.550	21.890
23.510	21.910
23.390	21.830
23.370	21.690
23.370	21.590
23.470	21.490
23.570	21.510
23.670	21.650
23.710	21.870
23.750	21.810
23.770	21.710
23.790	21.610
23.790	21.530
23.830	21.570
23.830	21.730
23.870	21.870
23.930	21.790
23.990	21.610
POLYLINE BLACK
23.430	21.510
POLYLINE BLACK
22.950	21.850
23.030	21.870
23.070	21.830
23.050	21.750
23.010	21.610
23.010	21.550
22.990	21.510
22.990	21.230
22.970	21.430
22.990	21.570
22.990	21.670
23.010	21.710
23.130	21.710
23.310	21.510
23.290	21.450
23.210	21.450
23.110	21.430
23.030	21.450
POLYLINE BLACK
22.690	22.050
22.590	22.010
22.510	21.870
22.510	21.710
22.630	21.610
22.670	21.590
22.790	21.670
22.850	21.750
22.850	21.810
22.870	21.890
22.870	22.050
22.850	22.110
POLYLINE BLACK
20.270	24.570
20.130	24.410
20.110	24.370
20.430	24.710
20.450	24.770
20.490	24.770
20.850	25.110
21.010	25.210
21.050	25.210
21.230	25.390
21.270	25.390
21.310	25.430
21.390	25.450
21.730	25.770
21.870	25.870
POLYLINE BLUE
21.770	25.370
21.850	25.370
21.950	25.430
22.070	25.470
22.130	25.470
22.210	25.530
22.310	25.550
22.350	25.530
22.510	25.570
22.770	25.570
22.810	25.550
22.890	25.570
22.970	25.570
POLYLINE BLUE
22.010	24.230
22.050	24.250
22.110	24.410
22.310	24.650
22.730	25.050
23.030	25.230
23.310	25.290
23.430	25.290
POLYLINE BLUE
20.750	22.450
20.830	22.530
21.010	22.930
21.130	23.130
21.210	23.310
21.270	23.410
21.310	23.490
21.350	23.510
POLYLINE BLUE
20.330	22.930
20.390	23.070
20.390	23.130
20.490	23.370
20.570	23.670
20.670	23.930
20.730	24.010
20.770	24.130
20.810	24.170
20.810	24.210
20.930	24.390
20.990	24.530
21.050	24.610
21.150	24.810
21.430	25.090
21.490	25.190
21.690	25.330
POLYLINE BLACK
22.790	23.090
22.710	23.050
22.610	22.870
22.570	22.670
22.590	22.570
22.710	22.450
22.810	22.450
22.910	22.550
22.930	22.690
22.930	22.930
22.890	23.110
22.770	23.230
22.730	23.250
POLYLINE BLACK
23.470	23.610
23.390	23.590
23.270	23.450
23.230	23.250
23.250	23.170
23.290	23.130
23.370	23.170
23.410	23.150
23.490	23.230
23.510	23.310
23.550	23.410
23.550	23.470
23.570	23.510
23.530	23.630
23.410	23.670
POLYLINE BLACK
23.970	24.430
23.930	24.430
23.850	24.350
23.730	24.050
23.730	23.970
23.770	23.890
23.850	23.870
23.910	23.970
23.910	24.190
23.890	24.270
23.870	24.450
POLYLINE BLACK
22.470	23.450
22.370	23.470
22.270	23.370
22.250	23.330
22.350	23.230
22.470	23.190
22.510	23.330
22.510	23.410
22.490	23.510
22.290	23.770
22.190	23.750
22.130	23.650
22.090	23.610
22.070	23.350
22.150	23.190
POLYLINE BLACK
21.710	24.150
21.530	24.110
21.410	24.150
21.330	24.010
21.350	23.930
21.370	23.870
21.510	23.770
21.690	23.710
21.790	23.710
21.870	23.770
21.890	23.870
21.890	24.010
21.830	24.190
21.710	24.290
21.590	24.330
21.450	24.290
POLYLINE BLACK
23.950	24.970
23.870	24.950
23.750	24.850
23.650	24.630
23.710	24.490
23.810	24.430
23.990	24.410
24.050	24.430
24.130	24.530
24.190	24.730
24.130	24.990
24.090	25.090
23.970	25.170
23.930	25.170
POLYLINE BLACK
23.350	24.830
23.190	24.830
23.090	24.770
22.950	24.610
22.910	24.490
22.930	24.290
23.010	24.210
23.110	24.170
23.210	24.170
23.350	24.210
23.470	24.330
23.490	24.470
POLYLINE BLACK
23.590	24.190
23.510	24.170
23.450	24.170
23.250	24.030
23.150	23.890
23.130	23.830
23.150	23.770
23.250	23.750
23.330	23.770
23.510	23.890
23.610	24.070
23.610	24.130
POLYLINE BLACK
22.970	24.690
22.810	24.690
22.690	24.650
22.470	24.470
22.330	24.250
22.290	24.070
22.290	23.970
22.370	23.850
22.530	23.770
22.730	23.830
22.830	23.930
22.930	24.070
22.950	24.270
22.890	24.530
POLYLINE BLACK
22.690	23.650
22.590	23.510
22.570	23.370
22.610	23.210
22.710	23.150
22.910	23.170
22.970	23.190
23.130	23.350
23.210	23.510
23.210	23.650
23.070	23.830
22.970	23.870
22.870	23.930
22.830	23.930
POLYLINE BLACK
22.030	24.050
21.810	23.950
21.550	23.610
21.450	23.350
21.450	23.190
21.530	23.090
21.710	23.070
21.890	23.130
22.010	23.250
22.090	23.390
22.190	23.690
22.190	23.830
22.110	23.950
22.010	24.010
POLYLINE BLACK
22.070	23.190
22.030	23.150
21.990	23.150
21.870	23.050
21.790	22.890
21.790	22.730
21.830	22.630
21.990	22.470
22.130	22.510
22.270	22.650
22.350	22.750
22.430	22.970
22.490	23.230
22.390	23.250
22.290	23.250
22.150	23.210
22.110	23.170
22.070	23.170
22.030	23.130
POLYLINE BLACK
22.110	23.130
22.110	23.170
POLYLINE BLACK
21.170	25.330
21.210	25.330
21.350	25.490
21.390	25.490
21.470	25.550
21.570	25.590
21.610	25.630
21.650	25.630
21.730	25.690
21.810	25.710
21.910	25.770
21.950	25.770
21.990	25.810
22.150	25.850
22.230	25.910
22.270	25.910
22.350	25.970
22.390	25.950
22.470	26.030
22.750	26.210
22.830	26.230
23.010	26.310
23.470	26.310
POLYLINE BLACK
20.370	24.650
20.590	24.750
20.910	24.950
21.210	25.250
POLYLINE BLACK
21.070	22.070
21.270	22.190
21.350	22.170
21.450	22.070
POLYLINE BLACK
19.230	22.750
19.350	22.850
19.490	23.110
19.490	23.150
19.530	23.250
19.530	23.350
19.590	23.510
19.690	23.590
POLYLINE BLACK
19.490	23.170
19.670	23.530
19.690	23.610
19.850	23.870
20.030	24.210
20.170	24.390
20.410	24.570
POLYLINE BLACK
20.670	22.270
20.810	22.030
20.850	22.010
20.890	22.050
20.930	22.050
20.930	22.230
POLYLINE BLACK
20.550	21.570
20.370	21.570
20.270	21.530
20.250	21.450
20.270	21.370
20.450	21.330
20.550	21.430
20.590	21.490
20.610	21.570
20.590	21.610
20.550	21.610
POLYLINE BLACK
20.250	21.770
20.170	21.770
20.030	21.750
19.990	21.610
20.030	21.490
20.130	21.390
20.290	21.390
20.370	21.510
20.410	21.610
20.350	21.670
20.250	21.690
20.170	21.690
POLYLINE BLACK
20.350	22.190
20.290	22.190
20.070	22.050
19.890	21.830
19.870	21.730
19.930	21.710
20.030	21.710
20.210	21.790
20.330	21.930
20.410	22.090
20.410	22.230
20.390	22.270
20.170	22.190
POLYLINE BLACK
20.790	21.970
20.750	21.990
20.490	21.990
20.430	21.910
20.430	21.830
20.490	21.690
20.570	21.670
20.670	21.730
20.710	21.770
20.710	21.890
20.630	21.910
POLYLINE BLACK
20.810	22.030
20.830	21.990
20.870	22.110
20.850	22.330
20.810	22.350
POLYLINE BLACK
20.870	22.110
20.950	22.350
20.930	22.390
20.830	22.390
20.750	22.330
20.710	22.250
POLYLINE BLACK
20.450	22.250
20.490	22.050
20.610	22.050
20.690	22.090
20.770	22.250
20.610	22.730
20.690	22.770
20.810	22.530
20.630	22.570
POLYLINE BLACK
20.590	22.510
POLYLINE BLUE
16.850	20.750
16.890	20.730
17.010	20.750
17.650	20.990
18.150	21.290
18.970	21.910
19.070	21.950
19.370	22.170
19.990	22.470
20.230	22.710
20.230	22.770
20.350	22.870
POLYLINE BLUE
13.530	18.890
13.610	18.890
13.930	19.070
14.010	19.090
14.090	19.150
14.250	19.190
14.370	19.290
14.550	19.390
14.630	19.470
15.190	19.730
15.270	19.750
15.470	19.850
15.690	19.910
15.990	20.030
16.130	20.050
16.490	20.170
16.670	20.210
16.710	20.230
16.790	20.230
16.970	20.330
17.010	20.330
17.110	20.390
17.710	20.670
17.870	20.790
17.950	20.810
18.230	20.950
18.270	20.950
18.330	21.030
18.650	21.190
18.830	21.250
18.870	21.290
18.930	21.290
19.230	21.490
19.350	21.510
19.610	21.690
19.710	21.750
19.930	21.890
19.950	21.930
20.150	22.050
20.310	22.170
20.590	22.590
20.610	22.650
POLYLINE BLACK
18.490	19.830
18.670	19.830
18.770	19.850
18.810	19.830
18.970	19.890
19.110	19.970
19.230	20.010
19.270	20.050
19.650	20.230
20.150	20.530
20.210	20.590
20.250	20.590
20.450	20.790
20.570	20.950
20.690	21.170
20.690	21.290
20.730	21.330
20.750	21.410
20.910	21.650
20.970	21.710
21.110	21.990
21.110	22.030
21.130	21.990
21.130	22.030
POLYLINE BLACK
12.970	19.630
13.070	19.610
13.150	19.610
13.430	19.690
13.530	19.730
13.730	19.850
13.790	19.870
13.890	19.970
14.010	20.070
14.050	20.070
14.210	20.210
14.350	20.290
14.470	20.370
14.570	20.410
14.770	20.570
14.850	20.590
14.990	20.630
15.030	20.670
15.110	20.670
15.150	20.710
15.230	20.690
15.430	20.790
15.510	20.810
15.590	20.850
15.650	20.850
15.950	20.990
15.990	21.030
16.070	21.050
16.150	21.070
16.230	21.130
16.430	21.190
16.470	21.230
16.570	21.250
17.030	21.490
17.070	21.530
17.130	21.530
17.170	21.570
17.290	21.590
17.450	21.690
17.550	21.710
17.710	21.810
17.750	21.810
17.830	21.870
17.990	21.910
18.170	22.010
18.250	22.010
18.510	22.150
18.590	22.170
18.750	22.290
18.790	22.290
18.930	22.390
19.010	22.410
19.170	22.530
19.230	22.590
19.250	22.650
19.410	22.790
POLYLINE BLUE
17.610	17.870
17.530	17.850
POLYLINE BLUE
13.870	19.430
13.910	19.290
14.350	19.510
14.470	19.610
14.550	19.630
14.670	19.710
14.750	19.770
14.830	19.790
15.090	19.970
15.190	19.990
15.310	20.110
15.390	20.130
15.610	20.230
15.870	20.390
16.270	20.510
16.490	20.530
16.570	20.590
16.650	20.590
16.690	20.570
16.770	20.590
16.850	20.650
16.930	20.670
16.970	20.710
17.050	20.730
POLYLINE BLUE
13.550	19.190
13.550	19.150
13.630	19.190
POLYLINE BLUE
13.230	19.190
13.250	19.130
13.290	19.130
POLYLINE BLUE
10.960	14.845
10.930	14.860
10.900	14.845
10.810	14.890
10.735	15.025
10.720	15.160
10.705	15.295
10.705	15.490
10.765	15.670
10.780	15.745
10.795	15.775
10.795	15.835
10.810	15.895
10.810	16.135
10.825	16.195
10.825	16.255
10.885	16.390
10.945	16.480
11.065	16.705
11.185	16.870
11.290	17.035
11.335	17.080
11.440	17.245
11.725	17.575
11.800	17.680
11.845	17.710
11.860	17.755
11.950	17.830
12.085	18.010
POLYLINE BLUE
10.300	14.680
10.345	14.530
10.315	14.560
10.120	15.070
10.105	15.190
10.090	15.220
10.075	15.385
10.075	15.595
10.105	15.700
10.105	15.775
10.135	15.850
10.165	15.880
10.210	16.030
10.300	16.225
10.300	16.255
10.345	16.315
10.345	16.345
10.375	16.375
10.435	16.540
10.435	16.585
10.495	16.735
10.495	16.765
10.600	16.990
10.600	17.035
10.690	17.245
10.720	17.275
10.750	17.350
11.110	17.740
11.530	18.055
11.560	18.070
11.590	18.115
11.800	18.250
11.875	18.280
12.010	18.370
12.145	18.430
12.205	18.490
12.250	18.490
12.460	18.595
12.550	18.670
12.595	18.700
12.625	18.700
12.700	18.760
12.895	18.835
12.925	18.865
12.955	18.865
12.985	18.895
13.015	18.895
13.120	18.985
13.165	19.000
13.195	19.030
POLYLINE BLUE
10.330	14.800
10.345	14.680
POLYLINE BLUE
10.180	14.965
10.165	15.025
10.165	15.100
10.135	15.280
10.120	15.310
10.120	15.370
10.105	15.415
10.105	15.535
10.090	15.595
10.120	15.730
10.105	15.775
POLYLINE BLUE
10.900	17.005
11.140	17.185
11.200	17.260
11.245	17.290
11.350	17.440
11.380	17.455
11.395	17.485
11.455	17.425
11.530	17.380
11.635	17.410
11.710	17.470
11.845	17.770
11.890	17.830
11.920	17.830
12.100	17.995
12.145	18.070
12.265	18.130
12.400	18.235
12.490	18.370
12.565	18.400
12.580	18.430
12.625	18.460
12.760	18.640
12.790	18.625
12.940	18.700
12.970	18.730
13.015	18.745
13.135	18.820
13.225	18.865
13.300	18.940
POLYLINE BLUE
11.395	17.455
11.425	17.440
11.455	17.455
11.515	17.440
11.725	17.725
11.755	17.755
11.785	17.755
11.845	17.770
11.875	17.770
11.980	17.845
12.010	17.845
12.040	17.920
12.100	17.965
12.130	17.965
12.235	18.085
12.250	18.130
12.280	18.160
12.310	18.235
POLYLINE BLUE
10.390	16.105
10.435	16.180
10.465	16.270
10.555	16.435
10.555	16.480
10.585	16.585
10.555	16.720
10.585	16.825
10.660	16.915
10.795	16.960
10.885	17.080
POLYLINE BLUE
10.780	14.710
10.795	14.755
10.735	14.890
10.735	14.920
10.705	15.040
10.705	15.100
10.690	15.160
10.690	15.325
10.675	15.460
10.660	15.490
10.675	15.550
10.675	15.625
10.720	15.715
10.720	15.835
10.660	15.895
10.690	16.030
10.720	16.090
10.720	16.165
10.735	16.195
POLYLINE BLUE
9.700	21.010
POLYLINE BLACK
14.410	18.505
14.440	18.490
14.620	18.535
14.860	18.610
14.890	18.610
15.055	18.670
15.130	18.715
15.160	18.715
15.265	18.745
15.415	18.760
15.475	18.790
15.520	18.790
15.775	18.865
16.150	19.015
16.255	19.045
16.510	19.150
16.810	19.225
16.945	19.255
17.005	19.255
17.350	19.360
17.440	19.405
17.515	19.420
17.650	19.480
17.725	19.480
17.755	19.495
17.800	19.495
17.875	19.540
17.995	19.555
18.070	19.555
18.100	19.570
18.205	19.570
18.295	19.615
18.355	19.615
18.520	19.690
18.550	19.720
18.580	19.705
18.595	19.735
POLYLINE BLACK
13.990	18.265
14.200	18.445
14.260	18.460
14.290	18.460
14.350	18.505
14.335	18.535
14.305	18.535
14.275	18.520
14.215	18.520
14.035	18.430
14.005	18.400
13.960	18.385
13.840	18.250
13.810	18.175
13.735	18.085
13.735	18.055
13.720	18.025
13.735	17.995
13.735	17.920
13.750	17.845
13.750	17.800
POLYLINE BLACK
14.035	18.400
14.065	18.400
14.125	18.445
14.155	18.445
14.260	18.490
14.290	18.520
14.320	18.520
14.350	18.535
14.350	18.535
14.320	18.535
POLYLINE BLACK
9.500	18.215
9.660	18.235
9.700	18.215
9.760	18.255
9.940	18.275
10.580	18.535
10.840	18.635
10.980	18.715
11.060	18.735
11.300	18.815
11.340	18.855
11.380	18.855
11.500	18.955
11.760	19.035
11.880	19.135
11.980	19.195
12.060	19.215
12.160	19.255
12.280	19.355
12.460	19.395
12.640	19.455
12.720	19.455
12.940	19.515
12.980	19.495
13.020	19.535
POLYLINE BLACK
10.100	14.415
9.840	14.595
9.680	14.775
9.640	14.855
9.500	15.035
9.260	15.495
9.180	15.635
9.060	15.915
9.040	15.995
8.980	16.155
8.980	16.215
8.940	16.375
8.940	16.595
8.960	16.695
8.960	16.755
8.980	16.835
9.040	17.115
9.060	17.215
9.280	17.755
9.360	17.935
9.580	18.255
9.580	18.255
POLYLINE BLACK
13.120	16.555
13.120	16.695
13.140	16.795
13.140	16.915
13.260	17.215
13.260	17.255
13.300	17.295
13.320	17.375
13.400	17.555
13.660	17.815
13.780	17.975
13.860	18.195
POLYLINE BLACK
13.120	16.575
13.100	16.495
13.300	16.095
13.380	16.015
13.420	16.015
13.260	16.115
13.200	16.215
13.180	16.295
13.160	16.335
13.440	15.895

ELEVATION
STATIONS
0.000	0.000	1.0
0.000	0.000	274.0
17.732	-2.275	274.1
23.357	-2.404	274.2
31.996	-3.039	274.3
36.734	-4.484	274.4
41.997	-4.954	274.5
47.697	-4.631	274.6
51.390	-4.712	274.7
54.361	-4.538	274.8
60.490	-4.623	274.9
64.180	-5.048	274.10
69.693	-5.111	274.11
74.722	-3.751	274.12
81.904	-2.206	274.13
94.178	-1.404	274.14
SHOTS
81.904	-2.206	94.178	-1.404
74.722	-3.751	81.904	-2.206
81.904	-2.206	79.529	-2.596
81.904	-2.206	80.839	10.235
81.904	-2.206	78.336	-5.712
81.904	-2.206	79.678	-3.169
81.904	-2.206	81.056	-2.254
81.904	-2.206	82.053	-3.178
81.904	-2.206	81.147	-2.238
69.693	-5.111	74.722	-3.751
74.722	-3.751	74.722	-3.576
74.722	-3.751	69.726	-4.828
74.722	-3.751	70.833	-4.978
74.722	-3.751	72.342	-4.722
74.722	-3.751	74.437	-6.004
74.722	-3.751	74.701	-2.373
74.722	-3.751	74.895	9.866
74.722	-3.751	75.163	-5.913
74.722	-3.751	73.128	-4.526
74.722	-3.751	74.574	-3.438
74.722	-3.751	71.148	-2.479
74.722	-3.751	72.857	-2.662
74.722	-3.751	74.909	-5.756
64.180	-5.048	69.693	-5.111
69.693	-5.111	70.019	-5.123
69.693	-5.111	69.756	-6.061
69.693	-5.111	69.471	-5.590
69.693	-5.111	70.211	-6.111
69.693	-5.111	66.724	-5.471
69.693	-5.111	64.244	-5.569
69.693	-5.111	66.331	-4.960
69.693	-5.111	68.031	-5.006
69.693	-5.111	68.836	-0.290
69.693	-5.111	66.583	-0.898
60.490	-4.623	64.180	-5.048
64.180	-5.048	64.198	-3.479
64.180	-5.048	63.945	-5.367
64.180	-5.048	64.132	-5.548
64.180	-5.048	64.117	-4.848
64.180	-5.048	64.386	-4.651
64.180	-5.048	64.196	-4.607
64.180	-5.048	61.067	-5.635
64.180	-5.048	61.153	-5.629
54.361	-4.538	60.490	-4.623
60.490	-4.623	60.701	-4.671
60.490	-4.623	60.797	-2.408
60.490	-4.623	60.409	-5.774
60.490	-4.623	56.735	-5.685
60.490	-4.623	56.237	-5.580
60.490	-4.623	57.436	-4.525
60.490	-4.623	58.641	-4.512
60.490	-4.623	56.721	-4.502
60.490	-4.623	60.497	-4.909
60.490	-4.623	60.918	-5.754
60.490	-4.623	56.822	-4.603
60.490	-4.623	56.250	-4.579
60.490	-4.623	58.286	-4.561
51.390	-4.712	54.361	-4.538
54.361	-4.538	54.066	-4.545
54.361	-4.538	54.390	-5.836
54.361	-4.538	54.291	-1.788
54.361	-4.538	53.685	-3.738
54.361	-4.538	52.762	-3.725
54.361	-4.538	54.001	-5.632
54.361	-4.538	54.395	-5.667
54.361	-4.538	55.313	-1.757
47.697	-4.631	51.390	-4.712
51.390	-4.712	51.425	-4.857
51.390	-4.712	51.371	-4.709
51.390	-4.712	51.387	-3.652
51.390	-4.712	51.296	-5.797
51.390	-4.712	51.352	-5.660
51.390	-4.712	51.397	-5.737
51.390	-4.712	52.806	-3.771
51.390	-4.712	50.172	-3.842
51.390	-4.712	52.830	-2.981
51.390	-4.712	50.494	-3.925
51.390	-4.712	43.900	-2.205
51.390	-4.712	49.513	-4.232
51.390	-4.712	43.843	-2.809
51.390	-4.712	47.341	-3.821
41.997	-4.954	47.697	-4.631
47.697	-4.631	47.676	-2.442
47.697	-4.631	47.706	-5.775
47.697	-4.631	47.838	-5.636
47.697	-4.631	47.637	-4.657
47.697	-4.631	47.689	-4.695
47.697	-4.631	49.304	-0.857
47.697	-4.631	49.176	-3.817
47.697	-4.631	45.441	-3.165
47.697	-4.631	45.672	-3.568
36.734	-4.484	41.997	-4.954
41.997	-4.954	42.008	-4.950
41.997	-4.954	42.023	-3.784
41.997	-4.954	41.900	-5.876
41.997	-4.954	40.019	-4.606
41.997	-4.954	39.846	-5.261
41.997	-4.954	39.470	-5.207
41.997	-4.954	40.546	-3.060
41.997	-4.954	36.862	-4.683
31.996	-3.039	36.734	-4.484
36.734	-4.484	36.682	-4.489
36.734	-4.484	36.768	-3.940
36.734	-4.484	36.746	-5.734
36.734	-4.484	36.699	-5.737
23.357	-2.404	31.996	-3.039
31.996	-3.039	31.690	-1.948
31.996	-3.039	29.088	-2.313
31.996	-3.039	26.375	-2.481
31.996	-3.039	27.140	-1.943
31.996	-3.039	32.019	-3.527
31.996	-3.039	32.059	-3.724
31.996	-3.039	31.997	-5.550
17.732	-2.275	23.357	-2.404
23.357	-2.404	22.443	-2.446
23.357	-2.404	23.457	-4.140
23.357	-2.404	19.382	-2.197
23.357	-2.404	23.402	-2.399
23.357	-2.404	23.122	-5.901
23.357	-2.404	23.416	-1.062
23.357	-2.404	18.960	-1.010
23.357	-2.404	20.836	-1.059
23.357	-2.404	26.274	-1.063
23.357	-2.404	28.429	-2.867
23.357	-2.404	25.747	-2.774
23.357	-2.404	30.518	-2.635
23.357	-2.404	31.633	-2.357
23.357	-2.404	30.586	-2.835
23.357	-2.404	31.928	-3.054
0.000	0.000	17.732	-2.275
17.732	-2.275	20.682	-2.401
17.732	-2.275	18.066	-4.375
17.732	-2.275	17.639	-2.270
17.732	-2.275	17.191	1.448
0.000	0.000	0.000	0.000
POLYLINE BLACK
82.150	1.500
POLYLINE BLACK
72.350	5.300
72.300	5.200
71.950	5.200
71.050	4.300
70.750	3.700
70.750	3.300
71.000	2.950
71.250	2.800
71.850	2.650
72.050	2.700
72.300	2.700
73.000	2.950
73.450	3.300
73.750	3.750
73.950	4.300
73.950	4.450
74.050	4.800
74.050	5.850
73.950	6.050
73.800	6.150
73.350	6.150
73.050	6.100
72.600	5.900
72.300	5.600
POLYLINE BLACK
71.500	1.900
71.550	1.600
71.600	1.150
71.850	0.450
72.250	0.150
72.450	0.200
72.750	0.450
72.850	0.950
72.850	1.450
72.800	1.750
72.700	2.200
72.500	2.750
72.200	2.950
72.000	3.100
71.650	3.250
71.300	3.250
71.100	3.300
70.900	3.300
POLYLINE BLACK
70.350	0.400
70.550	-0.150
70.950	-0.750
71.300	-1.050
71.500	-1.100
72.100	-1.250
72.300	-1.250
72.600	-1.000
72.600	-0.700
72.150	0.050
71.200	0.850
70.850	1.000
70.700	1.000
70.250	1.150
POLYLINE BLACK
72.750	-0.800
72.400	-1.050
72.250	-1.550
72.350	-2.050
72.500	-2.250
73.050	-2.550
73.200	-2.300
73.150	-1.550
73.000	-1.100
72.750	-0.750
72.150	-0.400
POLYLINE BLACK
71.100	-1.000
71.000	-1.050
70.900	-1.300
70.900	-1.650
71.300	-2.400
71.600	-2.700
71.850	-2.850
72.200	-2.750
72.450	-2.450
72.500	-2.250
72.500	-2.000
72.350	-1.650
71.950	-1.250
71.600	-1.050
71.400	-0.850
71.100	-0.850
POLYLINE BLACK
69.800	-0.150
69.450	0.250
69.150	0.300
68.900	0.200
POLYLINE BLACK
69.100	-0.050
69.050	-0.250
69.150	-0.500
69.250	-0.600
69.250	-0.700
POLYLINE BLACK
70.100	-0.150
69.750	-0.700
69.700	-0.950
69.950	-1.500
70.400	-1.800
70.750	-1.800
70.950	-1.700
71.150	-1.300
71.050	-0.850
70.950	-0.650
70.250	0.000
69.900	0.150
69.750	0.150
POLYLINE BLACK
70.550	7.250
70.400	6.600
70.400	6.100
70.500	5.750
70.750	5.750
71.100	5.900
71.350	6.650
71.350	6.900
71.200	7.250
71.100	7.350
71.000	7.350
POLYLINE BLACK
70.350	5.050
70.150	4.850
69.900	4.400
69.700	3.600
69.650	3.000
69.800	2.700
70.200	2.600
70.650	2.750
70.850	2.950
71.000	3.450
70.850	4.000
70.850	4.150
70.500	4.750
70.250	4.850
POLYLINE BLACK
69.600	8.600
69.600	8.100
69.650	8.000
69.650	7.700
69.800	7.350
69.900	7.250
70.200	7.350
70.250	7.600
69.950	8.750
69.950	8.900
69.900	9.000
POLYLINE BLACK
70.250	6.550
70.050	6.200
69.900	5.600
69.900	5.250
70.200	4.450
70.400	4.250
70.600	4.200
70.850	4.200
70.950	4.250
71.100	4.500
71.200	4.850
71.100	5.400
70.900	5.900
70.500	6.400
70.250	6.550
70.050	6.550
POLYLINE BLACK
72.000	9.200
72.800	9.350
73.150	9.450
73.550	9.700
73.750	9.700
74.200	9.900
75.000	10.100
75.350	10.150
75.550	10.200
75.650	10.250
75.850	10.150
POLYLINE BLACK
69.850	-6.150
70.300	-6.100
71.200	-6.200
71.650	-6.200
71.850	-6.250
72.000	-6.250
72.450	-6.150
72.950	-6.150
73.150	-6.100
73.600	-6.100
73.700	-6.150
74.000	-6.100
74.350	-6.150
74.550	-6.100
74.900	-6.200
75.250	-6.200
75.350	-6.300
75.800	-6.400
76.250	-6.500
76.350	-6.550
POLYLINE BLACK
67.750	8.450
67.350	7.350
67.200	6.600
67.200	6.050
67.700	4.950
68.250	4.450
68.450	4.450
68.750	4.350
69.200	4.450
69.800	5.050
70.100	5.700
70.200	6.250
70.200	7.100
70.100	7.700
70.100	7.950
69.800	8.600
69.400	9.000
69.050	9.200
68.600	9.250
68.400	9.200
POLYLINE BLACK
71.450	9.250
71.050	9.050
70.700	8.600
70.550	8.350
70.450	7.750
70.550	7.450
70.750	7.250
71.050	7.200
71.450	7.300
71.700	7.400
71.950	7.750
72.050	8.150
72.050	8.750
71.850	9.300
71.700	9.300
71.500	9.350
71.400	9.350
71.050	9.150
POLYLINE BLACK
71.000	3.150
70.800	2.850
70.700	2.500
70.700	2.150
70.750	1.900
71.050	1.650
71.350	1.650
71.700	2.000
71.800	2.550
71.800	2.750
71.750	2.950
71.250	3.350
POLYLINE BLACK
69.600	0.450
69.850	0.050
70.200	-0.050
70.450	0.000
70.700	0.300
70.950	0.900
70.950	1.200
70.750	1.500
70.500	1.550
70.300	1.600
69.850	1.500
69.500	1.300
69.450	1.200
POLYLINE BLACK
67.050	1.250
67.100	1.450
67.150	1.650
66.950	2.100
66.600	2.350
66.500	2.350
66.250	2.050
66.150	1.600
66.150	1.150
66.200	0.950
66.500	0.550
66.850	0.550
67.100	0.850
67.200	1.350
67.100	1.550
POLYLINE BLACK
69.700	3.200
69.300	2.200
69.300	2.000
69.500	1.700
69.750	1.550
70.150	1.350
70.550	1.450
71.000	1.750
71.050	1.850
70.950	2.100
70.550	2.650
70.400	2.900
69.750	3.300
69.300	3.300
69.000	3.200
POLYLINE BLACK
67.150	2.600
67.350	2.000
67.450	1.900
67.650	1.500
67.850	1.300
68.100	1.250
68.550	1.450
68.850	1.750
69.000	2.000
69.300	2.600
69.300	2.950
69.100	3.300
68.750	3.600
68.500	3.650
68.150	3.500
67.750	3.100
67.400	2.500
67.400	2.250
67.350	2.100
67.400	1.850
67.400	1.700
67.600	1.200
POLYLINE BLACK
64.650	0.400
64.250	0.000
64.100	-0.300
64.000	-0.400
63.950	-0.800
64.200	-1.350
64.400	-1.550
64.650	-1.600
64.950	-1.450
65.150	-1.200
65.250	-0.900
65.250	-0.400
65.150	-0.200
64.800	-0.050
POLYLINE BLACK
66.150	0.650
65.500	-0.100
65.250	-0.750
65.250	-1.100
65.350	-1.300
65.500	-1.400
65.850	-1.400
66.100	-1.300
66.550	-0.850
66.800	-0.300
66.900	0.150
66.800	0.500
66.550	0.650
66.200	0.650
65.950	0.500
65.800	0.400
POLYLINE BLACK
69.100	1.100
68.900	1.100
68.500	0.700
68.450	0.500
68.450	0.400
68.700	0.200
68.900	0.150
69.300	0.250
69.550	0.600
69.750	1.200
69.700	1.500
69.450	1.850
69.350	1.850
POLYLINE BLACK
67.600	0.250
67.350	0.000
67.200	-0.500
67.200	-0.750
67.250	-0.850
67.600	-0.850
68.050	-0.600
68.200	-0.500
68.300	-0.250
68.400	-0.150
68.500	0.350
68.400	0.650
67.950	0.900
67.600	0.800
67.350	0.650
POLYLINE BLACK
66.200	-1.350
66.300	-1.350
66.500	-1.200
66.850	-1.050
66.900	-0.950
66.800	-0.850
66.650	-0.850
66.400	-0.800
65.950	-0.950
65.650	-1.250
65.550	-1.750
65.550	-2.150
65.650	-2.350
65.950	-2.450
66.150	-2.400
66.400	-2.100
66.500	-1.600
66.500	-1.450
66.450	-1.250
66.450	-1.000
POLYLINE BLACK
65.850	-2.400
66.150	-2.450
66.500	-2.400
66.850	-1.900
66.850	-1.800
POLYLINE BLACK
67.050	-4.700
66.950	-5.100
66.950	-5.200
67.250	-5.400
67.500	-5.000
67.500	-4.800
67.350	-4.550
67.250	-4.450
67.050	-4.450
66.950	-4.350
POLYLINE BLACK
67.450	-5.650
67.450	-5.850
67.650	-6.000
67.850	-5.950
68.050	-5.750
68.100	-5.400
68.100	-5.150
68.000	-4.950
67.800	-4.900
67.150	-5.300
67.050	-5.750
67.500	-6.200
67.900	-6.200
POLYLINE BLACK
66.500	-4.650
66.250	-4.900
66.300	-5.100
66.450	-5.250
66.650	-5.200
66.800	-5.150
66.900	-4.850
66.750	-4.500
POLYLINE BLACK
66.250	-5.650
66.300	-5.850
66.500	-6.150
66.900	-6.250
67.050	-6.200
67.300	-5.900
67.250	-5.650
67.100	-5.400
66.900	-5.350
66.700	-5.350
66.350	-5.550
66.200	-5.800
66.200	-6.000
66.300	-6.250
66.400	-6.350
POLYLINE BLACK
63.750	-6.450
63.850	-6.500
64.050	-6.450
64.650	-6.350
64.750	-6.300
64.850	-6.350
65.050	-6.200
65.400	-6.250
65.600	-6.200
65.800	-6.250
66.000	-6.300
66.100	-6.250
66.250	-6.350
66.450	-6.350
67.000	-6.550
67.550	-6.550
67.650	-6.600
67.850	-6.550
67.950	-6.650
68.150	-6.650
68.250	-6.600
68.750	-6.750
69.000	-6.600
69.100	-6.600
69.450	-6.200
69.750	-6.200
POLYLINE BLACK
62.300	-1.400
62.350	-1.550
62.150	-1.400
61.500	-1.200
61.550	-1.400
61.850	-2.100
62.050	-2.250
62.250	-2.250
62.450	-2.100
62.450	-1.800
62.150	-1.350
62.050	-1.250
61.950	-1.250
61.850	-1.150
POLYLINE BLACK
63.650	-2.350
63.550	-2.850
63.700	-3.400
63.950	-3.550
64.200	-3.650
64.750	-3.500
65.150	-3.150
65.300	-2.700
65.300	-2.600
65.050	-2.100
64.850	-1.950
64.650	-1.950
64.250	-1.850
63.900	-2.000
POLYLINE BLACK
65.900	-4.450
65.750	-4.450
65.500	-4.950
65.700	-5.250
65.900	-5.300
66.150	-5.150
66.300	-4.900
66.250	-4.700
65.800	-4.450
POLYLINE BLACK
66.050	-5.600
65.650	-5.600
65.450	-5.700
65.350	-5.950
65.500	-6.100
65.850	-6.100
66.350	-5.700
65.950	-5.300
POLYLINE BLACK
63.400	-5.300
63.400	-5.400
63.300	-5.500
63.100	-5.550
63.000	-5.900
63.000	-6.150
63.250	-6.400
63.400	-6.450
63.600	-6.250
63.800	-5.900
63.800	-5.600
63.550	-5.300
POLYLINE BLACK
63.950	-5.350
63.800	-5.500
63.750	-5.600
63.800	-5.850
64.200	-6.200
64.650	-6.200
64.750	-6.100
64.750	-5.750
64.550	-5.300
64.150	-5.050
POLYLINE BLACK
64.650	-4.900
64.600	-5.250
64.600	-5.450
64.750	-5.700
65.050	-5.900
65.250	-5.950
65.550	-5.750
65.700	-5.550
65.750	-5.100
65.600	-4.850
65.400	-4.700
65.150	-4.700
65.050	-4.750
POLYLINE BLUE
50.700	9.500
POLYLINE BLACK
60.600	-6.100
61.050	-5.950
61.150	-6.000
61.350	-5.900
61.500	-5.900
61.700	-5.950
61.900	-5.950
62.100	-6.000
62.300	-6.050
62.750	-6.250
62.850	-6.200
63.050	-6.250
63.300	-6.250
63.600	-6.350
63.750	-6.350
63.850	-6.300
63.950	-6.400
64.150	-6.400
POLYLINE BLACK
63.300	1.100
63.050	0.750
63.050	0.500
63.100	0.250
63.250	0.050
63.300	-0.100
63.400	-0.150
63.500	-0.100
63.650	-0.200
63.750	-0.200
64.150	0.350
64.200	0.850
64.200	1.000
64.050	1.350
63.950	1.450
63.800	1.450
POLYLINE BLACK
63.300	-0.800
62.900	-1.250
62.650	-1.750
62.700	-2.000
62.950	-2.250
63.100	-2.350
63.600	-2.350
63.700	-2.400
63.850	-2.350
64.300	-1.900
64.450	-1.650
64.400	-1.450
63.950	-0.750
63.700	-0.500
63.450	-0.450
63.150	-0.600
POLYLINE BLACK
61.700	0.000
61.500	-0.450
61.500	-0.750
61.650	-1.150
62.150	-1.650
62.450	-1.700
62.850	-1.450
63.000	-0.850
63.000	-0.600
62.900	-0.250
62.650	0.000
62.500	0.050
62.400	0.000
62.300	0.050
61.850	-0.100
61.700	-0.200
61.600	-0.200
POLYLINE BLACK
56.950	2.450
56.800	2.550
56.400	2.600
55.950	2.600
55.300	2.150
55.150	1.650
55.150	1.450
55.450	1.050
55.700	0.900
56.100	0.700
56.350	0.700
56.450	0.650
56.900	0.800
57.150	0.850
57.500	1.250
57.800	1.800
57.800	1.950
57.850	2.200
57.900	2.400
57.750	2.850
57.550	3.150
57.200	3.400
56.950	3.400
56.350	3.200
55.900	2.850
55.800	2.500
POLYLINE BLACK
55.700	0.850
55.400	0.850
54.650	0.600
54.250	0.300
54.050	-0.050
54.050	-0.200
54.000	-0.450
54.000	-0.700
54.200	-1.300
54.700	-1.750
54.800	-1.800
55.050	-1.750
55.650	-1.250
55.800	-1.050
56.050	-0.300
56.050	-0.150
56.150	0.150
56.150	0.350
55.600	1.000
POLYLINE BLACK
60.350	-1.800
60.400	-1.900
61.150	-2.050
61.400	-2.050
61.600	-2.200
61.900	-2.250
POLYLINE BLACK
61.000	3.400
60.550	3.200
60.100	2.650
59.850	2.050
59.850	1.300
60.000	0.950
60.200	0.750
60.550	0.650
60.850	0.750
61.250	1.150
61.350	1.400
61.350	1.650
61.400	2.000
61.400	2.200
61.050	2.750
60.950	2.800
POLYLINE BLACK
59.900	-0.250
59.550	-0.450
59.100	-1.050
59.000	-1.750
59.100	-2.100
59.350	-2.350
59.650	-2.450
59.900	-2.450
60.400	-2.200
60.850	-1.650
61.150	-1.100
61.200	-0.550
61.150	-0.300
61.000	-0.100
60.850	0.150
60.750	0.150
60.550	0.300
60.350	0.350
POLYLINE BLACK
57.400	-1.150
57.250	-1.400
57.200	-1.900
57.150	-2.000
57.300	-2.500
57.600	-2.750
57.900	-2.700
58.250	-2.150
58.250	-1.650
58.050	-1.150
57.800	-0.900
57.650	-0.750
57.550	-0.700
POLYLINE BLACK
59.300	2.550
59.100	2.500
58.700	2.050
58.200	1.150
58.050	0.300
58.050	-0.300
58.150	-0.800
58.350	-1.200
58.850	-1.450
59.000	-1.450
59.450	-1.150
59.750	-0.700
59.900	-0.300
59.950	0.050
60.000	0.500
60.000	1.050
59.800	1.850
59.500	2.300
59.100	2.750
POLYLINE BLACK
57.900	1.200
57.600	1.200
57.350	1.100
56.750	0.600
56.450	0.050
56.150	-0.850
56.150	-1.000
56.100	-1.200
56.100	-1.400
56.250	-1.750
56.500	-1.900
56.600	-1.850
56.700	-1.900
57.050	-1.750
57.450	-1.300
57.800	-0.600
57.900	-0.300
57.950	0.000
58.150	0.850
58.200	1.050
58.100	1.550
57.900	1.750
POLYLINE BLACK
56.900	-0.100
POLYLINE BLACK
54.550	-1.400
54.650	-1.350
54.950	-1.450
55.300	-1.400
55.500	-1.400
55.900	-1.500
56.000	-1.600
56.100	-1.550
56.200	-1.600
56.300	-1.550
POLYLINE BLACK
54.150	-5.900
54.200	-5.800
55.150	-5.700
55.650	-5.650
55.950	-5.650
56.050	-5.600
56.300	-5.650
56.500	-5.600
56.700	-5.650
56.950	-5.750
57.100	-5.750
57.350	-5.800
58.100	-5.800
58.450	-5.950
58.650	-5.900
58.850	-5.900
59.100	-5.950
59.200	-5.900
59.300	-5.950
59.500	-5.900
59.900	-5.950
60.200	-5.850
60.400	-5.850
60.500	-5.900
60.600	-5.800
POLYLINE BLACK
48.350	0.350
48.200	0.350
47.750	0.200
47.650	-0.150
47.650	-0.400
47.800	-0.850
POLYLINE BLACK
47.600	-0.500
47.650	-0.850
47.950	-1.100
48.150	-1.100
48.300	-0.900
48.400	-0.500
48.400	0.000
48.100	0.500
POLYLINE BLACK
49.600	-1.500
49.250	-1.900
49.150	-2.200
49.150	-2.550
49.200	-2.650
49.500	-2.700
49.950	-2.200
50.050	-1.950
50.050	-1.550
49.950	-1.300
49.650	-1.100
49.400	-1.150
POLYLINE BLACK
51.300	-3.300
50.850	-3.200
50.750	-3.200
50.250	-2.850
49.950	-2.600
49.750	-2.450
POLYLINE BLACK
51.250	-3.400
50.850	-3.300
POLYLINE BLACK
51.250	-3.400
51.250	-3.500
51.300	-3.400
51.400	-3.400
52.300	-2.550
52.900	-2.050
53.100	-2.000
53.200	-1.850
53.300	-1.850
53.500	-1.700
53.700	-1.650
53.900	-1.600
54.350	-1.550
54.650	-1.500
POLYLINE BLACK
49.800	-0.200
49.500	-0.100
49.250	-0.100
49.000	-0.200
48.800	-0.450
48.750	-0.800
49.150	-1.200
49.550	-1.250
49.900	-0.900
50.000	-0.700
50.000	-0.350
49.950	-0.200
49.500	0.250
POLYLINE BLACK
48.200	-2.400
48.400	-2.350
48.750	-1.900
48.750	-1.450
48.600	-1.100
48.450	-0.850
48.250	-0.850
48.150	-0.800
48.000	-0.850
47.800	-1.150
47.800	-1.250
POLYLINE BLACK
47.650	-1.600
47.650	-1.900
47.700	-2.150
POLYLINE BLACK
47.500	-6.050
47.550	-6.150
47.850	-5.950
48.100	-5.950
48.300	-5.900
48.600	-5.900
48.850	-5.800
48.950	-5.850
49.050	-5.800
49.650	-5.950
49.800	-5.950
50.200	-6.050
50.500	-6.050
50.700	-5.950
50.800	-6.000
50.900	-5.900
51.350	-5.800
51.650	-5.600
51.850	-5.600
52.200	-5.550
52.400	-5.550
52.750	-5.450
52.850	-5.500
53.050	-5.450
53.350	-5.550
53.650	-5.550
53.750	-5.600
54.200	-5.600
54.300	-5.650
54.500	-5.600
54.600	-5.600
POLYLINE BLACK
42.250	-6.000
42.400	-6.000
42.650	-5.900
42.750	-5.950
43.200	-5.800
43.400	-5.800
43.500	-5.750
43.850	-5.850
44.050	-5.850
44.250	-5.950
44.450	-5.900
44.650	-5.950
44.750	-5.900
45.200	-6.000
45.400	-6.000
45.650	-6.050
45.950	-6.050
46.050	-6.100
46.250	-6.050
46.450	-6.050
46.950	-5.900
47.050	-6.000
47.150	-5.900
47.250	-5.950
47.450	-5.900
47.650	-5.850
POLYLINE BLACK
42.700	-5.300
42.650	-5.500
42.650	-5.600
42.750	-5.750
42.900	-5.800
43.350	-5.700
43.350	-5.550
43.400	-5.350
43.250	-5.200
43.000	-5.000
POLYLINE BLACK
45.000	-5.700
45.200	-5.650
45.500	-5.550
45.950	-5.050
46.000	-4.950
45.550	-4.950
45.450	-5.000
POLYLINE BLACK
45.150	-5.050
44.700	-5.150
44.500	-5.450
POLYLINE BLACK
44.500	-5.050
44.100	-5.050
43.900	-5.200
43.800	-5.200
43.650	-5.400
43.900	-5.700
44.150	-5.700
44.250	-5.750
44.800	-5.550
44.950	-5.350
44.900	-5.150
44.650	-5.050
POLYLINE BLACK
41.450	-2.250
41.600	-2.500
41.950	-2.500
42.000	-2.300
42.000	-2.050
42.050	-1.950
42.000	-1.700
POLYLINE BLACK
41.650	-1.700
41.450	-1.900
POLYLINE BLACK
42.800	-1.900
43.000	-1.850
43.150	-1.650
43.100	-1.450
POLYLINE BLACK
42.950	-1.050
42.700	-1.200
42.500	-1.650
42.500	-1.800
42.600	-1.900
POLYLINE BLACK
43.550	-1.100
43.300	-1.400
43.250	-1.600
43.400	-1.900
43.600	-1.900
43.900	-1.750
44.000	-1.450
43.950	-1.100
43.750	-0.950
POLYLINE BLACK
44.900	-0.850
44.450	-1.200
44.200	-1.500
44.200	-1.700
44.350	-2.050
44.700	-2.100
44.800	-2.100
45.250	-1.600
45.250	-1.450
45.300	-1.250
45.250	-1.050
45.200	-0.950
POLYLINE BLACK
47.450	-2.100
47.400	-1.900
47.400	-1.750
47.150	-1.750
47.050	-1.700
46.950	-1.750
46.600	-1.700
46.350	-1.700
45.800	-1.900
45.750	-2.100
46.000	-2.200
46.100	-2.300
46.300	-2.300
46.400	-2.250
46.500	-2.300
46.950	-2.150
47.050	-1.850
POLYLINE BLACK
46.450	-1.850
POLYLINE BLACK
45.900	-1.900
45.550	-1.950
45.200	-2.100
45.050	-2.350
45.100	-2.550
45.300	-2.700
45.650	-2.700
46.200	-2.350
46.200	-2.150
46.100	-2.000
45.950	-1.950
POLYLINE BLACK
43.950	-2.050
43.650	-2.300
43.500	-2.600
43.700	-2.750
44.400	-2.650
44.900	-2.450
44.950	-2.350
44.500	-1.950
44.200	-1.850
POLYLINE BLACK
43.250	-2.150
42.700	-2.000
42.100	-2.500
42.100	-2.600
42.350	-2.750
42.450	-2.900
42.650	-2.950
42.750	-2.900
42.850	-2.950
43.150	-2.800
43.250	-2.800
43.550	-2.500
43.550	-2.400
43.150	-2.050
POLYLINE BLACK
37.150	-6.000
36.950	-5.950
36.750	-5.900
36.400	-5.800
36.200	-5.900
POLYLINE BLACK
37.150	-3.850
37.550	-3.750
37.750	-3.750
37.850	-3.700
POLYLINE BLACK
31.600	-2.100
31.800	-2.050
32.450	-2.000
32.650	-2.050
33.650	-2.050
33.850	-2.100
34.050	-2.100
34.250	-2.150
34.350	-2.100
34.550	-2.200
POLYLINE BLACK
38.050	-3.200
38.050	-3.400
38.100	-3.650
38.250	-3.850
POLYLINE BLACK
39.100	-3.000
39.050	-3.250
39.300	-4.050
39.500	-4.200
39.600	-4.200
POLYLINE BLACK
39.650	-3.300
39.200	-3.050
39.000	-3.100
39.300	-3.350
39.500	-3.400
39.600	-3.450
POLYLINE BLACK
39.050	-3.200
39.000	-3.300
39.050	-3.400
POLYLINE BLACK
40.300	-2.400
40.100	-2.350
POLYLINE BLACK
39.750	-2.300
39.700	-2.400
POLYLINE BLACK
39.000	-2.150
39.050	-2.350
39.350	-2.600
39.550	-2.650
39.650	-2.450
39.650	-2.300
39.400	-2.050
39.200	-1.900
39.000	-1.850
38.800	-2.050
38.800	-2.300
39.050	-2.800
39.150	-2.900
POLYLINE BLACK
40.150	-3.450
40.050	-3.200
39.850	-3.000
POLYLINE BLACK
39.900	-2.500
39.550	-2.850
39.500	-3.050
39.500	-3.400
39.750	-3.700
39.750	-3.600
POLYLINE BLACK
41.900	-2.600
41.800	-2.700
41.600	-2.700
41.350	-2.800
41.100	-3.100
41.050	-3.300
41.200	-3.550
41.500	-3.650
41.850	-3.500
41.950	-3.400
42.000	-3.050
41.750	-2.800
41.650	-2.750
POLYLINE BLACK
40.700	-2.600
40.500	-2.750
40.450	-3.050
40.600	-3.300
40.800	-3.550
41.000	-3.600
41.250	-3.500
41.450	-3.200
41.400	-3.000
40.900	-2.500
40.800	-2.500
POLYLINE BLACK
40.200	-2.950
39.700	-2.650
POLYLINE BLACK
39.750	-3.350
POLYLINE BLACK
39.400	-2.950
39.400	-3.150
POLYLINE BLACK
38.550	-2.500
38.150	-3.050
38.100	-3.400
38.300	-3.700
38.500	-3.750
38.900	-3.350
39.000	-3.000
38.800	-2.850
POLYLINE BLACK
34.150	-2.050
34.150	-1.950
34.350	-2.000
34.800	-2.000
35.150	-2.050
35.250	-2.050
35.400	-2.150
35.500	-2.150
36.000	-2.500
36.350	-2.900
36.500	-3.350
36.650	-3.550
36.800	-3.800
37.100	-4.050
37.500	-4.100
POLYLINE BLACK
37.050	-5.950
37.850	-5.950
38.050	-6.000
38.250	-6.050
38.350	-6.000
38.550	-6.000
38.650	-5.950
38.950	-6.000
39.750	-5.900
40.350	-5.950
41.100	-6.100
41.200	-6.100
41.300	-6.200
41.350	-6.050
41.450	-6.100
41.950	-5.900
42.050	-5.800
42.150	-5.800
POLYLINE BLACK
35.900	-4.350
35.450	-4.800
35.450	-4.950
35.400	-5.150
35.550	-5.500
35.750	-5.650
35.900	-5.700
36.200	-5.600
36.300	-5.500
36.300	-5.150
36.200	-4.900
36.000	-4.750
POLYLINE BLACK
36.550	-5.300
36.100	-4.950
35.800	-4.650
35.700	-4.600
35.550	-4.650
35.400	-5.150
35.550	-5.600
POLYLINE BLACK
36.100	-5.200
35.850	-5.150
35.800	-5.450
POLYLINE BLACK
34.900	-4.700
34.700	-4.800
34.550	-4.800
34.400	-5.100
34.500	-5.350
34.650	-5.450
34.850	-5.450
35.050	-5.350
35.100	-5.250
34.950	-5.000
34.850	-4.900
POLYLINE BLACK
35.550	-5.700
35.350	-5.650
35.250	-5.650
35.150	-5.750
35.150	-5.850
35.700	-6.100
35.900	-6.050
36.000	-6.000
35.400	-5.400
35.100	-5.250
POLYLINE BLACK
33.500	-4.800
33.250	-5.050
33.250	-5.250
33.400	-5.450
33.650	-5.550
33.900	-5.550
34.050	-5.350
33.850	-5.000
33.550	-4.800
33.250	-4.500
POLYLINE BLACK
33.700	-5.650
33.600	-5.750
34.000	-6.050
34.350	-6.150
34.750	-6.200
35.000	-6.150
35.100	-6.150
34.950	-5.900
34.050	-5.050
33.800	-5.000
POLYLINE BLACK
34.000	-5.750
33.700	-5.500
33.550	-5.450
33.450	-5.500
POLYLINE BLACK
32.550	-4.600
32.350	-4.550
32.100	-4.850
32.050	-5.050
32.100	-5.250
32.300	-5.550
32.700	-5.550
32.850	-5.400
32.950	-4.950
32.950	-4.700
32.900	-4.500
POLYLINE BLACK
32.500	-5.000
32.600	-5.150
32.500	-5.050
POLYLINE BLACK
32.300	-4.950
32.250	-5.050
POLYLINE BLACK
33.050	-5.200
32.800	-5.450
32.750	-5.650
32.900	-5.900
33.100	-5.950
33.300	-5.900
33.450	-5.650
33.550	-5.450
33.500	-5.300
33.100	-5.250
32.850	-5.350
POLYLINE BLACK
23.300	-0.950
23.400	-1.050
23.700	-0.950
24.050	-1.050
24.550	-1.050
24.750	-1.000
24.950	-1.000
25.050	-1.050
25.250	-1.000
25.450	-1.050
25.550	-1.000
25.750	-1.050
25.850	-1.000
25.950	-1.050
26.150	-0.900
26.750	-1.000
27.350	-1.200
27.450	-1.200
27.550	-1.300
27.650	-1.250
27.850	-1.300
27.950	-1.250
28.050	-1.300
28.150	-1.250
28.350	-1.300
28.450	-1.250
28.650	-1.300
28.750	-1.300
28.850	-1.400
29.050	-1.450
29.250	-1.550
29.350	-1.500
29.550	-1.550
29.750	-1.500
30.050	-1.400
30.150	-1.450
30.350	-1.400
30.550	-1.400
30.850	-1.500
30.950	-1.650
31.050	-1.650
31.300	-1.850
31.500	-1.900
31.700	-1.950
POLYLINE BLACK
32.000	-6.100
32.150	-6.250
32.350	-6.250
32.650	-6.000
32.650	-5.900
POLYLINE BLACK
31.650	-5.850
31.850	-5.800
31.950	-5.750
32.100	-5.950
32.000	-6.050
32.000	-6.300
31.850	-6.350
31.550	-6.250
31.350	-6.300
31.250	-6.200
31.400	-5.900
31.700	-5.800
31.800	-5.800
POLYLINE BLACK
23.500	-6.200
23.600	-6.250
24.300	-6.050
24.500	-6.050
24.900	-5.950
25.750	-5.950
25.900	-5.900
26.100	-5.950
26.300	-5.950
26.800	-6.050
27.300	-6.050
28.950	-6.350
29.400	-6.500
29.500	-6.450
29.650	-6.500
29.900	-6.450
30.150	-6.500
30.350	-6.450
30.550	-6.500
31.000	-6.500
31.200	-6.450
31.300	-6.500
31.850	-6.400
32.000	-6.400
32.200	-6.300
32.400	-6.350
32.800	-6.250
32.900	-6.300
33.100	-6.200
33.350	-6.300
POLYLINE BLACK
26.800	-3.200
27.000	-3.200
27.100	-3.100
27.400	-3.150
27.500	-3.100
27.950	-3.150
28.150	-3.100
28.350	-3.100
28.600	-3.150
29.200	-3.200
29.300	-3.150
30.100	-3.300
30.300	-3.300
30.900	-3.500
31.200	-3.600
31.300	-3.700
32.050	-3.850
32.350	-3.850
32.450	-3.800
32.550	-3.850
32.950	-3.750
33.100	-3.750
33.300	-3.700
33.500	-3.750
POLYLINE BLACK
22.900	-2.800
23.350	-2.950
23.550	-2.850
23.650	-2.900
23.750	-2.850
23.850	-2.950
24.050	-2.900
24.250	-2.950
24.350	-3.000
24.800	-3.000
25.250	-3.100
25.450	-3.050
25.900	-3.150
26.000	-3.150
26.150	-3.250
26.700	-3.250
27.100	-3.350
27.250	-3.350
POLYLINE BLACK
17.500	1.700
17.500	1.600
17.650	1.450
17.750	1.050
17.800	0.600
18.050	0.000
18.050	-0.150
18.200	-0.550
18.500	-0.800
19.100	-0.950
19.600	-0.950
19.700	-0.900
19.900	-0.950
20.200	-0.950
20.850	-1.100
21.050	-1.050
21.250	-1.050
21.350	-1.150
21.650	-1.100
21.850	-1.150
22.050	-1.100
22.250	-1.150
22.350	-1.100
22.450	-1.150
22.550	-1.100
22.750	-1.200
23.000	-1.150
23.200	-1.200
23.400	-1.150
23.600	-1.200
POLYLINE BLUE
19.200	-5.850
19.350	-6.000
20.050	-5.750
20.800	-5.750
21.000	-5.700
21.400	-5.750
21.900	-5.850
22.200	-5.850
22.350	-5.800
22.750	-5.900
22.950	-5.950
23.150	-6.000
23.350	-6.050
23.550	-6.000
23.800	-6.050
24.000	-6.100
24.200	-6.050
POLYLINE BLUE
18.550	-4.250
19.000	-4.600
19.050	-4.700
POLYLINE BLUE
18.350	-4.050
18.700	-4.250
19.000	-4.600
19.400	-5.250
POLYLINE BLUE
18.400	-4.100
18.950	-4.600
19.350	-5.250
POLYLINE BLUE
18.750	-3.950
19.200	-4.600
19.250	-5.000
POLYLINE BLACK
18.450	-4.300
18.750	-4.800
18.800	-5.050
18.950	-5.800
19.100	-5.950
19.650	-6.050
19.750	-6.050
19.850	-5.950
19.950	-6.000
20.350	-5.900
20.600	-5.950
20.800	-5.900
21.250	-5.950
21.450	-5.950
21.650	-5.900
21.850	-5.950
22.200	-6.000
22.300	-6.050
22.500	-6.000
22.700	-6.050
22.800	-6.000
22.900	-6.050
23.000	-6.000
23.300	-6.100
23.400	-6.200
23.500	-6.150
23.700	-6.250
23.850	-6.250
23.950	-6.300
POLYLINE BLACK
18.600	-4.450
18.900	-4.800
POLYLINE BLACK
16.800	1.600
16.850	1.500
16.950	1.550
17.350	1.400
17.600	1.400
17.800	1.350
POLYLINE BLACK
17.700	-4.300
17.900	-4.450
18.000	-4.450
18.100	-4.550
18.300	-4.600
18.500	-4.550
POLYLINE BLACK
-7.850	12.400
-7.800	12.300
