TRIP
DATE 2006-10-09 
DECLINATION     0.00
DATA
601.2		321.92	-2.63	5.647	>
601.2		25.39	-0.51	6.039	>
601.2		230.40	13.47	3.027	>
601.2		303.13	-28.36	4.048	>
601.2		15.01	-25.95	5.375	>
601.2		326.28	-39.93	2.234	>
601.2		64.86	6.70	5.884	>
601.2		145.92	0.23	6.093	>
601.2		295.35	3.79	4.089	>
601.2		305.80	1.40	5.323	>
601.2		323.36	-38.51	2.131	>
601.2	601.3	300.88	3.81	6.752	>
601.3		102.01	-0.40	1.870	>
601.3		128.45	-1.79	2.598	>
601.3		176.86	5.99	1.945	>
601.3		148.03	3.88	1.861	>
601.3		51.92	-4.04	0.894	>
601.3	601.4	0.37	-0.25	3.852	>
601.4		164.52	2.44	1.834	>
601.4		213.32	4.56	3.437	>
601.4		160.35	85.14	0.176	>
601.4		148.69	-74.00	0.510	>
601.4		92.42	-11.67	1.933	>
601.4		255.24	3.67	6.747	>
601.4		230.03	3.08	5.214	>
601.4	601.5	237.30	-1.10	5.145	>
601.5		185.06	13.83	1.401	>
601.5		328.65	2.84	2.140	>
601.5		275.14	-71.95	1.549	>
601.5		276.01	74.23	0.773	>
601.5		217.92	1.32	8.567	>
601.5		204.64	-2.09	4.106	>
601.5		282.41	-1.40	3.310	>
601.5		235.92	-20.09	10.337	>
601.5		259.56	-17.08	11.206	>
601.5		262.21	-29.09	7.332	>
601.5		231.39	-24.58	8.647	>
601.5	601.6	229.43	-2.29	13.444	>
601.6		70.73	77.50	1.302	>
601.6		76.03	17.93	2.739	>
601.6		275.90	25.26	1.516	>
601.6		330.92	-66.13	1.057	>
601.6		356.44	-4.59	8.353	>
601.6		343.26	-4.57	5.625	>
601.6		20.72	2.94	10.307	>
601.6		66.04	3.38	7.153	>
601.6		40.83	-9.59	11.316	>
601.6		19.12	-24.48	8.701	>
601.6		32.58	-41.07	4.247	>
601.6		0.17	-32.75	9.355	>
601.6		357.97	-31.49	5.438	>
601.6		143.75	7.61	9.980	>
601.6		126.50	5.15	6.173	>
601.6		159.27	10.09	6.671	>
601.6		107.86	6.32	3.898	>
601.6	601.7	148.15	5.19	11.775	>
601.7		37.65	3.54	2.621	>
601.7		172.41	85.11	0.355	>
601.7		226.67	1.84	0.655	>
601.7		68.62	-33.73	1.428	>
601.7		118.63	2.44	9.673	>
601.7		82.83	-2.31	5.744	>
601.7		108.27	1.64	14.596	>
601.7	601.8	101.65	1.35	13.760	>
601.8		345.10	-9.09	4.387	>
601.8		2.11	72.36	0.895	>
601.8		172.60	1.36	3.207	>
601.8		245.75	-81.05	1.565	>
601.8		24.84	3.82	4.485	>
601.8		93.07	-2.89	9.153	>
601.8		74.65	-2.14	5.789	>
601.8		81.72	-3.64	6.252	>
601.8		127.41	8.38	4.706	>
601.8	601.9	111.17	-4.97	8.573	>
601.9		222.09	0.02	2.829	>
601.9		156.71	69.66	1.353	>
601.9		70.27	5.50	3.247	>
601.9		330.21	-84.00	1.520	>
601.9		182.23	0.50	4.164	>
601.9		160.82	2.48	5.252	>
601.9		143.87	3.97	7.125	>
601.9		139.40	9.51	8.180	>
601.9		109.32	10.08	6.134	>
601.9		129.81	8.34	10.284	>
601.9	601.10	134.02	5.97	11.485	>
601.10		62.84	-33.33	1.238	>
601.10		235.59	4.02	3.819	>
601.10		211.61	70.46	0.456	>
601.10		95.54	-69.89	1.657	>

PLAN
STATIONS
0.000	0.000	601.2
-5.782	3.458	601.3
-5.757	7.310	601.4
-10.086	4.531	601.5
-20.291	-4.205	601.6
-14.102	-14.166	601.7
-0.629	-16.945	601.8
7.335	-20.029	601.9
15.549	-27.967	601.10
SHOTS
7.335	-20.029	15.549	-27.967
15.549	-27.967	16.469	-27.495
15.549	-27.967	12.406	-30.120
15.549	-27.967	15.469	-28.097
15.549	-27.967	16.116	-28.022
-0.629	-16.945	7.335	-20.029
7.335	-20.029	5.439	-22.128
7.335	-20.029	7.521	-20.461
7.335	-20.029	10.377	-18.938
7.335	-20.029	7.256	-19.891
7.335	-20.029	7.173	-24.190
7.335	-20.029	9.059	-24.985
7.335	-20.029	11.526	-25.770
7.335	-20.029	12.585	-26.155
7.335	-20.029	13.034	-22.027
7.335	-20.029	15.151	-26.544
-14.102	-14.166	-0.629	-16.945
-0.629	-16.945	-1.743	-12.759
-0.629	-16.945	-0.619	-16.674
-0.629	-16.945	-0.216	-20.124
-0.629	-16.945	-0.851	-17.045
-0.629	-16.945	1.251	-12.884
-0.629	-16.945	8.499	-17.435
-0.629	-16.945	4.950	-15.414
-0.629	-16.945	5.545	-16.046
-0.629	-16.945	3.069	-19.773
-20.291	-4.205	-14.102	-14.166
-14.102	-14.166	-12.504	-12.095
-14.102	-14.166	-14.098	-14.196
-14.102	-14.166	-14.578	-14.615
-14.102	-14.166	-12.996	-13.733
-14.102	-14.166	-5.619	-18.796
-14.102	-14.166	-8.408	-13.450
-14.102	-14.166	-0.248	-18.740
-10.086	4.531	-20.291	-4.205
-20.291	-4.205	-20.025	-4.112
-20.291	-4.205	-17.762	-3.576
-20.291	-4.205	-21.655	-4.064
-20.291	-4.205	-20.499	-3.831
-20.291	-4.205	-20.808	4.105
-20.291	-4.205	-21.906	1.164
-20.291	-4.205	-16.650	5.423
-20.291	-4.205	-13.766	-1.305
-20.291	-4.205	-12.996	4.238
-20.291	-4.205	-17.697	3.277
-20.291	-4.205	-18.567	-1.507
-20.291	-4.205	-20.268	3.663
-20.291	-4.205	-20.455	0.429
-20.291	-4.205	-14.442	-12.182
-20.291	-4.205	-15.349	-7.862
-20.291	-4.205	-17.966	-10.347
-20.291	-4.205	-16.603	-5.393
-5.757	7.310	-10.086	4.531
-10.086	4.531	-10.206	3.176
-10.086	4.531	-11.198	6.356
-10.086	4.531	-10.564	4.574
-10.086	4.531	-10.295	4.553
-10.086	4.531	-15.350	-2.225
-10.086	4.531	-11.797	0.801
-10.086	4.531	-13.318	5.242
-10.086	4.531	-18.127	-0.909
-10.086	4.531	-20.621	2.590
-10.086	4.531	-16.434	3.663
-10.086	4.531	-16.230	-0.376
-5.782	3.458	-5.757	7.310
-5.757	7.310	-5.268	5.544
-5.757	7.310	-7.639	4.447
-5.757	7.310	-5.752	7.296
-5.757	7.310	-5.684	7.190
-5.757	7.310	-3.866	7.230
-5.757	7.310	-12.268	5.595
-5.757	7.310	-9.747	3.966
0.000	0.000	-5.782	3.458
-5.782	3.458	-3.953	3.069
-5.782	3.458	-3.748	1.843
-5.782	3.458	-5.676	1.527
-5.782	3.458	-4.799	1.883
-5.782	3.458	-5.080	4.008
0.000	0.000	-3.479	4.440
0.000	0.000	2.589	5.456
0.000	0.000	-2.268	-1.876
0.000	0.000	-2.983	1.947
0.000	0.000	1.252	4.668
0.000	0.000	-0.951	1.425
0.000	0.000	5.290	2.483
0.000	0.000	3.414	-5.047
0.000	0.000	-3.687	1.747
0.000	0.000	-4.316	3.113
0.000	0.000	-0.995	1.338
POLYLINE BLACK
14.107	-3739.081
14.617	-3740.401
14.827	-3740.671
15.277	-3740.431
POLYLINE BLACK
17.917	-25.831
17.947	-25.771
18.547	-25.561
18.757	-25.561
POLYLINE BLACK
19.927	-23.971
19.687	-24.031
19.597	-24.091
19.477	-24.091
20.317	-25.051
20.377	-25.261
19.687	-25.471
POLYLINE BLACK
18.217	-24.991
18.427	-24.781
18.697	-24.571
19.267	-24.271
19.387	-24.241
POLYLINE BLACK
18.997	-24.601
19.027	-24.751
19.087	-25.171
19.297	-25.651
19.537	-25.981
POLYLINE BLACK
18.037	-25.741
18.097	-25.681
POLYLINE BLACK
18.097	-26.341
18.097	-26.251
17.797	-25.501
17.797	-25.201
17.827	-25.141
18.067	-25.231
18.817	-25.951
18.907	-26.101
18.967	-26.131
POLYLINE BLACK
16.687	-25.381
16.687	-25.441
17.077	-26.311
17.197	-26.491
17.077	-26.371
16.687	-25.861
16.627	-25.711
16.567	-25.651
16.627	-25.411
16.837	-25.231
17.107	-25.231
17.167	-25.291
17.167	-25.531
17.107	-25.681
17.107	-25.771
17.167	-25.741
17.287	-25.771
17.377	-25.771
17.557	-25.831
17.647	-25.981
17.677	-26.101
17.617	-26.311
17.557	-26.401
17.407	-26.491
17.227	-26.611
17.167	-26.611
POLYLINE BLACK
13.447	-20.431
POLYLINE BLACK
12.907	-22.021
12.997	-22.141
13.147	-22.411
13.327	-22.621
13.477	-22.831
13.657	-23.281
13.747	-23.551
14.047	-24.091
14.077	-24.211
14.137	-24.391
14.287	-24.571
14.347	-24.781
14.407	-24.841
14.437	-24.991
14.527	-25.171
14.557	-25.291
14.677	-25.561
14.737	-25.621
14.767	-25.741
14.947	-26.101
15.067	-26.221
15.067	-26.281
15.127	-26.311
15.187	-26.461
15.367	-26.761
15.397	-26.881
15.487	-27.151
15.487	-27.331
15.457	-27.451
15.427	-27.721
15.457	-27.841
15.517	-28.021
15.667	-28.201
POLYLINE BLACK
12.907	-21.961
13.027	-21.991
13.087	-22.111
POLYLINE ORANGE
7.237	-24.061
7.747	-23.551
8.077	-23.281
8.377	-23.131
8.677	-23.071
9.217	-23.071
9.487	-23.161
9.847	-23.371
10.567	-24.061
10.657	-24.121
10.657	-24.211
10.567	-24.661
10.507	-24.961
10.387	-25.051
POLYLINE ORANGE
10.597	-19.981
10.207	-20.401
9.937	-20.821
9.907	-21.001
9.967	-21.121
10.927	-21.991
11.437	-22.291
11.887	-22.411
12.067	-22.501
12.337	-22.561
12.397	-22.501
POLYLINE ORANGE
3.817	-19.681
3.667	-19.681
3.607	-19.651
3.547	-19.681
3.187	-19.681
POLYLINE ORANGE
3.937	-19.711
POLYLINE ORANGE
4.327	-19.441
5.557	-20.101
5.617	-20.221
5.647	-20.581
5.617	-20.941
5.557	-21.241
5.167	-21.901
4.987	-22.111
POLYLINE ORANGE
6.217	-16.651
5.977	-16.891
5.737	-17.551
5.767	-17.611
6.007	-17.791
6.727	-18.121
6.817	-18.211
7.177	-18.361
7.807	-18.451
8.077	-18.391
8.467	-18.211
8.707	-18.031
POLYLINE ORANGE
9.697	-19.831
9.697	-19.771
9.397	-19.291
9.157	-19.051
9.037	-18.991
8.887	-18.991
8.767	-18.961
8.587	-18.961
8.467	-18.931
8.347	-18.841
8.077	-18.931
7.897	-19.081
7.897	-19.081
7.627	-19.261
7.177	-19.921
7.117	-19.951
6.607	-20.971
6.547	-21.031
6.487	-21.271
6.427	-21.511
6.367	-21.751
6.607	-21.901
6.907	-22.111
7.027	-22.141
7.147	-22.141
7.357	-22.201
7.417	-22.171
7.567	-22.231
7.807	-22.201
8.107	-22.201
8.347	-22.021
8.677	-21.631
8.677	-21.571
8.977	-20.911
9.127	-20.641
9.187	-20.491
9.247	-20.431
9.277	-20.311
9.637	-19.801
9.667	-19.681
POLYLINE BLACK
10.057	-18.961
10.177	-19.051
10.237	-19.051
10.417	-19.201
11.107	-19.861
11.557	-20.251
12.067	-20.821
12.127	-20.851
12.247	-21.061
12.517	-21.331
12.757	-21.751
12.967	-21.961
12.967	-22.021
POLYLINE BLACK
5.227	-15.781
5.467	-16.141
5.617	-16.201
6.097	-16.501
6.187	-16.501
6.487	-16.681
7.117	-16.861
7.297	-16.951
7.447	-16.951
8.017	-17.221
8.137	-17.341
8.287	-17.371
8.347	-17.431
8.557	-17.521
9.007	-17.851
9.157	-17.911
9.487	-18.271
9.847	-18.631
9.877	-18.721
10.237	-18.991
POLYLINE BLACK
5.137	-16.051
POLYLINE BLACK
11.587	-25.891
11.437	-25.861
10.627	-25.471
10.237	-25.261
9.637	-25.021
9.577	-24.961
9.457	-24.931
9.247	-24.871
9.127	-24.841
9.007	-24.811
8.887	-24.781
8.677	-24.721
8.227	-24.391
8.077	-24.301
7.777	-24.091
7.567	-24.001
7.447	-23.911
7.297	-23.851
6.907	-23.611
6.607	-23.341
6.307	-23.131
6.187	-23.011
6.007	-22.891
5.797	-22.651
5.647	-22.561
5.497	-22.411
5.167	-22.171
4.777	-21.841
4.537	-21.601
4.267	-21.421
3.817	-21.061
3.757	-21.061
3.577	-20.911
3.517	-20.911
3.427	-20.791
3.367	-20.791
3.247	-20.671
3.127	-20.641
2.647	-20.491
2.587	-20.491
2.527	-20.431
2.497	-20.491
2.467	-20.431
POLYLINE ORANGE
1.207	-15.791
1.357	-16.141
2.057	-17.291
2.307	-17.591
2.457	-17.941
3.107	-17.741
3.957	-17.291
4.257	-17.041
4.357	-17.041
4.407	-16.841
4.357	-15.641
4.307	-15.341
POLYLINE ORANGE
-3.943	-14.641
-3.243	-14.791
-2.743	-14.841
-2.393	-14.991
-2.343	-15.241
-2.593	-16.041
-2.843	-16.591
-2.843	-16.691
-3.093	-16.741
-3.543	-16.641
-4.243	-16.341
POLYLINE ORANGE
-1.543	-13.591
-1.643	-14.241
-1.543	-14.791
-1.243	-15.041
-0.143	-15.541
0.307	-15.541
0.657	-15.641
1.057	-15.641
1.307	-15.491
1.907	-14.691
2.257	-14.391
2.707	-14.041
POLYLINE ORANGE
-0.293	-16.791
0.257	-17.141
0.357	-17.141
0.957	-17.541
1.207	-17.841
1.107	-18.291
0.057	-19.641
-0.243	-19.891
-0.343	-19.891
-0.393	-19.991
POLYLINE ORANGE
0.257	-16.841
-0.443	-16.491
-0.793	-16.441
-1.243	-16.591
-2.593	-17.641
-3.093	-18.141
-3.943	-18.991
-4.193	-19.291
POLYLINE ORANGE
-15.043	-13.641
-14.943	-13.741
-14.843	-13.641
-14.743	-13.641
-14.543	-13.491
-14.393	-13.491
-14.093	-13.391
-13.993	-13.291
-13.493	-13.441
-13.393	-13.541
-13.193	-13.541
-12.393	-14.141
-12.193	-14.191
-11.893	-14.491
-11.193	-15.041
-11.093	-15.191
-10.993	-15.191
-10.043	-15.991
-9.643	-16.191
POLYLINE ORANGE
-7.293	-14.241
-7.243	-14.341
-7.143	-15.341
-7.143	-16.241
-6.943	-17.041
-6.393	-17.141
-6.193	-17.241
-5.343	-17.241
-4.743	-17.391
-4.493	-17.091
-4.443	-16.141
-4.443	-15.791
-4.593	-15.241
-4.593	-15.091
-4.793	-14.391
-4.793	-13.941
POLYLINE BLACK
1.107	-2.541
POLYLINE BLACK
2.857	-20.291
2.757	-20.291
2.657	-20.391
2.407	-20.391
2.207	-20.441
1.907	-20.441
1.457	-20.291
1.257	-20.341
1.157	-20.241
1.057	-20.291
0.757	-20.191
0.507	-20.241
0.407	-20.141
0.007	-20.141
-0.193	-20.091
-0.443	-20.091
-0.643	-20.041
-0.943	-20.041
-1.043	-19.991
-1.293	-19.991
-1.493	-19.891
-1.643	-19.941
-1.843	-19.891
-2.043	-19.841
-2.243	-19.741
-2.393	-19.741
-2.493	-19.691
-2.893	-19.691
-3.343	-19.541
-4.093	-19.441
-4.293	-19.341
-4.643	-19.341
-5.193	-19.141
-5.643	-19.141
-5.743	-19.091
POLYLINE BLACK
5.407	-16.141
5.107	-15.591
4.757	-15.391
4.257	-14.941
3.757	-14.591
3.257	-14.291
3.007	-14.141
2.907	-14.141
2.707	-13.991
2.507	-13.941
2.307	-13.791
2.207	-13.791
2.057	-13.641
1.407	-13.391
1.307	-13.291
1.207	-13.341
0.807	-13.191
POLYLINE BLACK
1.407	-19.941
POLYLINE BLACK
1.107	-13.091
0.907	-13.141
0.057	-13.141
-0.243	-13.241
-0.493	-13.141
-0.593	-13.191
-0.693	-13.141
-0.793	-13.191
-1.143	-13.141
-1.443	-13.191
-1.743	-13.091
-2.293	-13.191
-2.393	-13.141
-2.893	-13.391
-2.993	-13.341
-3.193	-13.441
-3.293	-13.391
-3.493	-13.491
-3.793	-13.491
-3.893	-13.541
-4.093	-13.491
-4.543	-13.591
-4.793	-13.541
-4.993	-13.591
-5.343	-13.641
-5.443	-13.591
-5.743	-13.691
-5.993	-13.641
-6.293	-13.741
-6.593	-13.741
-6.793	-13.791
-7.093	-13.841
-7.193	-13.741
-7.343	-13.741
-7.443	-13.791
-7.643	-13.741
-7.843	-13.791
-8.193	-13.841
-8.293	-13.741
POLYLINE ORANGE
-15.843	-1.491
-15.843	-1.591
POLYLINE ORANGE
-8.093	-14.641
-8.043	-14.291
POLYLINE ORANGE
-9.393	-13.641
-9.393	-14.391
-9.093	-14.841
-8.343	-14.841
POLYLINE ORANGE
-9.793	-17.091
-10.193	-16.891
-10.543	-16.941
-10.593	-16.741
-10.593	-16.591
-10.293	-16.391
-10.093	-16.341
-9.993	-16.241
-9.643	-16.241
-8.943	-16.591
-8.793	-16.591
-8.493	-16.791
-8.293	-16.841
-7.943	-17.091
-7.843	-17.291
-7.593	-18.291
-7.443	-18.491
POLYLINE BLACK
-4.293	-2.541
-4.393	-2.641
POLYLINE BLACK
-14.843	-14.591
-14.443	-14.841
-14.343	-14.841
-13.843	-15.241
-13.743	-15.241
-13.593	-15.391
-13.393	-15.591
-13.243	-15.741
-12.943	-15.941
-12.743	-15.991
-12.243	-16.241
-11.993	-16.291
-11.793	-16.341
-11.593	-16.391
-11.493	-16.491
-11.393	-16.441
-11.293	-16.541
-11.043	-16.591
-10.693	-16.941
-10.493	-16.991
-10.293	-17.091
-10.043	-17.091
-9.543	-17.391
-9.343	-17.441
-9.243	-17.541
-9.143	-17.541
-8.843	-17.791
-8.593	-17.841
-8.393	-17.991
-8.243	-17.991
-7.943	-18.141
-7.843	-18.141
-7.643	-18.291
-7.543	-18.241
-7.443	-18.341
-7.193	-18.391
-7.093	-18.491
-6.793	-18.541
-6.693	-18.641
-5.993	-18.791
-5.893	-18.891
-5.793	-18.841
-5.443	-19.041
-5.243	-19.041
POLYLINE ORANGE
-12.393	-12.391
-12.343	-12.891
-12.393	-12.991
-12.293	-13.191
-11.843	-13.391
-11.743	-13.491
-11.543	-13.541
-11.343	-13.691
-11.243	-13.691
-10.943	-13.891
-10.843	-13.891
-10.743	-13.991
-10.543	-13.991
-10.243	-13.841
-10.143	-13.891
-10.043	-13.791
-9.943	-13.791
-9.693	-13.491
-9.593	-13.491
-9.443	-13.291
POLYLINE ORANGE
-14.793	-9.741
-14.893	-9.941
-14.993	-9.941
-15.093	-10.041
-15.093	-10.241
-14.693	-10.891
-14.193	-11.441
-14.043	-11.641
-13.893	-11.691
-13.693	-11.991
-13.443	-12.241
-13.343	-12.241
-13.143	-12.041
-12.943	-11.991
POLYLINE BLACK
-17.663	-10.561
-17.603	-11.011
-17.303	-11.431
-17.183	-11.551
-17.153	-11.641
-17.093	-11.671
-17.063	-11.791
-16.913	-12.001
-16.733	-12.271
-16.523	-12.481
-16.463	-12.601
-16.403	-12.601
-16.193	-12.901
-15.923	-13.201
-15.863	-13.351
-15.653	-13.651
-15.353	-14.131
-14.903	-14.581
-14.873	-14.641
-14.813	-14.641
-14.693	-14.821
POLYLINE BLACK
-17.813	-9.481
POLYLINE BLACK
-17.723	-10.741
-17.723	-10.831
-17.633	-11.011
POLYLINE BLACK
-15.293	-7.861
-15.173	-8.011
-15.173	-8.071
-15.053	-8.311
-15.023	-8.431
-14.813	-8.731
-14.543	-9.331
-14.093	-9.811
-13.913	-10.141
-13.583	-10.531
-13.463	-10.621
-13.463	-10.681
-13.313	-10.861
-13.073	-11.191
-13.073	-11.251
-12.743	-11.611
-12.503	-11.881
-12.473	-11.941
-12.413	-11.941
-12.353	-12.031
-12.143	-12.091
-12.083	-12.151
-11.903	-12.181
-11.843	-12.151
-11.663	-12.241
-11.513	-12.271
-11.273	-12.421
-11.153	-12.421
-11.033	-12.511
-10.913	-12.481
-10.643	-12.601
-10.583	-12.661
-10.523	-12.661
-10.493	-12.751
-10.343	-12.721
-9.953	-12.901
-9.773	-12.901
-9.593	-12.961
-9.443	-12.991
-8.993	-13.171
-8.693	-13.351
-8.483	-13.441
-8.303	-13.561
-8.033	-13.681
-7.973	-13.741
POLYLINE BLACK
-17.603	-1.711
POLYLINE BLACK
-14.558	-11.896
-14.573	-11.926
-14.588	-11.866
-14.588	-11.821
-14.573	-11.791
-14.603	-11.866
-14.603	-11.836
-14.588	-11.791
POLYLINE BLACK
-15.158	-11.596
-15.158	-11.626
-15.143	-11.656
-15.143	-11.746
-15.128	-11.716
-15.143	-11.566
-15.128	-11.641
-15.143	-11.671
-15.158	-11.641
-15.173	-11.701
POLYLINE BLACK
-15.158	-11.581
-15.218	-11.746
-15.218	-11.776
-15.233	-11.806
-15.203	-11.641
-15.203	-11.716
-15.218	-11.746
-15.218	-11.791
-15.203	-11.716
POLYLINE BLACK
-14.963	-11.131
-14.933	-11.116
-14.918	-11.176
-14.918	-11.176
-14.918	-11.071
-14.903	-11.041
-14.903	-11.101
POLYLINE BLACK
-15.623	-11.281
-15.623	-11.221
-15.638	-11.281
-15.638	-11.311
POLYLINE BLACK
-15.728	-10.741
-15.698	-10.801
POLYLINE BLACK
-15.668	-10.756
-15.668	-10.831
-15.683	-10.861
POLYLINE BLACK
-15.698	-10.816
-15.698	-10.846
-15.788	-10.921
POLYLINE BLACK
-15.578	-11.296
-15.578	-11.326
-15.593	-11.356
-15.593	-11.296
-15.578	-11.266
-15.503	-11.206
-15.503	-11.281
-15.518	-11.341
POLYLINE BLACK
-15.218	-10.576
-15.218	-10.606
-15.233	-10.636
-15.233	-10.576
-15.218	-10.546
-15.203	-10.576
-15.233	-10.666
-15.233	-10.636
POLYLINE BLACK
-15.353	-9.961
-15.338	-10.021
POLYLINE BLACK
-15.338	-9.991
-15.353	-10.081
-15.353	-10.051
-15.338	-9.991
-15.338	-10.021
POLYLINE BLACK
-15.638	-10.231
-15.608	-10.246
POLYLINE BLACK
-15.653	-10.276
POLYLINE BLACK
-15.563	-10.171
-15.653	-10.306
-15.653	-10.216
-15.638	-10.186
-15.623	-10.216
-15.653	-10.291
POLYLINE BLACK
-15.998	-10.291
-15.998	-10.411
-16.028	-10.486
-16.028	-10.411
-16.013	-10.381
-16.013	-10.441
-16.028	-10.486
-16.043	-10.456
POLYLINE BLACK
-16.028	-10.426
-16.073	-10.516
-16.073	-10.486
-16.013	-10.396
-16.028	-10.456
POLYLINE BLACK
-15.848	-9.631
-15.833	-9.691
-15.848	-9.766
-15.848	-9.721
-15.863	-9.751
-15.833	-9.721
POLYLINE BLACK
-15.878	-9.691
-15.908	-9.721
-15.908	-9.751
-15.908	-9.751
-15.908	-9.721
-15.878	-9.691
-15.863	-9.751
POLYLINE BLACK
-15.803	-9.706
POLYLINE BLACK
-15.818	-9.676
-15.818	-9.721
POLYLINE BLACK
-15.803	-9.676
-15.803	-9.706
-15.818	-9.736
POLYLINE BLACK
-15.878	-9.706
-15.848	-9.766
POLYLINE BLACK
-24.813	3.699
POLYLINE BLACK
-18.383	-6.641
-18.383	-6.621
-18.373	-6.641
-18.383	-6.741
-18.363	-6.661
-18.333	-6.601
-18.333	-6.581
-18.343	-6.651
-18.383	-6.741
-18.383	-6.681
-18.383	-6.681
-18.393	-6.721
-18.353	-6.641
-18.353	-6.671
POLYLINE BLACK
-18.023	-6.321
-18.053	-6.371
-18.073	-6.431
-18.053	-6.411
-18.053	-6.461
-18.023	-6.391
-18.003	-6.371
-18.043	-6.491
-18.063	-6.511
-18.013	-6.381
-17.973	-6.301
-17.993	-6.351
POLYLINE BLACK
-17.903	-6.771
-17.933	-6.861
-17.893	-6.801
-17.893	-6.781
-17.923	-6.821
-17.893	-6.761
-17.913	-6.911
-17.893	-6.831
-17.913	-6.871
-17.923	-6.841
-17.923	-6.841
-17.923	-6.861
-17.903	-6.841
-17.903	-6.861
-17.883	-6.851
-17.893	-6.831
-17.883	-6.811
-17.863	-6.821
-17.863	-6.861
-17.873	-6.891
-17.873	-6.861
POLYLINE BLACK
-18.253	-7.111
-18.263	-7.161
-18.263	-7.181
-18.233	-7.091
-18.223	-7.161
-18.233	-7.201
-18.223	-7.081
-18.213	-7.151
-18.223	-7.191
-18.213	-7.111
-18.193	-7.091
-18.203	-7.181
-18.223	-7.161
-18.223	-7.111
-18.243	-7.161
POLYLINE BLACK
-17.503	-7.701
-17.503	-7.751
-17.523	-7.771
-17.543	-7.751
-17.543	-7.641
-17.553	-7.691
-17.533	-7.651
-17.533	-7.671
POLYLINE BLACK
-17.893	-7.721
-17.913	-7.791
-17.913	-7.761
-17.893	-7.721
-17.893	-7.791
-17.903	-7.831
-17.913	-7.811
-17.913	-7.771
-17.883	-7.701
-17.873	-7.721
-17.893	-7.791
-17.843	-7.731
POLYLINE BLACK
-17.273	-7.151
-17.303	-7.181
-17.313	-7.161
-17.303	-7.141
-17.293	-7.161
-17.303	-7.181
-17.293	-7.131
-17.313	-7.181
-17.293	-7.121
-17.313	-7.201
-17.293	-7.111
-17.303	-7.181
-17.323	-7.241
-17.303	-7.221
-17.283	-7.161
-17.303	-7.251
-17.293	-7.181
-17.283	-7.141
-17.293	-7.181
-17.303	-7.221
-17.323	-7.201
POLYLINE BLACK
-17.663	-7.131
-17.703	-7.231
-17.703	-7.141
-17.713	-7.211
-17.703	-7.191
POLYLINE BLACK
-17.693	-7.161
-17.683	-7.181
-17.683	-7.231
POLYLINE BLACK
-17.703	-7.181
-17.703	-7.221
-17.713	-7.241
POLYLINE BLACK
-17.713	-7.201
-17.713	-7.221
-17.723	-7.171
-17.703	-7.151
-17.703	-7.201
-17.713	-7.241
POLYLINE BLACK
-16.633	-8.101
-16.633	-8.101
-16.633	-8.231
-16.643	-8.181
-16.643	-8.131
-16.633	-8.201
-16.643	-8.131
-16.613	-8.101
-16.593	-8.111
-16.593	-8.141
-16.623	-8.181
-16.643	-8.181
-16.663	-8.111
-16.643	-8.111
-16.623	-8.131
-16.623	-8.151
POLYLINE BLACK
-16.283	-8.721
-16.293	-8.761
-16.293	-8.721
-16.283	-8.701
-16.273	-8.741
-16.273	-8.761
-16.293	-8.781
-16.323	-8.731
-16.323	-8.691
-16.313	-8.731
POLYLINE BLACK
-15.983	-9.211
POLYLINE BLACK
-15.983	-9.221
-15.983	-9.171
-15.973	-9.151
-15.963	-9.221
-15.983	-9.161
-15.963	-9.161
-15.943	-9.221
-15.973	-9.321
POLYLINE BLACK
-16.303	-9.491
POLYLINE BLACK
-16.313	-9.621
-16.313	-9.621
-16.323	-9.641
-16.343	-9.621
-16.343	-9.561
-16.323	-9.521
-16.303	-9.511
-16.293	-9.531
-16.293	-9.581
-16.303	-9.621
-16.323	-9.571
-16.333	-9.591
POLYLINE BLACK
-16.343	-9.111
-16.353	-9.151
-16.363	-9.161
-16.353	-9.131
-16.363	-9.151
-16.353	-9.111
-16.343	-9.091
-16.313	-9.121
-16.323	-9.161
-16.343	-9.141
-16.363	-9.141
POLYLINE BLACK
-16.803	-9.261
-16.803	-9.261
-16.783	-9.251
-16.793	-9.291
-16.803	-9.311
-16.833	-9.281
-16.823	-9.241
-16.803	-9.261
-16.803	-9.281
-16.823	-9.321
-16.823	-9.291
-16.783	-9.231
-16.783	-9.281
-16.793	-9.301
POLYLINE BLACK
-16.603	-8.881
-16.593	-8.901
-16.633	-8.941
-16.593	-8.871
-16.603	-8.901
-16.583	-8.891
POLYLINE BLACK
-16.973	-8.891
POLYLINE BLACK
-16.973	-8.831
-16.943	-8.881
POLYLINE BLACK
-16.933	-8.941
-16.933	-8.921
-16.943	-8.941
-16.923	-8.821
-16.953	-8.811
-16.963	-8.831
-16.963	-8.881
-16.993	-8.931
-16.963	-8.861
-16.963	-8.881
POLYLINE BLACK
-17.273	-8.561
-17.233	-8.501
-17.263	-8.571
-17.283	-8.571
-17.293	-8.551
-17.273	-8.481
-17.303	-8.521
-17.283	-8.521
POLYLINE BLACK
-16.963	-7.961
-17.003	-7.991
-17.003	-7.971
-16.913	-7.881
-16.923	-7.911
-16.983	-7.971
-16.983	-7.951
-16.963	-7.941
-16.953	-7.911
-16.983	-7.951
-16.993	-7.931
-16.973	-7.931
POLYLINE BLACK
-17.413	-8.071
-17.453	-8.101
-17.473	-8.101
POLYLINE BLACK
-17.413	-8.031
-17.443	-8.091
-17.363	-8.041
POLYLINE BLACK
-16.873	-8.241
-16.993	-8.291
-16.953	-8.251
-16.983	-8.271
-17.003	-8.271
-16.973	-8.251
-16.993	-8.251
POLYLINE BLACK
-16.643	-8.591
-16.723	-8.631
-16.643	-8.561
-16.663	-8.591
-16.703	-8.591
-16.743	-8.631
-16.743	-8.611
-16.703	-8.581
-16.723	-8.601
POLYLINE BLACK
-17.163	-7.531
-17.163	-7.551
-17.203	-7.621
-17.243	-7.651
-17.243	-7.631
-17.223	-7.591
-17.223	-7.571
-17.253	-7.631
-17.253	-7.631
-17.243	-7.611
-17.283	-7.631
POLYLINE BLACK
-17.213	-7.591
-17.223	-7.611
POLYLINE BLACK
-17.263	-7.651
POLYLINE BLACK
-17.233	-7.591
-17.233	-7.571
-17.223	-7.591
POLYLINE BLACK
-17.623	-7.311
POLYLINE BLACK
-18.103	-7.211
POLYLINE ORANGE
-15.943	-12.051
-15.723	-12.371
-15.283	-12.911
-15.163	-13.091
-14.883	-13.411
-14.763	-13.571
-14.723	-13.711
-14.723	-13.811
-14.703	-13.891
-14.743	-14.031
-14.803	-14.131
-14.823	-14.211
-14.923	-14.311
-15.003	-14.371
POLYLINE ORANGE
-17.163	-9.971
-16.783	-10.391
-16.303	-10.991
-16.003	-11.351
-15.683	-11.771
-15.863	-11.991
-15.983	-12.091
-16.023	-12.091
-16.203	-12.211
-16.443	-12.291
-16.463	-12.331
POLYLINE ORANGE
-16.383	-6.751
-16.583	-6.851
-16.623	-6.831
-16.803	-6.951
-16.763	-7.311
-16.723	-7.411
-16.523	-7.691
-16.223	-8.031
-15.623	-8.871
-15.503	-9.111
-15.423	-9.231
-15.423	-9.311
-15.263	-9.571
-15.203	-9.551
-15.023	-9.371
-14.923	-9.311
POLYLINE ORANGE
-16.203	-6.711
POLYLINE ORANGE
-13.863	-7.731
POLYLINE ORANGE
-19.173	-8.211
-19.173	-8.151
-18.663	-7.821
-18.543	-7.791
-17.703	-8.691
-17.373	-9.171
-17.253	-9.231
-16.983	-9.471
-17.043	-9.531
-17.463	-9.681
-17.733	-9.921
POLYLINE ORANGE
-22.083	-2.301
-22.023	-2.271
-21.783	-2.361
-21.453	-2.451
-21.303	-2.511
-20.943	-2.901
-20.793	-2.961
-20.703	-3.111
-20.583	-3.531
-20.793	-3.981
-21.033	-4.191
-21.303	-4.311
-21.363	-4.371
-21.423	-4.371
POLYLINE ORANGE
-21.303	-5.271
-21.213	-5.271
-20.853	-5.091
-20.733	-5.001
-20.463	-4.911
-20.343	-4.941
-20.223	-4.941
-19.923	-5.241
-19.413	-5.811
-19.263	-5.961
-18.663	-6.831
-18.633	-6.951
-19.203	-7.341
POLYLINE ORANGE
-18.573	-4.941
-17.823	-6.141
-17.703	-6.261
-17.643	-6.411
-17.463	-6.681
-17.373	-6.861
-17.313	-6.771
-16.803	-6.591
-16.743	-6.531
-16.623	-6.501
-16.473	-6.441
-16.443	-6.351
-16.323	-6.321
-16.233	-6.321
POLYLINE ORANGE
-18.663	-3.141
-19.143	-3.651
-19.293	-3.891
-19.293	-4.131
-19.263	-4.401
-19.113	-4.581
-18.903	-4.581
-18.783	-4.611
-18.723	-4.671
-18.513	-4.731
-18.393	-4.701
-18.183	-4.791
-18.093	-4.791
-17.913	-4.701
-17.853	-4.701
-17.793	-4.641
POLYLINE ORANGE
-18.273	-2.361
-18.333	-2.391
-18.243	-2.301
-18.033	-2.121
-17.733	-1.971
-17.613	-1.971
-17.523	-1.941
-16.803	-2.661
-16.503	-3.081
-17.313	-3.321
-17.373	-3.381
POLYLINE ORANGE
-14.553	0.009
-14.763	-0.651
-15.213	-0.771
-15.693	-1.131
-15.873	-1.221
-16.173	-1.491
-15.723	-1.941
-15.573	-2.151
-15.573	-2.211
POLYLINE ORANGE
-14.763	-0.591
-14.253	-0.081
-13.983	0.069
-13.863	0.039
-13.443	-0.381
-13.233	-0.651
POLYLINE ORANGE
-12.543	1.239
-12.903	1.149
-13.023	1.059
-13.083	1.059
-13.293	0.819
-13.293	0.579
-12.903	-0.141
-12.783	-0.201
-12.693	-0.201
POLYLINE ORANGE
-21.543	0.729
POLYLINE BLACK
-17.873	-3.741
-17.933	-3.861
-17.933	-3.961
-17.813	-4.201
-17.593	-4.421
-17.553	-4.501
-17.453	-4.601
-17.193	-4.921
-16.933	-5.161
-16.793	-5.301
-16.693	-5.461
-16.593	-5.561
-16.413	-5.781
-16.133	-6.221
-15.913	-6.641
-15.893	-6.741
-15.713	-7.041
-15.693	-7.121
-15.573	-7.321
-15.473	-7.541
-15.293	-7.821
-15.293	-7.861
-15.253	-7.901
POLYLINE BLACK
-21.693	-4.251
-21.603	-4.281
-21.393	-4.521
-20.793	-5.541
-20.703	-5.811
-20.643	-5.931
-20.373	-6.111
-20.343	-6.231
-20.193	-6.411
-19.773	-7.251
-19.413	-7.821
-19.143	-8.301
-18.843	-8.751
-18.843	-8.811
-18.813	-8.751
-18.813	-8.811
-18.633	-9.111
-18.363	-9.561
-18.183	-9.981
-18.123	-10.041
-17.913	-10.521
-17.823	-10.641
-17.673	-10.731
-17.583	-10.851
POLYLINE BLACK
-22.033	0.919
-22.033	0.399
-22.053	0.259
-22.053	-0.021
-22.033	-0.101
-22.033	-0.281
-21.993	-0.361
-21.993	-0.501
-21.973	-0.581
-21.973	-1.081
-21.953	-1.301
-21.953	-1.441
-21.933	-1.601
-21.933	-1.801
-21.953	-1.841
-21.933	-1.921
-21.933	-2.001
-21.913	-2.141
-21.913	-2.681
-21.893	-2.761
-21.873	-2.921
-21.873	-3.081
-21.853	-3.161
-21.833	-3.341
-21.793	-3.461
-21.793	-3.541
-21.753	-3.761
-21.753	-3.861
-21.673	-4.121
-21.573	-4.241
-21.533	-4.321
POLYLINE ORANGE
-12.513	2.224
-12.543	1.894
-12.333	1.684
-11.763	1.264
POLYLINE ORANGE
-12.663	2.614
-12.363	2.314
-12.213	2.344
-11.853	2.494
POLYLINE ORANGE
-12.423	3.754
-12.723	3.424
-12.753	3.364
-12.813	3.364
POLYLINE ORANGE
-14.283	5.074
-14.253	4.954
-14.283	4.564
-14.223	4.384
-14.103	4.294
-13.983	4.294
-13.743	4.234
-13.593	4.264
-13.383	4.264
-13.023	4.354
POLYLINE BLACK
-16.113	2.194
-16.143	1.984
-16.143	1.984
-16.053	2.194
-15.933	2.224
-15.813	2.164
-15.783	2.044
-15.813	2.224
-15.663	2.374
-15.543	2.404
-15.423	2.314
-15.423	2.254
-15.363	2.194
-15.363	2.044
POLYLINE BLACK
-16.803	2.074
-16.713	2.224
-16.503	2.314
-16.443	2.284
-16.383	2.314
-16.353	2.254
-16.413	2.104
-16.533	2.044
-16.413	2.044
-16.293	1.954
-16.293	1.894
-16.473	1.804
-16.533	1.804
POLYLINE BLACK
-16.983	2.074
-16.893	1.924
-16.833	1.744
-16.773	1.684
POLYLINE BLACK
-17.883	1.294
-17.703	1.444
-17.583	1.444
-17.463	1.414
-17.403	1.354
-17.343	1.384
-17.283	1.354
-17.223	1.414
-17.193	1.534
POLYLINE BLACK
-14.313	-1.676
-14.373	-1.736
-14.643	-1.826
-14.493	-1.766
-14.463	-1.736
-14.613	-1.766
-14.793	-1.916
-14.853	-1.916
-14.853	-1.916
-14.793	-1.856
-14.673	-1.856
-14.493	-1.736
-14.433	-1.736
-14.373	-1.676
-14.253	-1.646
-14.223	-1.586
-14.223	-1.646
-14.163	-1.616
-14.103	-1.676
-13.983	-1.706
-13.893	-1.826
-13.833	-1.826
-13.713	-1.946
-13.713	-2.006
POLYLINE BLACK
-21.573	3.304
-21.693	3.034
-21.753	2.974
-21.963	2.464
-21.993	2.284
-21.963	2.134
-21.963	2.014
-21.993	1.894
-21.993	1.354
-22.023	1.294
-21.993	1.174
-22.023	1.114
-21.993	0.994
POLYLINE BLACK
-21.633	3.094
-21.753	2.914
-21.903	2.764
-21.903	2.644
POLYLINE BLACK
-20.673	4.204
-20.643	4.144
-20.763	4.114
-20.943	3.994
-20.973	3.934
-21.033	3.964
POLYLINE BLACK
-21.153	4.564
POLYLINE BLACK
-21.003	3.934
-21.153	3.784
-21.153	3.724
-21.183	3.784
-21.273	3.574
-21.453	3.334
POLYLINE BLACK
-20.973	3.934
POLYLINE BLACK
-11.973	6.334
POLYLINE BLACK
-12.243	6.514
POLYLINE BLACK
-20.523	-0.176
-20.793	-0.236
POLYLINE BLACK
-20.313	-0.476
-20.433	-0.506
POLYLINE BLACK
-18.153	-0.986
-18.213	-1.406
POLYLINE BLACK
-18.543	-1.196
-18.633	-1.586
POLYLINE BLACK
-18.933	-1.106
-18.963	-1.376
POLYLINE BLACK
-19.293	-0.986
-19.323	-1.436
-19.353	-1.496
POLYLINE BLACK
-19.773	-0.806
-19.923	-1.376
POLYLINE BLACK
-20.223	-0.866
-20.133	-0.746
POLYLINE BLACK
-20.583	1.024
POLYLINE BLACK
-20.313	1.654
-20.223	1.564
POLYLINE BLACK
-19.953	2.014
-19.953	1.954
-19.803	1.774
POLYLINE BLACK
-19.503	2.284
-19.353	2.044
POLYLINE BLACK
-19.083	2.554
-18.963	2.404
POLYLINE BLACK
-17.613	3.544
-17.553	3.424
POLYLINE BLACK
-18.183	3.334
-17.943	3.034
-17.883	2.974
POLYLINE BLACK
-18.573	3.184
-18.393	2.884
POLYLINE BLACK
-18.123	3.454
-18.093	3.394
POLYLINE BLACK
-17.463	3.634
-17.403	3.574
POLYLINE BLACK
-17.013	3.934
-17.043	3.874
-17.013	3.694
POLYLINE BLACK
-16.713	4.084
-16.623	3.874
POLYLINE BLACK
-15.753	4.414
-15.693	4.114
POLYLINE BLACK
-14.763	4.564
-14.793	4.414
-14.763	4.264
POLYLINE BLACK
-15.243	4.534
-15.213	4.474
-15.213	4.144
POLYLINE BLACK
-15.663	4.384
-15.663	4.054
POLYLINE BLACK
-14.883	4.204
-15.003	4.084
-15.273	4.054
-15.393	4.084
-15.453	4.054
-15.513	4.084
-15.903	3.964
-16.023	3.874
-16.143	3.874
-16.353	3.754
-16.743	3.694
-16.893	3.604
-17.073	3.544
-17.433	3.304
-17.553	3.274
-17.733	3.214
-17.793	3.154
-17.913	3.124
-17.973	3.064
-18.093	3.034
-18.393	2.764
-18.633	2.584
-18.753	2.404
-19.233	2.014
-19.443	1.804
-19.683	1.624
-19.743	1.624
-19.863	1.504
-19.953	1.414
-20.193	1.114
-20.373	0.814
-20.373	0.754
-20.433	0.694
-20.463	0.454
-20.403	0.214
-20.283	-0.056
-20.223	-0.086
-20.193	-0.206
-20.103	-0.326
-20.013	-0.356
-19.863	-0.506
-19.323	-0.896
-18.963	-0.986
-18.513	-1.076
-18.393	-1.046
-18.273	-1.076
-18.213	-1.076
-18.153	-1.016
-18.033	-1.016
-18.003	-0.956
POLYLINE BLACK
-15.993	-0.596
POLYLINE BLACK
-17.673	-0.896
-17.793	-1.136
-17.793	-1.196
POLYLINE BLACK
-16.923	-0.686
-16.923	-0.776
-16.863	-0.986
POLYLINE BLACK
-16.563	-0.656
-16.563	-0.716
-16.503	-0.836
POLYLINE BLACK
-17.073	-0.746
-17.013	-1.046
POLYLINE BLACK
-16.023	-0.506
-15.903	-0.776
POLYLINE BLACK
-15.333	-0.176
-15.303	-0.296
-15.243	-0.506
POLYLINE BLACK
-14.613	0.184
-14.433	-0.056
POLYLINE BLACK
-13.803	0.724
-13.623	0.514
POLYLINE BLACK
-13.293	1.174
-13.113	1.024
POLYLINE BLACK
-12.843	1.684
-12.843	1.624
-12.783	1.474
-12.723	1.414
POLYLINE BLACK
-12.693	2.074
-12.633	2.014
-12.423	2.014
POLYLINE BLACK
-12.723	2.524
-12.633	2.494
-12.453	2.524
POLYLINE BLACK
-12.723	3.124
-12.453	3.274
POLYLINE BLACK
-12.903	3.514
-12.843	3.514
-12.663	3.634
POLYLINE BLACK
-13.233	3.904
-13.083	4.084
POLYLINE BLACK
-13.593	4.054
-13.563	4.234
-13.503	4.264
POLYLINE BLACK
-13.713	4.354
-13.743	4.234
-13.803	4.114
POLYLINE BLACK
-13.833	4.084
-13.773	4.114
-13.653	4.054
-13.563	4.054
-13.503	3.994
-13.323	3.964
-13.323	3.904
-13.203	3.874
-12.993	3.664
-12.843	3.394
-12.813	3.154
-12.663	2.494
-12.663	2.224
POLYLINE BLACK
-17.913	-3.746
-17.823	-3.626
-17.643	-3.536
-17.523	-3.416
-17.403	-3.386
-17.253	-3.326
-17.193	-3.266
-17.073	-3.236
-16.923	-3.146
-16.803	-3.116
-16.293	-2.816
-16.143	-2.726
-15.663	-2.426
-15.603	-2.426
-15.363	-2.216
-15.303	-2.216
-15.153	-2.066
-15.003	-1.976
-14.823	-1.826
-14.703	-1.826
-14.643	-1.796
-14.643	-1.736
POLYLINE BLACK
-13.743	-1.436
-13.713	-1.316
-13.653	-1.166
-13.563	-1.046
POLYLINE BLACK
-13.653	-1.256
-13.653	-1.436
-13.533	-1.616
-13.533	-1.556
-13.473	-1.676
-13.383	-1.766
POLYLINE BLACK
-9.993	3.514
-9.993	3.454
-10.203	3.304
-10.863	2.584
-11.133	2.224
-11.223	2.014
-11.313	1.894
-11.403	1.624
-11.703	1.264
-11.703	1.174
-11.883	0.874
-12.093	0.664
-12.213	0.484
-12.363	0.244
-12.483	0.034
-12.783	-0.296
-13.143	-0.716
-13.413	-0.956
-13.443	-1.076
-13.473	-1.016
-13.473	-1.076
-13.563	-1.196
POLYLINE BLACK
-12.903	7.294
POLYLINE BLACK
-17.193	5.224
-17.073	5.254
-16.863	5.284
-16.743	5.314
POLYLINE BLACK
-16.953	5.344
-17.043	5.254
-17.163	5.224
-17.223	5.254
-17.343	5.224
-17.463	5.224
-17.583	5.254
-17.643	5.194
-17.763	5.224
-17.883	5.194
-18.063	5.224
-18.213	5.194
-18.273	5.224
-18.543	5.164
-18.723	5.074
-18.993	5.074
-19.113	5.014
-19.203	5.014
-19.683	4.774
-19.803	4.744
-20.103	4.564
-20.283	4.414
-20.493	4.354
-20.583	4.234
-20.643	4.264
-20.703	4.204
-20.763	4.204
-20.823	4.144
-20.883	4.144
POLYLINE BLACK
-13.503	5.254
-13.563	5.284
-13.803	5.164
-13.863	5.224
-14.013	5.224
-14.133	5.164
-14.253	5.194
-14.373	5.194
-14.493	5.224
-14.673	5.224
-14.733	5.194
-14.853	5.224
-15.183	5.254
-15.453	5.224
-15.573	5.254
-15.633	5.224
-15.753	5.254
-15.813	5.194
-15.873	5.224
-15.993	5.194
-16.083	5.194
-16.323	5.314
-16.443	5.254
-16.503	5.284
-16.623	5.254
-16.743	5.284
-16.803	5.344
POLYLINE ORANGE
-17.743	8.934
POLYLINE ORANGE
-13.383	5.164
-13.383	5.124
-13.263	4.964
-13.123	4.784
-13.023	4.704
-12.983	4.724
-12.923	4.704
-12.403	4.864
-12.283	4.904
-12.203	4.984
-12.303	5.244
-12.443	5.464
POLYLINE ORANGE
-12.583	4.524
-12.723	4.484
-12.783	4.404
-12.783	4.324
-12.623	4.104
-12.523	3.944
-12.183	3.544
-12.143	3.524
-12.143	3.524
POLYLINE ORANGE
-12.463	4.704
-12.123	4.844
-11.883	4.884
-11.783	4.784
-11.663	4.564
-11.563	4.264
-11.563	4.204
-11.503	3.984
-11.483	3.844
-11.423	3.624
POLYLINE ORANGE
-10.803	2.924
-10.683	2.804
POLYLINE ORANGE
-10.623	2.964
-10.863	3.224
-11.063	3.364
-11.263	3.524
-11.343	3.644
-11.423	3.684
-11.663	3.684
-11.783	3.664
-11.863	3.664
-11.983	3.624
-12.023	3.624
-12.083	3.544
-12.083	3.164
-12.003	2.984
-11.983	2.844
-11.943	2.804
-11.923	2.724
-11.883	2.624
-11.803	2.584
-11.703	2.484
-11.663	2.484
-11.603	2.444
-11.523	2.424
-11.483	2.464
-11.383	2.404
-11.223	2.304
-11.123	2.184
POLYLINE BLACK
-12.663	1.824
-12.453	1.764
POLYLINE BLACK
-13.083	1.554
-12.993	1.464
-12.873	1.434
POLYLINE BLACK
-13.503	1.074
-13.323	0.924
POLYLINE BLACK
-14.103	0.354
-14.013	0.204
-13.953	0.174
POLYLINE BLACK
-14.793	-0.006
-14.673	-0.186
-14.523	-0.306
POLYLINE BLACK
-15.543	-0.306
-15.333	-0.636
POLYLINE BLACK
-16.083	-0.426
-15.993	-0.846
-15.993	-0.966
POLYLINE BLACK
-14.223	4.344
-14.223	4.554
-14.133	4.734
-14.073	4.764
POLYLINE BLACK
-14.043	4.284
-14.073	4.404
POLYLINE BLACK
-14.883	4.224
-14.553	4.284
-14.313	4.224
-14.253	4.254
-14.133	4.224
-14.013	4.224
-13.893	4.194
-13.833	4.194
-13.773	4.134
-13.623	4.134
-13.563	4.104
POLYLINE BLACK
-12.693	2.364
-12.663	2.244
-12.663	2.034
-12.753	1.854
-12.753	1.794
-13.023	1.524
-13.173	1.404
-13.173	1.344
-13.413	1.164
-13.443	1.074
-14.223	0.474
-14.343	0.444
-14.553	0.294
-14.673	0.294
-15.153	-0.036
-15.273	-0.066
-15.423	-0.156
-15.543	-0.246
-15.663	-0.276
-15.843	-0.336
-15.963	-0.366
-16.083	-0.396
-16.203	-0.396
-16.323	-0.486
-16.473	-0.486
-16.653	-0.546
-16.713	-0.606
-16.773	-0.606
-16.833	-0.666
-16.893	-0.666
-16.953	-0.726
-17.073	-0.756
-17.193	-0.816
-17.313	-0.786
-17.733	-0.876
-17.853	-0.906
-17.913	-0.876
-18.033	-0.906
POLYLINE BLACK
-12.353	5.554
-12.453	5.514
-12.473	5.474
-12.653	5.454
-12.853	5.394
-12.893	5.414
-12.933	5.394
-12.973	5.414
-13.013	5.374
-13.093	5.374
-13.313	5.314
-13.393	5.314
-13.473	5.274
POLYLINE BLACK
-15.023	7.604
POLYLINE BLACK
-15.373	-2.286
-15.413	-2.306
POLYLINE BLACK
-13.393	6.414
POLYLINE BLACK
-11.343	6.954
POLYLINE BLACK
-9.573	4.264
POLYLINE ORANGE
-6.225	6.630
-6.315	6.750
-6.435	6.750
-6.525	6.660
-6.555	6.600
-6.465	6.480
-6.255	6.510
-6.195	6.480
-6.135	6.540
-6.135	6.750
POLYLINE ORANGE
-7.485	6.720
-7.605	6.720
-7.695	6.630
-7.875	6.540
-7.755	6.450
-7.635	6.420
-7.515	6.390
-7.395	6.390
-7.305	6.510
-7.305	6.630
-7.575	6.720
POLYLINE ORANGE
-9.015	4.850
-8.985	4.860
-8.895	4.920
-8.775	4.990
-8.725	5.030
-8.325	5.170
-8.265	5.190
-8.215	5.190
-8.125	5.220
-8.065	5.220
-8.025	5.230
-7.995	5.220
-7.955	5.230
-7.895	5.190
-7.835	5.110
-7.775	4.980
-7.775	4.950
-7.755	4.930
-7.715	4.810
-7.695	4.790
-7.675	4.740
-7.575	4.600
-7.565	4.560
-7.675	4.470
-7.695	4.470
-7.805	4.420
-7.955	4.390
-8.145	4.510
-8.355	4.660
-8.525	4.700
-8.695	4.780
-8.825	4.860
-8.875	4.890
-8.905	4.890
-8.955	4.910
POLYLINE ORANGE
-9.665	4.680
-9.555	4.730
-9.375	4.760
-9.335	4.750
-9.205	4.760
-8.925	4.720
-8.865	4.690
-8.845	4.690
-8.685	4.620
-8.515	4.570
-8.425	4.540
-8.355	4.470
-8.345	4.420
-8.395	4.370
-8.505	4.300
-8.625	4.250
-8.815	4.210
-8.935	4.170
-8.985	4.130
-9.115	4.090
-9.245	4.010
-9.265	4.010
-9.315	3.990
-9.355	3.960
POLYLINE ORANGE
-9.695	4.640
-9.485	4.290
-9.235	3.880
POLYLINE ORANGE
-11.445	7.550
POLYLINE ORANGE
-10.175	6.440
-10.185	6.460
-10.175	6.420
-10.005	6.090
-9.675	5.520
-9.675	5.500
-9.645	5.530
-9.595	5.550
-9.435	5.680
-9.225	5.920
-9.025	6.210
-8.975	6.250
-8.915	6.270
-8.815	6.340
-8.625	6.370
-8.495	6.400
-8.395	6.490
-8.325	6.640
-8.275	6.830
-8.275	6.910
-8.285	6.930
-8.305	7.120
-8.315	7.150
POLYLINE ORANGE
-10.095	6.450
-9.465	6.680
-9.435	6.680
-9.245	6.740
-8.995	6.780
-8.585	6.920
-8.485	6.970
-8.405	6.980
POLYLINE ORANGE
-11.605	5.850
-11.445	5.640
-11.415	5.570
-11.385	5.450
-11.345	5.340
-11.345	5.310
-11.295	5.210
-11.255	5.180
-11.205	5.180
-11.115	5.160
-11.035	5.160
-10.865	5.120
-10.825	5.120
-10.785	5.110
-10.735	5.110
-10.435	5.230
-10.145	5.390
-10.035	5.440
-9.865	5.580
-9.845	5.600
-10.015	5.950
-10.125	6.170
-10.255	6.370
-10.345	6.470
-10.355	6.500
POLYLINE ORANGE
-11.475	5.940
-11.455	5.940
-11.155	6.100
-10.925	6.170
-10.805	6.190
-10.615	6.260
-10.495	6.350
-10.315	6.410
-10.255	6.410
POLYLINE ORANGE
-9.875	3.600
-9.905	3.600
-9.925	3.620
-9.945	3.620
-10.045	3.740
-10.115	3.900
-10.125	3.990
-10.165	4.190
-10.225	4.280
-10.315	4.550
-10.365	4.610
-10.365	4.680
-10.355	4.750
-10.345	4.840
-10.335	4.860
-10.345	4.900
-10.335	4.940
-10.305	4.910
-10.245	4.910
-10.185	4.860
-10.165	4.860
-10.125	4.830
-10.055	4.830
-9.925	4.660
-9.865	4.530
-9.845	4.510
-9.825	4.460
-9.765	4.370
-9.745	4.310
-9.695	4.230
-9.665	4.180
-9.605	4.080
-9.525	3.960
-9.515	3.870
-9.585	3.780
-9.635	3.740
-9.685	3.710
-9.735	3.650
-9.755	3.650
-9.845	3.580
-9.885	3.570
-9.905	3.550
POLYLINE BLACK
-9.925	3.580
-9.655	3.670
-9.535	3.760
-9.475	3.760
-9.325	3.850
-9.085	3.910
-8.965	4.000
-8.875	4.000
-8.755	4.090
-8.695	4.090
-8.155	4.360
-8.095	4.330
-7.855	4.330
-7.795	4.360
-7.735	4.330
-7.675	4.360
-7.585	4.270
POLYLINE BLACK
-12.355	5.560
-12.265	5.650
-12.175	5.650
-11.785	5.830
-11.665	5.920
-11.605	5.920
-11.275	6.130
-10.945	6.280
-10.855	6.280
-10.405	6.490
-10.285	6.520
-10.015	6.640
-9.895	6.670
-9.685	6.730
-9.625	6.790
-9.445	6.790
-9.325	6.880
-9.265	6.880
-9.205	6.940
-8.935	6.970
-8.815	6.970
-8.635	7.060
-8.515	7.060
-8.395	7.090
-8.125	7.060
-8.065	7.030
-7.885	7.120
-7.615	7.120
-7.495	7.180
-7.405	7.180
-7.285	7.210
-7.135	7.210
-7.015	7.180
-6.895	7.210
-6.775	7.180
-6.595	7.240
-6.475	7.210
-6.235	7.240
-6.115	7.270
-5.845	7.390
-5.725	7.510
-5.365	7.750
-4.975	7.990
-4.735	8.170
POLYLINE BLACK
-5.485	5.890
POLYLINE BLACK
-4.795	6.340
POLYLINE BLACK
-4.615	7.090
POLYLINE BLACK
-4.915	6.940
POLYLINE BLACK
-5.515	6.400
POLYLINE BLACK
-6.205	5.740
POLYLINE BLACK
-6.655	5.320
POLYLINE BLACK
-5.455	5.800
POLYLINE BLACK
-5.455	6.130
POLYLINE BLACK
-5.995	5.980
POLYLINE BLACK
-6.625	5.680
POLYLINE BLACK
-6.925	4.930
POLYLINE BLACK
-6.475	5.230
POLYLINE BLACK
-6.115	5.380
POLYLINE BROWN
-5.485	6.820
POLYLINE BROWN
-6.145	6.040
POLYLINE BROWN
-7.075	5.380
POLYLINE BROWN
-7.135	4.810
POLYLINE BROWN
-6.865	4.780
POLYLINE BROWN
-6.265	5.440
POLYLINE BROWN
-4.795	6.610
POLYLINE BROWN
-4.735	6.760
POLYLINE BROWN
-4.945	6.760
POLYLINE BROWN
-5.935	6.250
POLYLINE BROWN
-6.985	5.290
POLYLINE BROWN
-7.045	4.870
POLYLINE BROWN
-6.625	5.320
POLYLINE BROWN
-5.995	6.010
POLYLINE BROWN
-5.635	6.430
POLYLINE BROWN
-5.335	6.820
POLYLINE BROWN
-5.095	7.240
POLYLINE BROWN
-4.555	6.760
POLYLINE BROWN
-4.855	6.400
POLYLINE BROWN
-5.485	6.010
POLYLINE BROWN
-6.085	5.500
POLYLINE BROWN
-6.355	5.140
POLYLINE BLACK
-5.395	5.320
-5.365	5.260
-5.335	5.350
-5.245	5.410
-5.125	5.590
-4.555	6.100
-4.375	6.220
-4.375	6.310
-4.195	6.430
-4.165	6.520
POLYLINE ORANGE
-3.895	7.960
POLYLINE ORANGE
-4.135	7.930
-4.405	8.140
-4.435	8.230
-4.705	8.320
-4.735	8.380
-4.765	8.230
-4.735	8.110
-4.675	7.990
-4.555	7.990
-4.435	7.900
-4.165	7.810
-4.045	7.540
POLYLINE ORANGE
-3.895	6.970
POLYLINE ORANGE
-4.015	7.240
-4.015	7.870
-3.865	8.020
-3.655	7.930
-3.655	7.810
-3.685	7.660
-3.895	7.390
-3.925	7.270
-3.865	7.060
-3.745	6.940
POLYLINE ORANGE
-3.925	7.270
-4.045	7.240
-4.105	7.180
-4.195	6.820
-4.285	6.610
-4.195	6.520
-3.955	6.610
-3.835	6.730
-3.745	6.760
-3.625	7.030
-3.745	7.240
-3.925	7.300
POLYLINE ORANGE
-3.805	7.210
POLYLINE ORANGE
-7.525	12.490
POLYLINE ORANGE
-6.235	4.600
-5.935	4.780
-5.845	4.660
-5.845	4.480
-6.025	4.210
-6.055	4.090
-6.175	4.120
-6.265	4.270
-6.295	4.330
-6.235	4.450
POLYLINE ORANGE
-6.475	4.450
-6.445	4.300
-6.775	4.450
-6.895	4.420
-6.775	4.150
-6.655	4.030
-6.535	4.000
-6.295	3.910
-6.085	3.910
-6.355	4.210
-6.415	4.210
POLYLINE ORANGE
-6.475	2.890
-6.595	2.950
-6.535	2.680
-6.415	2.560
-6.325	2.560
-6.025	2.290
-5.995	2.410
-5.995	2.560
-6.145	2.890
-6.325	3.040
-6.415	2.950
-6.475	2.950
POLYLINE ORANGE
-5.995	3.910
-6.055	3.970
-6.025	3.910
-5.965	3.910
-5.875	4.060
-5.635	4.180
-5.575	4.150
-5.515	4.180
-5.425	4.060
-5.515	3.940
-5.725	3.820
-5.785	3.880
-5.785	3.790
-5.815	3.880
-5.935	3.850
-5.965	3.910
-6.025	3.850
POLYLINE ORANGE
-6.655	3.880
-6.685	3.940
-7.135	4.060
-7.225	3.970
-7.285	3.790
-7.225	3.580
-6.895	3.370
-6.625	3.340
-6.415	3.130
-6.325	3.130
-6.205	3.100
-6.145	3.100
-6.085	3.220
-6.175	3.370
-6.205	3.610
-6.385	3.760
-6.625	3.940
-6.685	3.940
POLYLINE BLACK
-5.665	1.420
-5.725	1.390
-6.025	1.600
-6.175	1.780
-6.355	2.290
-6.745	3.070
-6.835	3.220
-6.985	3.370
-7.165	3.670
-7.465	4.000
-7.615	4.210
-7.675	4.240
POLYLINE BLACK
-5.245	3.940
-5.365	4.180
-5.365	4.270
-5.425	4.510
-5.425	4.810
-5.395	4.930
-5.395	5.080
-5.365	5.200
-5.335	5.320
-5.245	5.560
POLYLINE ORANGE
-5.605	2.770
-5.800	2.725
-5.875	2.695
-5.920	2.635
-5.920	2.530
-5.875	2.380
-5.680	2.350
-5.515	2.350
-5.425	2.305
-5.365	2.305
-5.320	2.290
-5.290	2.320
-5.275	2.440
-5.455	2.695
-5.620	2.785
POLYLINE ORANGE
-5.455	3.400
-5.620	3.520
-5.755	3.550
-5.830	3.550
-5.860	3.565
-5.935	3.460
-5.995	3.295
-6.025	3.250
-6.070	3.070
-5.905	2.935
-5.725	2.905
-5.590	2.905
-5.500	2.935
-5.395	2.950
-5.245	3.070
-5.200	3.130
-5.170	3.130
-5.155	3.160
-5.200	3.160
-5.350	3.265
-5.410	3.265
-5.470	3.325
POLYLINE ORANGE
-5.215	3.235
POLYLINE ORANGE
-5.155	2.455
-5.185	2.425
-5.305	2.395
-5.575	2.200
-5.665	2.110
-5.740	1.960
-5.770	1.870
-5.695	1.750
-5.590	1.750
-5.410	1.840
-5.335	1.870
-5.230	1.945
-5.170	1.945
-5.125	2.005
-5.140	2.350
-5.110	2.410
-5.230	2.440
POLYLINE ORANGE
-4.600	3.280
-4.765	3.280
-4.960	3.250
-5.050	3.220
-5.215	3.115
-5.365	2.980
-5.410	2.875
-5.395	2.815
-5.335	2.740
-5.230	2.680
-5.095	2.635
-4.810	2.680
-4.750	2.635
-4.585	2.650
-4.525	2.665
-4.480	2.725
-4.480	2.890
-4.570	3.160
-4.570	3.220
-4.585	3.250
POLYLINE ORANGE
-4.375	2.080
-4.375	2.140
-4.390	2.200
-4.495	2.320
-4.630	2.380
-4.690	2.380
-4.750	2.365
-4.870	2.260
-4.990	2.080
-5.020	2.005
-5.095	1.885
-5.065	1.870
-4.960	1.885
-4.795	1.945
-4.690	2.005
-4.660	2.005
-4.570	1.945
-4.450	1.975
-4.390	2.065
-4.375	2.170
-4.405	2.200
POLYLINE BLACK
-4.210	3.100
-4.225	3.130
-4.255	3.130
-4.315	3.175
-4.360	3.235
-4.510	3.370
-4.525	3.400
-4.630	3.490
-4.750	3.640
-4.780	3.685
-4.840	3.730
-4.990	3.910
-5.050	3.955
-5.080	3.955
-5.185	4.030
POLYLINE BLACK
-5.770	1.465
-5.740	1.435
-5.635	1.480
-5.455	1.585
-5.230	1.690
-5.200	1.720
-5.140	1.735
-4.975	1.735
-4.870	1.780
-4.810	1.765
-4.780	1.780
-4.645	1.780
-4.585	1.795
-4.450	1.795
-4.420	1.810
-4.270	1.810
-4.225	1.795
-4.135	1.840
-4.105	1.825
-4.060	1.825
-4.000	1.840
-3.970	1.840
-3.910	1.810
-3.850	1.810
-3.760	1.750
-3.745	1.690
-3.745	1.570
-3.775	1.510
-3.775	1.480
POLYLINE BLACK
-4.210	2.050
-4.230	2.010
-4.170	2.170
-4.110	2.250
POLYLINE BLACK
-4.110	2.230
-4.150	2.230
POLYLINE BLACK
-3.750	2.130
-3.850	2.030
-3.890	2.030
POLYLINE BLACK
-3.530	1.790
-3.550	1.830
-3.630	1.750
-3.650	1.690
POLYLINE BLACK
-2.970	1.710
-3.150	1.590
-3.190	1.510
POLYLINE BLACK
-2.670	1.510
-2.750	1.530
-2.870	1.450
-2.890	1.390
POLYLINE BLACK
-2.290	1.330
-2.370	1.290
-2.490	1.110
POLYLINE BLACK
-2.030	1.330
-2.170	1.050
-2.230	0.870
POLYLINE BLACK
-1.470	1.230
-1.590	0.950
-1.590	0.910
POLYLINE BLACK
-1.030	1.210
-1.150	0.850
POLYLINE BLACK
-0.630	1.330
-0.610	1.130
-0.590	1.030
POLYLINE BLACK
-0.270	1.550
-0.210	1.310
POLYLINE BLACK
-0.090	1.830
-0.090	1.790
0.010	1.650
0.030	1.550
POLYLINE BLACK
0.170	2.150
0.310	1.930
POLYLINE BLACK
0.270	2.550
0.270	2.490
0.310	2.490
0.510	2.290
POLYLINE BLACK
0.450	2.950
0.510	2.870
0.650	2.770
POLYLINE BLACK
0.450	3.190
0.450	3.150
0.490	3.170
0.650	3.110
0.690	3.070
POLYLINE BLACK
0.510	3.450
0.610	3.450
0.770	3.370
POLYLINE BLACK
-1.270	1.150
-1.230	1.130
-1.190	1.170
-1.110	1.190
-0.990	1.270
-0.910	1.270
-0.870	1.310
-0.830	1.290
-0.750	1.350
-0.710	1.330
-0.710	1.370
-0.630	1.370
-0.530	1.410
-0.510	1.470
-0.390	1.510
-0.290	1.570
-0.150	1.730
-0.030	1.950
0.070	2.110
0.210	2.450
0.310	2.710
0.390	2.910
0.410	3.090
0.430	3.170
0.490	3.570
0.510	3.690
POLYLINE BLACK
-4.050	2.390
-4.030	2.330
-4.030	2.370
-3.550	2.010
-3.330	1.890
-3.230	1.870
-3.090	1.770
-2.950	1.750
-2.910	1.710
-2.790	1.690
-2.350	1.530
-2.250	1.470
-2.170	1.450
-2.130	1.450
-1.970	1.370
-1.670	1.270
-1.630	1.290
-1.450	1.230
-1.390	1.230
-1.270	1.190
-1.190	1.190
-1.150	1.170
POLYLINE ORANGE
1.330	1.450
1.290	1.450
1.150	1.390
1.030	1.390
0.910	1.350
0.850	1.350
0.630	1.270
0.370	1.190
0.330	1.150
0.290	1.010
0.330	0.910
0.490	0.810
0.570	0.790
0.810	0.850
0.930	0.930
1.150	1.030
1.210	1.030
1.390	1.090
1.590	1.090
1.710	1.130
1.770	1.130
1.850	1.170
1.850	1.210
1.750	1.310
1.470	1.430
1.390	1.430
1.310	1.450
POLYLINE ORANGE
-0.710	-0.630
-0.710	-0.590
-0.530	-0.190
-0.430	-0.070
-0.350	0.010
-0.150	0.170
-0.070	0.150
-0.030	0.150
0.050	0.050
0.130	0.030
0.270	-0.130
0.310	-0.250
0.310	-0.430
0.290	-0.510
0.330	-0.690
0.310	-0.790
0.430	-1.270
0.410	-1.350
0.330	-1.550
0.250	-1.610
-0.010	-1.470
-0.050	-1.470
-0.510	-1.250
-0.650	-1.090
-0.730	-0.930
-0.750	-0.850
-0.770	-0.750
-0.670	-0.590
POLYLINE BLUE
-1.190	3.410
-1.170	3.330
-1.110	3.150
-1.070	3.110
-0.970	3.170
-0.810	3.450
POLYLINE BLUE
-0.950	4.330
-1.030	4.330
-1.110	4.290
-1.170	4.210
-1.190	4.050
-1.130	3.990
-0.990	3.850
-0.990	3.770
-1.050	3.710
-1.130	3.650
-1.130	3.570
-1.090	3.470
-1.010	3.450
-0.990	3.390
-1.050	3.270
POLYLINE GREEN
-4.270	2.970
-4.190	3.030
-4.090	3.050
-4.030	3.130
-4.030	3.250
-4.050	3.370
-3.890	3.410
-3.870	3.450
-3.890	3.690
-3.910	3.730
-3.870	3.690
-3.730	3.710
-3.690	3.890
-3.690	3.990
-3.710	4.050
-3.610	4.070
-3.450	4.030
-3.390	4.150
-3.310	4.210
-3.270	4.210
-3.170	4.170
-3.090	4.110
-2.990	4.250
-2.870	4.310
-2.830	4.270
-2.790	3.990
-2.750	3.970
-2.470	4.110
-2.430	4.150
-2.250	3.910
-2.050	4.010
-2.010	4.050
-1.970	4.010
-1.910	3.830
-1.870	3.750
-1.690	3.970
-1.650	3.970
-1.630	3.870
-1.570	3.770
-1.490	3.750
-1.310	3.850
-1.170	3.630
-1.130	3.630
-0.930	3.770
-0.870	3.770
-0.730	3.670
-0.650	3.650
-0.590	3.630
-0.470	3.710
-0.410	3.790
-0.310	3.810
-0.110	3.810
-0.030	3.790
0.010	3.790
0.150	4.010
0.190	4.030
0.570	4.030
0.650	4.090
0.690	4.090
0.790	4.210
0.790	4.250
0.910	4.290
1.030	4.270
1.070	4.310
1.070	4.470
POLYLINE BLACK
-4.270	3.130
-4.230	3.150
-3.850	3.870
-3.570	4.310
-3.530	4.310
-3.390	4.430
-3.250	4.470
-2.930	4.490
-2.750	4.410
-2.650	4.390
-2.550	4.330
-2.370	4.270
-2.190	4.210
-2.130	4.150
-1.950	4.070
-1.770	3.950
-1.630	3.890
-1.530	3.830
-1.410	3.830
-1.210	3.770
-1.050	3.790
-0.790	3.790
-0.650	3.810
-0.550	3.810
-0.190	3.890
0.250	4.070
0.490	4.150
0.610	4.290
0.690	4.310
0.830	4.410
0.870	4.410
1.050	4.530
1.170	4.630
1.270	4.650
1.370	4.710
POLYLINE BLACK
-4.270	3.090
POLYLINE BLACK
-1.890	-3.250
-1.890	-3.030
-1.910	-2.990
-1.910	-2.830
-1.950	-2.690
-2.030	-2.250
-2.030	-2.150
-2.050	-2.110
-2.070	-1.890
-2.190	-1.310
-2.350	-0.830
-2.350	-0.770
-2.590	-0.230
-2.610	-0.150
-2.770	0.210
-2.830	0.290
-2.850	0.390
-2.910	0.490
-3.090	0.790
-3.330	1.110
-3.510	1.230
-3.630	1.330
-3.630	1.370
-3.670	1.410
-3.670	1.450
-3.750	1.530
-3.750	1.570
-3.810	1.670
POLYLINE BLACK
5.010	2.510
5.070	2.450
5.350	2.330
5.390	2.330
POLYLINE BLACK
-1.850	-3.130
-1.790	-3.110
-1.590	-3.250
-0.610	-3.630
0.730	-4.190
1.010	-4.270
1.310	-4.330
1.550	-4.410
1.930	-4.550
2.010	-4.570
2.190	-4.650
2.410	-4.670
2.590	-4.730
2.730	-4.730
2.850	-4.770
3.270	-4.770
3.310	-4.750
3.470	-4.770
3.550	-4.750
3.590	-4.750
POLYLINE BLACK
5.090	2.570
5.110	2.510
4.830	2.750
4.630	2.970
4.310	3.550
4.250	3.690
4.050	4.030
3.890	4.330
3.850	4.370
3.630	4.790
3.190	5.510
3.070	5.610
2.890	5.690
2.810	5.690
2.770	5.710
2.650	5.630
2.570	5.610
2.230	5.350
2.110	5.230
1.990	5.190
1.830	5.030
1.650	4.930
1.490	4.830
1.430	4.830
1.130	4.670
POLYLINE BLACK
-3.190	6.630
-3.250	6.710

ELEVATION
STATIONS
0.000	0.000	601.2
6.738	0.449	601.3
10.590	0.432	601.4
15.734	0.333	601.5
29.168	-0.204	601.6
40.896	0.862	601.7
54.653	1.186	601.8
63.193	0.443	601.9
74.617	1.637	601.10
SHOTS
63.193	0.443	74.617	1.637
74.617	1.637	74.945	0.957
74.617	1.637	73.869	1.905
74.617	1.637	74.650	2.067
74.617	1.637	75.061	0.081
54.653	1.186	63.193	0.443
63.193	0.443	62.627	0.444
63.193	0.443	63.627	1.712
63.193	0.443	64.916	0.754
63.193	0.443	63.069	-1.069
63.193	0.443	65.781	0.479
63.193	0.443	67.887	0.670
63.193	0.443	70.201	0.936
63.193	0.443	71.228	1.795
63.193	0.443	68.668	1.517
63.193	0.443	73.337	1.934
40.896	0.862	54.653	1.186
54.653	1.186	52.554	0.493
54.653	1.186	54.591	2.039
54.653	1.186	56.057	1.262
54.653	1.186	54.456	-0.360
54.653	1.186	55.265	1.485
54.653	1.186	63.343	0.724
54.653	1.186	59.304	0.970
54.653	1.186	60.087	0.789
54.653	1.186	59.121	1.872
29.168	-0.204	40.896	0.862
40.896	0.862	41.089	1.024
40.896	0.862	40.912	1.216
40.896	0.862	40.782	0.883
40.896	0.862	41.891	0.069
40.896	0.862	50.139	1.273
40.896	0.862	46.328	0.630
40.896	0.862	55.389	1.280
15.734	0.333	29.168	-0.204
29.168	-0.204	28.905	1.067
29.168	-0.204	26.975	0.639
29.168	-0.204	29.219	0.443
29.168	-0.204	28.911	-1.171
29.168	-0.204	23.000	-0.873
29.168	-0.204	25.331	-0.652
29.168	-0.204	20.142	0.324
29.168	-0.204	22.325	0.218
29.168	-0.204	18.136	-2.089
29.168	-0.204	22.332	-3.810
29.168	-0.204	26.103	-2.994
29.168	-0.204	23.269	-5.265
29.168	-0.204	25.714	-3.044
29.168	-0.204	39.032	1.118
29.168	-0.204	34.886	0.350
29.168	-0.204	35.609	0.965
29.168	-0.204	30.506	0.225
10.590	0.432	15.734	0.333
15.734	0.333	16.702	0.668
15.734	0.333	15.549	0.439
15.734	0.333	16.070	-1.140
15.734	0.333	15.878	1.077
15.734	0.333	24.126	0.531
15.734	0.333	19.459	0.183
15.734	0.333	17.776	0.252
15.734	0.333	25.380	-3.217
15.734	0.333	24.999	-2.958
15.734	0.333	21.121	-3.232
15.734	0.333	23.592	-3.264
6.738	0.449	10.590	0.432
10.590	0.432	8.827	0.510
10.590	0.432	12.970	0.705
10.590	0.432	10.575	0.607
10.590	0.432	10.470	-0.058
10.590	0.432	9.783	0.041
10.590	0.432	16.995	0.864
10.590	0.432	15.754	0.712
0.000	0.000	6.738	0.449
6.738	0.449	4.968	0.436
6.738	0.449	4.163	0.368
6.738	0.449	5.238	0.652
6.738	0.449	5.085	0.575
6.738	0.449	6.971	0.386
0.000	0.000	5.265	-0.259
0.000	0.000	0.578	-0.054
0.000	0.000	0.983	0.705
0.000	0.000	3.559	-1.923
0.000	0.000	1.321	-2.352
0.000	0.000	1.547	-1.434
0.000	0.000	-3.266	0.686
0.000	0.000	-5.521	0.024
0.000	0.000	4.060	0.270
0.000	0.000	5.302	0.130
0.000	0.000	1.540	-1.327
POLYLINE BLACK
54.415	-0.430
54.865	-0.430
55.065	-0.480
55.365	-0.480
55.465	-0.430
55.665	-0.480
55.865	-0.480
56.415	-0.630
57.715	-0.630
57.915	-0.730
58.065	-0.730
58.265	-0.680
58.465	-0.730
58.565	-0.680
58.815	-0.730
59.215	-0.780
59.515	-0.780
60.065	-0.880
61.215	-0.880
61.515	-0.780
61.765	-0.830
61.965	-0.780
62.365	-0.930
62.465	-0.880
62.565	-0.980
62.665	-0.930
62.865	-1.130
63.065	-1.080
63.165	-1.130
POLYLINE BLACK
57.465	2.170
57.515	2.070
57.715	2.020
57.815	2.070
58.015	2.020
58.215	2.070
58.415	2.120
58.615	2.070
58.715	2.120
59.315	1.970
59.865	1.870
59.965	1.920
60.165	1.770
60.365	1.820
60.565	1.770
61.015	1.770
61.115	1.820
61.515	1.770
61.965	1.770
62.165	1.720
62.365	1.770
62.465	1.720
62.765	1.820
63.265	1.720
63.365	1.670
63.465	1.720
63.665	1.620
POLYLINE BLACK
41.115	0.520
41.115	0.370
41.265	0.220
41.365	0.220
41.465	0.120
41.565	0.220
42.215	0.170
42.315	0.270
42.515	0.220
42.815	0.320
43.015	0.320
43.115	0.370
43.215	0.320
43.315	0.370
43.965	0.370
44.165	0.420
44.415	0.370
44.615	0.470
44.815	0.370
45.015	0.420
45.215	0.470
45.315	0.420
45.515	0.470
45.715	0.470
45.815	0.520
46.215	0.270
46.415	0.320
46.615	0.220
46.815	0.270
47.065	0.320
47.165	0.370
47.265	0.320
47.365	0.370
47.565	0.320
47.865	0.320
47.965	0.370
48.265	0.270
48.415	0.270
48.615	0.320
48.815	0.370
48.915	0.420
49.265	0.320
49.415	0.370
49.815	0.320
49.965	0.370
50.265	0.220
50.515	0.220
50.865	0.120
51.065	0.170
51.415	0.120
51.615	0.020
51.815	0.020
52.015	-0.030
52.465	-0.080
52.765	-0.180
52.965	-0.130
53.165	-0.130
53.365	-0.180
53.815	-0.180
53.915	-0.230
53.965	-0.130
54.015	-0.230
54.315	-0.230
54.415	-0.280
POLYLINE BLACK
58.865	2.120
58.915	2.020
POLYLINE BLACK
41.065	1.070
41.415	1.120
41.615	1.070
41.815	1.070
41.915	1.120
42.265	1.120
42.365	1.220
42.665	1.220
43.065	1.370
43.365	1.320
43.615	1.420
43.715	1.370
43.915	1.420
44.215	1.420
44.415	1.470
44.565	1.470
44.865	1.370
44.965	1.470
45.165	1.420
45.915	1.420
46.215	1.520
46.365	1.520
46.565	1.470
46.765	1.470
47.065	1.570
47.465	1.620
47.665	1.620
47.865	1.670
48.065	1.670
48.165	1.620
48.365	1.670
48.565	1.670
48.665	1.620
49.015	1.670
49.165	1.670
49.265	1.720
49.365	1.670
49.565	1.720
49.765	1.670
50.115	1.720
50.715	1.720
51.015	1.870
51.215	1.820
51.365	1.820
51.565	1.870
51.865	1.920
52.115	1.870
52.415	1.970
52.715	1.970
53.065	2.070
53.265	2.020
53.665	2.070
53.965	2.070
54.215	2.120
54.415	2.070
54.565	2.070
54.765	2.020
54.965	2.070
55.165	2.020
55.315	2.020
55.515	1.970
55.715	2.020
56.065	2.020
56.265	2.070
56.465	2.020
56.765	2.070
57.265	2.120
57.615	2.170
POLYLINE BLACK
41.955	7.320
41.955	7.260
POLYLINE ORANGE
29.265	-0.990
29.265	-0.840
29.385	-0.570
29.505	-0.420
29.655	-0.330
30.015	-0.390
POLYLINE ORANGE
30.075	-0.720
30.165	-0.330
30.255	-0.150
30.405	-0.060
30.615	-0.060
30.885	-0.120
31.065	-0.180
31.125	-0.180
31.185	-0.330
31.185	-0.540
POLYLINE ORANGE
31.875	-0.390
31.815	-0.300
31.815	0.030
31.965	0.120
32.175	0.120
32.325	0.150
32.685	0.120
32.895	0.000
33.285	0.000
33.495	-0.060
33.555	-0.030
33.615	-0.060
POLYLINE ORANGE
38.775	0.090
38.655	0.120
38.565	0.240
38.535	0.390
38.565	0.510
38.745	0.630
38.895	0.630
39.165	0.600
39.285	0.600
39.435	0.570
39.735	0.570
39.855	0.480
POLYLINE ORANGE
35.475	0.210
35.625	0.210
36.255	0.360
36.405	0.330
36.555	0.300
36.825	0.300
POLYLINE ORANGE
36.885	0.060
36.885	0.060
36.855	0.360
37.035	0.480
37.275	0.480
37.455	0.510
37.845	0.510
38.025	0.450
38.115	0.450
38.205	0.360
38.295	0.180
POLYLINE ORANGE
34.155	-0.480
34.155	-0.390
34.065	0.030
34.095	0.210
34.215	0.240
34.455	0.270
34.515	0.240
34.725	0.270
34.935	0.270
35.055	0.300
35.175	0.270
35.325	0.090
POLYLINE BLACK
35.265	1.020
35.385	0.990
35.595	0.990
35.835	0.960
35.955	0.990
36.195	0.990
36.375	1.050
36.495	1.080
36.705	1.050
36.885	1.110
37.155	1.110
37.425	1.140
37.515	1.140
37.635	1.110
38.145	1.110
38.355	1.050
38.655	1.110
38.775	1.110
38.895	1.140
39.285	1.140
39.435	1.110
39.525	1.110
39.585	1.140
39.645	1.110
39.705	1.140
39.765	1.110
39.825	1.140
39.945	1.110
40.215	1.050
40.395	1.110
40.545	1.080
40.845	1.140
41.055	1.080
41.175	1.110
POLYLINE BLACK
33.405	-0.390
33.525	-0.420
33.615	-0.420
33.675	-0.390
33.855	-0.450
33.945	-0.450
34.185	-0.360
34.305	-0.390
34.425	-0.300
34.545	-0.330
34.875	-0.240
35.265	-0.180
35.385	-0.180
35.505	-0.150
35.625	-0.150
35.985	-0.060
36.255	0.000
36.735	0.000
36.855	0.030
37.155	0.000
37.275	0.030
37.425	0.060
37.695	0.060
37.815	0.030
38.025	0.090
38.145	0.060
38.205	0.090
38.325	0.060
38.415	0.060
38.535	0.120
38.655	0.090
39.135	0.180
39.195	0.150
39.705	0.240
39.885	0.270
40.005	0.240
40.275	0.240
40.455	0.300
40.515	0.270
40.605	0.300
40.845	0.240
40.965	0.270
41.085	0.240
POLYLINE BLACK
26.385	5.940
POLYLINE BLACK
26.625	6.120
POLYLINE BLACK
29.385	-0.930
29.505	-0.900
29.655	-0.810
29.835	-0.750
30.015	-0.750
30.285	-0.690
30.585	-0.690
30.855	-0.660
30.975	-0.660
31.065	-0.630
31.125	-0.660
31.335	-0.570
31.515	-0.570
31.725	-0.480
31.875	-0.510
32.295	-0.360
32.475	-0.360
32.535	-0.330
32.595	-0.360
32.715	-0.330
33.075	-0.330
33.135	-0.300
33.255	-0.330
33.555	-0.330
33.675	-0.360
33.795	-0.360
34.065	-0.420
POLYLINE BLACK
28.695	-1.380
28.815	-1.260
28.905	-1.110
29.085	-1.020
29.205	-0.990
29.415	-0.870
29.475	-0.900
29.535	-0.870
POLYLINE BLACK
26.565	0.600
26.625	0.600
26.775	0.660
26.895	0.660
27.015	0.690
27.135	0.630
27.225	0.720
27.345	0.750
27.795	0.900
27.855	0.960
28.095	0.990
28.575	1.080
28.695	1.050
28.845	1.050
29.025	1.110
29.175	1.080
29.445	1.140
29.565	1.140
29.805	1.200
29.955	1.200
30.615	1.320
30.675	1.290
30.825	1.320
31.065	1.320
31.125	1.350
31.245	1.320
31.575	1.320
31.725	1.290
31.935	1.350
32.055	1.320
32.595	1.320
32.715	1.290
32.925	1.350
33.045	1.350
33.375	1.260
33.495	1.290
34.005	1.200
34.125	1.200
34.245	1.170
34.515	1.170
34.635	1.080
34.755	1.110
34.995	1.020
35.145	1.050
35.265	1.020
35.445	0.990
35.595	1.020
35.715	0.960
POLYLINE ORANGE
26.055	1.410
POLYLINE BLACK
28.995	-1.440
28.875	-1.440
28.755	-1.560
28.605	-2.040
28.545	-2.340
28.425	-2.520
28.365	-2.730
28.365	-2.880
28.335	-3.000
28.275	-3.300
28.215	-3.600
28.215	-3.690
28.185	-3.810
28.185	-4.110
28.155	-4.230
28.095	-4.530
28.095	-4.530
28.125	-4.860
28.155	-5.190
28.185	-5.310
28.215	-5.760
28.245	-5.910
28.245	-6.270
28.275	-6.420
28.275	-6.630
28.305	-6.810
28.305	-7.170
POLYLINE BLACK
29.025	-1.350
POLYLINE BLACK
28.965	-1.380
POLYLINE BLACK
28.155	-8.940
28.185	-8.820
28.155	-8.700
28.305	-8.550
28.365	-8.550
28.515	-8.730
28.545	-8.880
28.605	-8.610
28.695	-8.490
28.755	-8.490
28.845	-8.670
28.845	-8.760
28.905	-8.880
POLYLINE BLACK
27.315	-8.610
27.315	-8.550
27.465	-8.550
27.645	-8.460
27.705	-8.490
27.765	-8.460
27.825	-8.520
27.825	-8.640
27.765	-8.700
27.945	-8.820
28.035	-8.940
28.035	-9.000
27.885	-9.090
27.705	-9.150
27.585	-9.120
27.525	-9.120
POLYLINE BLACK
27.045	-8.610
27.225	-9.150
27.285	-9.150
POLYLINE BLACK
25.755	-9.450
25.755	-9.300
25.845	-9.090
25.965	-9.000
26.055	-9.000
26.115	-8.970
26.805	-9.060
26.925	-8.940
POLYLINE ORANGE
24.585	-3.300
24.975	-3.360
25.305	-3.360
25.365	-3.390
25.485	-3.360
25.695	-3.210
25.695	-3.390
25.725	-3.480
25.665	-4.110
25.665	-4.230
25.455	-4.620
24.675	-5.370
POLYLINE ORANGE
22.365	-2.820
22.425	-2.850
22.485	-2.820
22.725	-3.000
22.935	-3.090
23.505	-3.210
23.655	-3.210
23.835	-3.270
24.105	-3.210
24.375	-3.240
24.525	-3.240
24.765	-3.150
24.855	-3.240
24.945	-3.480
24.975	-3.750
24.945	-3.900
24.915	-4.110
24.795	-4.410
24.735	-4.470
24.705	-4.620
24.585	-4.860
24.585	-4.950
24.465	-5.220
24.435	-5.430
24.285	-5.670
POLYLINE ORANGE
20.235	-2.670
20.655	-2.730
20.925	-2.700
21.525	-2.730
21.645	-2.730
21.795	-2.700
22.245	-2.790
22.425	-3.150
22.605	-3.720
22.605	-3.810
POLYLINE BLACK
23.865	-5.190
24.195	-5.550
24.465	-5.910
24.495	-6.030
24.555	-6.090
24.585	-6.210
24.615	-6.330
24.675	-6.660
24.705	-6.900
24.735	-6.960
24.735	-7.110
24.765	-7.230
24.765	-7.380
24.795	-7.500
24.825	-7.620
24.855	-7.770
24.915	-8.310
24.945	-8.580
24.975	-8.700
25.005	-8.820
POLYLINE BLACK
18.285	-2.190
18.315	-2.130
18.645	-2.280
18.765	-2.250
19.005	-2.340
19.365	-2.400
19.605	-2.460
19.665	-2.520
19.845	-2.520
20.025	-2.640
20.175	-2.670
20.235	-2.730
20.355	-2.760
20.505	-2.820
20.805	-3.030
20.865	-3.030
20.925	-3.120
21.045	-3.150
21.165	-3.240
21.285	-3.270
21.555	-3.420
21.735	-3.540
21.825	-3.540
21.945	-3.630
22.065	-3.660
22.125	-3.720
22.275	-3.750
22.545	-3.900
22.845	-4.110
23.175	-4.380
23.295	-4.500
23.505	-4.680
23.685	-4.860
23.775	-4.890
24.015	-5.190
POLYLINE BLACK
9.435	3.360
9.405	3.300
9.405	3.360
POLYLINE BLACK
10.335	-0.300
10.575	-0.390
10.935	-0.390
11.055	-0.360
11.175	-0.390
11.565	-0.330
11.775	-0.360
11.925	-0.390
12.105	-0.390
12.435	-0.480
12.645	-0.510
12.765	-0.540
12.885	-0.540
13.005	-0.570
13.395	-0.660
13.455	-0.690
13.575	-0.660
13.785	-0.720
13.995	-0.720
14.055	-0.750
14.205	-0.750
14.295	-0.780
14.355	-0.750
14.415	-0.780
14.475	-0.750
14.595	-0.780
14.865	-0.810
15.045	-0.840
15.105	-0.810
15.375	-0.900
15.855	-1.020
16.065	-1.080
16.125	-1.140
16.335	-1.200
16.545	-1.320
16.665	-1.350
16.965	-1.470
17.025	-1.440
17.265	-1.560
17.325	-1.560
17.445	-1.650
17.505	-1.650
17.655	-1.740
17.955	-1.890
18.015	-1.950
18.285	-2.100
18.345	-2.100
18.465	-2.190
POLYLINE BLACK
16.155	0.810
16.425	0.750
16.485	0.690
16.545	0.720
16.725	0.660
16.845	0.660
17.175	0.600
17.955	0.600
18.015	0.630
18.075	0.570
18.345	0.510
18.525	0.570
18.675	0.510
19.125	0.510
19.245	0.540
19.395	0.540
19.455	0.510
19.575	0.540
19.755	0.540
19.875	0.510
20.145	0.510
20.265	0.570
20.385	0.540
20.445	0.570
20.745	0.510
21.045	0.600
21.195	0.600
21.315	0.540
21.555	0.570
21.765	0.600
21.825	0.570
22.215	0.570
22.335	0.600
22.425	0.600
22.545	0.630
22.665	0.660
22.935	0.600
23.085	0.570
23.145	0.600
23.265	0.600
23.385	0.570
23.655	0.570
23.715	0.540
23.865	0.540
23.985	0.510
24.195	0.510
24.345	0.540
24.555	0.450
24.675	0.510
24.795	0.480
25.035	0.480
25.095	0.510
25.695	0.510
25.815	0.540
25.995	0.540
26.115	0.570
26.295	0.570
26.505	0.600
26.685	0.600
26.745	0.630
26.805	0.600
POLYLINE BLACK
10.065	5.520
POLYLINE BLACK
3.765	6.690
POLYLINE BLACK
5.805	-0.270
5.865	-0.300
5.985	-0.270
6.135	-0.270
6.255	-0.240
6.525	-0.240
6.705	-0.180
6.765	-0.180
6.825	-0.120
POLYLINE BLACK
6.555	-0.330
6.255	-0.150
6.135	-0.180
6.015	-0.150
5.835	-0.210
5.685	-0.210
5.265	-0.360
5.205	-0.330
5.085	-0.360
4.875	-0.360
4.755	-0.450
4.575	-0.450
POLYLINE BLACK
10.305	0.570
10.215	0.570
10.005	0.630
9.795	0.630
9.675	0.600
9.225	0.600
8.955	0.630
8.445	0.630
8.235	0.690
7.905	0.660
7.515	0.660
7.455	0.630
7.395	0.660
7.275	0.630
7.005	0.660
6.825	0.600
6.735	0.600
6.555	0.540
6.465	0.540
6.405	0.570
6.285	0.510
6.165	0.540
5.895	0.570
5.775	0.570
5.715	0.510
5.595	0.540
5.445	0.510
5.325	0.540
5.085	0.450
4.965	0.480
4.905	0.450
4.845	0.480
POLYLINE BLACK
9.945	-0.390
10.305	-0.300
10.365	-0.330
10.545	-0.270
10.755	-0.270
10.815	-0.240
POLYLINE BLACK
10.245	-0.270
10.185	-0.360
10.065	-0.360
9.975	-0.390
9.915	-0.360
9.825	-0.390
9.765	-0.360
9.705	-0.420
9.255	-0.300
9.135	-0.300
9.015	-0.270
8.895	-0.240
8.625	-0.180
8.505	-0.180
8.355	-0.150
8.025	-0.150
7.875	-0.120
7.755	-0.120
7.485	-0.060
7.395	-0.060
7.275	-0.030
7.065	-0.030
7.005	0.000
6.945	-0.030
6.885	0.000
6.615	-0.060
POLYLINE BLACK
10.485	0.570
10.515	0.510
10.635	0.510
10.965	0.600
11.175	0.600
11.385	0.660
11.535	0.690
11.655	0.660
11.925	0.630
12.075	0.600
12.195	0.600
12.285	0.570
12.345	0.600
12.495	0.570
12.795	0.570
12.915	0.540
12.975	0.570
13.125	0.540
13.455	0.540
13.575	0.570
13.695	0.570
13.815	0.540
14.115	0.600
14.475	0.660
14.745	0.660
14.925	0.690
15.045	0.690
15.165	0.720
15.285	0.720
15.435	0.750
15.645	0.750
15.765	0.780
16.035	0.840
16.125	0.870
16.185	0.840
16.305	0.870
16.425	0.840
16.515	0.870
POLYLINE ORANGE
-2.265	3.495
